# num_image x_src y_src, sep, ein, fr, zs, fs, flag_out, frac_sh_trunc
# x_img, y_img, mag, delay, n_i, kappa, gamma1, gamma2, kappa*
# zmin, zmax, log10Mhmin, log10Mhmax, log10mshmin, log10mshmax, n_bins: 0.10, 3.00, 10.00, 16.00, 9.00, 16.00, 100
3 -9.110980e-02  2.125490e-02  7.038292e-01  3.109534e-01  5.424101e-01  3.734630e+00 6 3 -1.000000e+00
 2.521119e-01 -5.510663e-02 -5.413376e+00  3.957611e+00  5.000000e-01  6.110786e-01 -5.486328e-01  1.870551e-01  3.631867e-01
-4.265341e-01  1.314813e-01  2.936269e+00  0.000000e+00  0.000000e+00  3.253386e-01 -3.012494e-01  1.544298e-01  1.296340e-01
 1.046576e-02 -3.143856e-03  2.454102e-02  5.091528e+00  1.000000e+00  7.489986e+00 -7.665470e-01  8.855595e-01  6.940016e+00
1  5.742359e+00  7.863774e-01  0.000000e+00  3.312368e+00  0.000000e+00  6.583540e+00 0 2  2.853634e-01
 4.570191e+00  7.008936e+00  3.107249e+00  0.000000e+00  0.000000e+00  3.739884e-01  1.263959e-01 -2.325651e-01  3.315304e-04
3  2.416500e-01  6.143273e-01  9.607120e-01  3.762525e-01  2.213633e-01  4.858410e+00 6 1  2.828696e-01
 6.737418e-01 -4.308192e-01  2.056561e+00  0.000000e+00  0.000000e+00  2.675586e-01 -1.339836e-01  1.796387e-01  9.299986e-03
-1.274380e-01  9.934905e-02 -4.552470e-01  5.878614e+01  5.000000e-01  1.312291e+00 -5.236763e-01  1.421231e+00  5.462676e-01
-1.197457e-02  1.024760e-02  5.538684e-03  6.064010e+01  1.000000e+00  1.603305e+01  1.081941e-01  6.740366e+00  1.436230e+01
1  7.349690e-01 -7.468831e-01  0.000000e+00  5.180979e-01  0.000000e+00  6.619330e+00 0 2  2.778476e-01
 6.033172e-01 -4.119753e-01  6.821271e+00  0.000000e+00  0.000000e+00  4.366821e-01  2.499678e-02  4.124342e-01  7.236439e-03
3  2.897762e-01 -2.963987e-01  1.193193e+00  6.558118e-01  1.144237e-01  4.451450e+00 6 1 -1.000000e+00
 6.820274e-01 -5.452710e-01  2.517640e+00  0.000000e+00  0.000000e+00  2.463024e-01 -1.957181e-02  4.128918e-01  1.171381e-02
-2.288036e-01  2.255057e-01 -2.880777e-01  5.744219e+01  5.000000e-01  5.410387e-01  1.217296e-01  1.914971e+00  1.772357e-01
-7.355058e-04  5.776902e-04  6.931076e-06  8.247224e+01  1.000000e+00  3.897142e+02 -5.639042e+01  6.034158e+01  3.885592e+02
3 -4.809422e-02 -2.978200e-01  9.053027e-01  3.550551e-01  2.283562e-01  5.784150e+00 6 1 -1.000000e+00
-1.324540e-02 -7.341681e-01  1.560329e+00  0.000000e+00  0.000000e+00  1.959004e-01  4.697494e-02 -5.898366e-02  7.581094e-03
 4.363991e-02  1.693456e-01 -3.563108e-01  4.624715e+01  5.000000e-01  7.584191e-01  1.430742e+00 -9.043650e-01  3.679140e-01
 5.720504e-04  2.966272e-03  1.651405e-04  5.243117e+01  1.000000e+00  8.126624e+01  1.753125e+01 -8.937249e+00  8.026072e+01
2 -3.269029e-01 -2.452986e-02  1.208458e+00  5.909604e-01  3.007924e-01  4.153390e+00 6 1 -1.000000e+00
-8.411614e-01 -2.130410e-01  1.789599e+00  0.000000e+00  0.000000e+00  2.132059e-01 -2.321296e-01 -7.985300e-02  7.477762e-03
 3.522001e-01 -2.262044e-02 -5.382980e-01  8.448412e+01  5.000000e-01  4.639907e-01 -1.439764e+00  2.685006e-01  1.127814e-01
3  2.157556e-01  2.337635e-01  9.030843e-01  4.259695e-01  7.348043e-02  6.884160e+00 6 2 -1.000000e+00
 4.303701e-01  5.391713e-01  3.246108e+00  0.000000e+00  0.000000e+00  3.132132e-01  6.311114e-02 -3.995395e-01  1.746537e-02
-1.483374e-01 -1.541244e-01 -2.385254e-01  5.925083e+01  5.000000e-01  9.635107e-01  8.290098e-02 -2.046188e+00  4.284302e-01
-1.282581e-03 -1.329194e-03  3.234354e-05  7.321519e+01  1.000000e+00  1.936890e+02  4.006247e-01 -7.880869e+01  1.921109e+02
2 -1.262933e+00 -2.955731e+00  7.769653e+00  2.903500e+00  2.601326e-04  9.945160e+00 6 2 -1.000000e+00
-3.188063e+00 -7.014034e+00  3.279440e+00  0.000000e+00  0.000000e+00  3.891324e-01  9.427280e-02 -2.436017e-01  2.247621e-05
 2.058596e-02  6.212894e-02 -8.530893e-04  7.457703e+03  5.000000e-01  1.868169e+01  2.916934e+01 -2.517940e+01  1.468286e+01
3 -1.164785e-01  1.179136e+00  9.315000e-01  4.259912e-01  4.625436e-01  8.473680e+00 6 3  2.778239e-01
 2.358522e-01 -1.670865e-01 -2.046567e+00  3.576568e+01  5.000000e-01  6.944760e-01 -2.024031e-01  7.355276e-01  7.206760e-02
-5.754973e-01  2.905205e-01  4.424593e+00  0.000000e+00  0.000000e+00  4.908141e-01 -8.434063e-02  1.617018e-01  7.772773e-03
 7.178010e-04 -4.602562e-04  5.370783e-05  5.402163e+01  1.000000e+00  1.393653e+02 -9.476733e+00  2.087824e+01  1.373116e+02
3  2.996078e-01  1.199631e+00  3.178354e+00  1.455809e+00  3.609197e-02  4.443000e+00 6 2 -1.000000e+00
 8.299199e-01  2.610737e+00  4.077563e+00  0.000000e+00  0.000000e+00  4.187252e-01  2.685040e-01 -1.433230e-01  1.476149e-03
-8.140707e-02 -4.341628e-01 -1.471673e-01  7.896325e+02  5.000000e-01  1.143638e+00  2.333264e+00 -1.171111e+00  2.822762e-01
-1.930478e-04 -4.610328e-03  2.441294e-05  8.710287e+02  1.000000e+00  2.108057e+02  4.770324e+01  2.794540e+01  2.087934e+02
3  4.439481e-01  1.737210e-01  1.721371e+00  5.121388e-01  5.352332e-01  4.106570e+00 6 1 -1.000000e+00
-3.378833e-01 -8.184749e-02 -8.927217e-01  2.055387e+02  5.000000e-01  6.219040e-01 -1.053117e+00 -3.925189e-01  9.176642e-02
 1.200791e+00  6.899039e-01  1.667912e+00  0.000000e+00  0.000000e+00  2.226848e-01 -6.825593e-02 -2.807660e-03  2.038526e-03
-3.159968e-03 -1.496944e-03  1.660803e-04  2.366364e+02  1.000000e+00  7.912814e+01  8.874412e+00  2.017220e+00  7.741686e+01
3 -2.885815e-02 -3.704780e-01  9.074654e-01  3.298532e-01  1.205602e-01  5.183960e+00 6 1 -1.000000e+00
-3.745957e-02 -7.539574e-01  1.499654e+00  0.000000e+00  0.000000e+00  1.784789e-01  8.568473e-02 -2.710596e-02  1.082476e-02
 3.177350e-04  4.617623e-03  2.474342e-04  1.760354e+02  1.000000e+00  6.832285e+01  2.199495e+01 -2.666478e+00  6.770588e+01
 1.183667e-02  1.521680e-01 -1.807987e-01  1.616659e+02  5.000000e-01  1.007774e+00  2.318091e+00 -3.969000e-01  7.015915e-01
5  1.431903e-01 -3.936554e-01  3.070209e+00  1.077649e+00  1.000000e+00  8.770070e+00 6 1 -1.000000e+00
 3.466960e-02 -1.120445e+00 -2.002527e+00  3.881855e+01  5.000000e-01  5.109181e-01  8.393298e-01  1.846502e-01  2.811059e-02
-1.270999e+00 -8.997487e-01  2.757598e+00  2.411961e+01  0.000000e+00  3.483861e-01  1.668945e-01 -1.846955e-01  2.383897e-02
 1.729224e+00 -2.479460e-01  2.301720e+00  0.000000e+00  0.000000e+00  3.138909e-01  2.396318e-02  1.889807e-01  9.783838e-03
-1.384418e-01  5.725232e-01 -3.516426e-01  1.209626e+02  5.000000e-01  7.482135e-01  1.497954e+00  8.144480e-01  1.397014e-01
-5.416910e-04  2.120574e-03  4.862556e-05  1.746054e+02  1.000000e+00  1.451634e+02  1.195648e+01 -8.649644e+00  1.435312e+02
1  7.099965e-01  6.010237e-01  0.000000e+00  1.108218e+00  0.000000e+00  6.812680e+00 0 2 -1.000000e+00
 1.519706e+00  1.117718e+00  4.614545e+00  0.000000e+00  0.000000e+00  4.031502e-01 -6.309963e-02 -3.681603e-01  8.986858e-03
3 -8.702880e-03  2.378488e-01  5.452924e-01  2.165605e-01  1.194368e-01  6.571020e+00 6 1 -1.000000e+00
 6.880069e-03  4.467660e-01  1.475661e+00  0.000000e+00  0.000000e+00  1.580983e-01  1.763340e-01  6.504188e-03  1.550924e-02
 1.317375e-02 -9.849008e-02 -1.762482e-01  3.761643e+01  5.000000e-01  1.029505e+00  2.332607e+00  4.833546e-01  7.967931e-01
 6.032862e-04 -3.868337e-03  4.522952e-04  4.081802e+01  1.000000e+00  5.121556e+01  1.534429e+01  8.672366e+00  5.078632e+01
3  3.428439e-01  1.428715e+00  2.691225e+00  1.342365e+00  4.513875e-03  9.243540e+00 6 2 -1.000000e+00
 1.517172e+00  1.944929e+00  8.846954e+00  0.000000e+00  0.000000e+00  3.700957e-01  3.200926e-01 -4.257780e-01  2.401127e-03
-4.474712e-02 -2.466687e-01 -3.993404e-02  5.520475e+02  5.000000e-01  3.082053e+00  4.996375e+00 -2.100589e+00  1.693498e+00
-2.222385e-03 -1.392459e-02  1.461099e-04  5.668649e+02  1.000000e+00  9.557735e+01  4.445710e+01 -1.114793e+01  9.281195e+01
1 -3.229132e-01 -2.088405e-01  0.000000e+00  1.209053e-01  0.000000e+00  4.457860e+00 0 2  2.772976e-01
 2.297249e-01 -2.085343e-01  4.191944e+00  0.000000e+00  0.000000e+00  4.728412e-01 -1.784321e-01 -8.663478e-02  8.478242e-03
3 -2.744901e-01  5.275434e-01  1.712307e+00  9.688178e-01  2.143114e-01  8.155240e+00 6 1 -1.000000e+00
-8.839335e-01  1.039591e+00  1.804047e+00  0.000000e+00  0.000000e+00  2.284315e-01  1.602222e-01  1.238452e-01  1.435556e-02
 1.952681e-01 -2.898150e-01 -3.866279e-01  8.567537e+01  5.000000e-01  7.433124e-01  9.980467e-01  1.286957e+00  4.024596e-01
 8.564199e-03 -8.813874e-03  7.795764e-04  9.485067e+01  1.000000e+00  3.959196e+01 -6.777602e+00  1.267501e+01  3.893233e+01
1 -9.875543e+00  5.845894e+00  0.000000e+00  7.480929e+00  0.000000e+00  7.671520e+00 0 2 -1.000000e+00
-1.573768e+01  1.270799e+01  3.319788e+00  0.000000e+00  0.000000e+00  3.850580e-01 -1.121138e-01  2.536929e-01  3.643918e-05
3  9.210343e-01 -5.239928e-01  2.414581e+00  1.328087e+00  2.502125e-01  7.244280e+00 6 1  2.872120e-01
 3.203439e-01  1.975863e+00  2.318124e+00  0.000000e+00  0.000000e+00  2.727438e-01  3.122458e-01  4.546566e-03  4.016980e-03
 1.173619e-02 -4.189153e-01 -5.800234e-01  1.442086e+02  5.000000e-01  1.262550e+00  1.326855e+00  1.801585e-01  2.426255e-01
-6.721580e-04 -2.172462e-02  1.794670e-03  1.501974e+02  1.000000e+00  2.640224e+01  9.307554e+00 -1.199029e+00  2.330933e+01
2 -2.106836e-01 -4.203722e-01  1.415684e+00  5.294353e-01  1.107532e-01  1.041470e+01 6 1 -1.000000e+00
-8.503381e-01 -7.991182e-01  1.947255e+00  0.000000e+00  0.000000e+00  2.674507e-01  1.445522e-01 -4.679536e-02  2.344860e-03
 9.512261e-02  2.545731e-01 -2.156648e-01  1.908266e+02  5.000000e-01  6.410635e-01  1.775149e+00 -1.270633e+00  1.715546e-01
2  1.166090e-01  5.755093e-01  1.504558e+00  7.115798e-01  1.189426e-01  4.409160e+00 6 1 -1.000000e+00
 2.674818e-01  1.114199e+00  1.905740e+00  0.000000e+00  0.000000e+00  2.103951e-01  2.891385e-01 -1.230623e-01  4.678163e-03
-7.410282e-02 -3.510704e-01 -2.266737e-01  1.973035e+02  5.000000e-01  4.632552e-01  2.011204e+00 -8.091852e-01  1.308036e-01
3 -2.637452e-03 -2.193189e-01  3.552839e-01  1.684534e-01  1.281596e-01  3.870300e+00 6 3  2.776301e-01
 5.937835e-02 -4.765351e-02 -4.021005e-01  1.474168e+01  5.000000e-01  1.099760e+00 -3.791889e-01  1.533984e+00  5.154809e-01
-2.220815e-01  1.691574e-01  3.137499e+00  0.000000e+00  0.000000e+00  3.555622e-01 -8.927383e-02  2.976659e-01  2.067042e-02
 2.775700e-03 -2.284477e-03  1.751585e-03  1.603372e+01  1.000000e+00  2.649925e+01 -1.167318e+00  8.828249e+00  2.530820e+01
3 -9.762553e-01  1.454416e+00  8.804775e-01  4.588920e-01  6.512346e-01  6.591480e+00 6 3  3.118418e-01
-6.294310e-01  3.478515e-01  2.685545e+00  0.000000e+00  0.000000e+00  3.361208e-01 -9.152943e-02  2.449367e-01  5.138551e-02
 8.555968e-02 -5.889398e-02  1.982062e+00  1.218570e+01  1.000000e+00  2.022164e+00 -2.462901e-01  6.925572e-01  1.069292e+00
 1.327935e-01 -9.289172e-02 -4.123774e+00  1.217695e+01  5.000000e-01  1.429916e+00 -1.971800e-01  6.232525e-01  6.523979e-01
3  4.470633e-01  2.149449e-01  1.481983e+00  6.298520e-01  2.510726e-01  7.235160e+00 6 1 -1.000000e+00
 1.030829e+00  4.509193e-01  1.816437e+00  0.000000e+00  0.000000e+00  1.965598e-01 -2.219432e-01 -2.138439e-01  4.050664e-02
-3.048207e-01 -1.911956e-01 -4.560576e-01  4.634056e+01  5.000000e-01  8.964537e-01 -7.324108e-01 -1.291124e+00  6.432703e-01
-1.705573e-02 -1.076084e-02  2.924725e-03  5.092153e+01  1.000000e+00  2.069855e+01 -1.602043e+00 -6.599534e+00  2.019393e+01
3  2.158521e-01  3.850397e-01  1.352770e+00  5.537162e-01  1.657697e-01  4.409160e+00 6 1 -1.000000e+00
 2.339526e-01  1.046878e+00  1.751993e+00  0.000000e+00  0.000000e+00  2.292020e-01  5.625413e-02 -1.420785e-01  5.915906e-03
-1.720860e-01 -2.435169e-01 -2.904273e-01  8.227762e+01  5.000000e-01  6.679217e-01  4.639511e-01 -1.827082e+00  2.104603e-01
-6.719247e-04 -1.200410e-03  1.413436e-05  1.048761e+02  1.000000e+00  2.712776e+02  2.515799e+01 -4.083488e+01  2.697146e+02
1 -1.211115e+01 -3.542664e+00  0.000000e+00  1.134719e+01  0.000000e+00  4.791520e+00 0 2 -1.000000e+00
-2.010252e+01 -5.311714e+00  6.475348e+00  0.000000e+00  0.000000e+00  4.302907e-01 -3.508770e-01 -2.168458e-01  8.682389e-05
3  4.712562e-02 -8.349700e-02  4.047136e-01  2.662580e-01  4.259538e-01  5.345160e+00 6 1 -1.000000e+00
 7.511920e-02 -2.874476e-01  2.145808e+00  0.000000e+00  0.000000e+00  2.423745e-01  2.812624e-01  1.698909e-01  6.116370e-02
-9.632862e-02  7.915676e-02 -9.140151e-01  6.455876e+00  5.000000e-01  9.141423e-01 -1.229444e-01  1.042272e+00  6.632506e-01
-6.224117e-03  6.457285e-03  1.580470e-02  7.180215e+00  1.000000e+00  9.593496e+00 -1.338328e+00  2.963907e+00  9.146836e+00
3 -1.009235e+00 -1.135331e+00  2.220444e+00  1.009622e+00  3.452158e-01  8.461450e+00 6 1  2.758749e-01
-1.221500e+00 -1.380188e+00  1.663903e+00  0.000000e+00  0.000000e+00  1.966124e-01  2.263537e-03 -2.107839e-01  1.209499e-03
 2.541428e-01  2.789823e-01 -5.744054e-01  3.213554e+02  5.000000e-01  1.173439e+00  1.422584e-01 -1.323168e+00  1.022419e-01
 6.583738e-03  6.392080e-03  4.160386e-04  3.387346e+02  1.000000e+00  5.086215e+01 -2.104273e+00 -8.842078e+00  4.570288e+01
3 -5.902472e-02  7.073783e-01  4.223960e+00  2.472394e+00  2.969423e-01  4.113620e+00 6 3 -1.000000e+00
-1.472751e-01 -1.248566e+00 -9.511515e-01  1.636026e+02  5.000000e-01  9.890865e-01  9.879626e-01 -2.746021e-01  1.695739e-01
-2.414962e+00  2.315060e+00  3.203153e+00  0.000000e+00  0.000000e+00  3.966941e-01  7.568575e-02  2.146094e-01  2.026861e-02
 1.828021e-03 -3.307364e-02  4.531193e-03  1.931747e+02  1.000000e+00  1.598395e+01  1.941675e+00 -2.373612e-01  1.404193e+01
3  2.137891e-02  2.347560e-01  1.117279e+00  5.650799e-01  2.161050e-01  6.215920e+00 6 3 -1.000000e+00
-7.298246e-02 -3.566207e-01 -9.127235e-01  6.379808e+01  5.000000e-01  6.766797e-01  1.041242e+00 -3.405494e-01  2.076066e-01
-5.494257e-03  7.586185e-01  4.223518e+00  0.000000e+00  0.000000e+00  3.577393e-01  4.190981e-01  9.280502e-03  2.603127e-02
-1.000115e-03 -3.874141e-03  4.109354e-04  8.756112e+01  1.000000e+00  5.218904e+01  7.766471e+00 -1.124842e+01  5.082053e+01
3  3.147209e-01  1.971354e-01  1.418004e+00  5.198245e-01  3.046623e-01  8.721970e+00 6 1 -1.000000e+00
-2.936683e-01 -2.003561e-01 -6.148298e-01  1.231132e+02  5.000000e-01  7.184842e-01 -6.341732e-01 -1.141728e+00  2.711425e-01
 8.302380e-01  6.642651e-01  2.018070e+00  0.000000e+00  0.000000e+00  2.773083e-01 -1.006102e-01 -1.289880e-01  1.524010e-02
-1.958151e-03 -1.621281e-03  4.261093e-05  1.570375e+02  1.000000e+00  1.707388e+02 -1.265557e+00 -7.308560e+01  1.693832e+02
1 -9.913024e-01 -7.470076e-01  0.000000e+00  5.405970e-01  0.000000e+00  3.728080e+00 0 2  2.992846e-01
-2.030179e-01  9.843537e-01  3.033231e+00  0.000000e+00  0.000000e+00  3.224531e-01  2.893196e-01  2.137347e-01  4.791668e-02
2  3.014463e+00  7.504566e-01  1.365328e+00  6.364714e-01  1.796725e-01  7.676500e+00 6 1  2.891974e-01
-1.074434e+00  2.019066e-01  1.925496e+00  0.000000e+00  0.000000e+00  2.434161e-01 -2.297566e-01 -1.686390e-02  1.825784e-03
 2.795747e-01  2.646363e-02 -3.459586e-01  1.235014e+02  5.000000e-01  9.192971e-01 -1.653267e+00 -4.046487e-01  1.063530e-01
2  1.999993e-01  4.737733e-01  1.275029e+00  6.263823e-01  1.151525e-01  6.787880e+00 6 1 -1.000000e+00
 3.504332e-01  9.774835e-01  1.669833e+00  0.000000e+00  0.000000e+00  2.077409e-01  1.187102e-01 -1.213268e-01  1.883333e-03
-1.100839e-01 -2.114754e-01 -1.922855e-01  1.674511e+02  5.000000e-01  5.947274e-01  1.442371e+00 -1.812294e+00  1.514888e-01
3 -1.309948e-01 -4.736203e-02  8.938718e-01  3.784769e-01  2.565399e-01  9.578560e+00 6 3 -1.000000e+00
-2.976383e-01 -5.452178e-01  3.422316e+00  0.000000e+00  0.000000e+00  3.624730e-01  7.676311e-02 -3.291632e-01  6.064016e-02
 3.062360e-01  1.138290e-01 -8.779607e-01  3.839440e+01  5.000000e-01  5.390622e-01 -1.050618e+00 -4.976626e-01  1.332369e-01
 9.313151e-04  6.807745e-04  5.501762e-05  6.933475e+01  1.000000e+00  1.532472e+02  3.069656e+00 -7.066667e+01  1.518202e+02
1  1.832440e+00  8.227194e-01  0.000000e+00  2.230631e+00  0.000000e+00  5.864440e+00 0 2 -1.000000e+00
 4.091176e+00  1.554332e+00  3.256502e+00  0.000000e+00  0.000000e+00  3.791903e-01 -1.602039e-01 -2.294807e-01  5.209796e-03
3  3.801205e-01 -3.259087e-01  1.805277e+00  9.690414e-01  2.018427e-01  3.978610e+00 6 1 -1.000000e+00
 5.818916e-01 -1.340145e+00  2.544512e+00  0.000000e+00  0.000000e+00  3.145570e-01  7.203942e-02  2.676559e-01  9.130886e-03
-3.347657e-01  2.150925e-01 -5.135911e-01  8.791443e+01  5.000000e-01  1.122546e+00 -6.452264e-01  1.243292e+00  3.016900e-01
-1.326617e-02  9.864444e-03  2.081242e-03  9.552951e+01  1.000000e+00  2.405255e+01 -3.050527e+00  6.452279e+00  2.171553e+01
3  2.943820e-02 -2.022361e-01  8.928849e-01  4.981905e-01  5.986733e-01  5.844390e+00 6 1 -1.000000e+00
-2.920403e-02 -6.765224e-01  1.893348e+00  0.000000e+00  0.000000e+00  2.639374e-01  1.079284e-01  4.443805e-02  7.786295e-03
-1.304533e-01  2.106033e-01 -1.133497e+00  3.881215e+01  5.000000e-01  5.864936e-01  4.746155e-01  9.099193e-01  1.983803e-01
-1.279196e-03  3.040784e-03  5.620793e-04  4.800054e+01  1.000000e+00  4.453283e+01 -3.468281e+00  1.019656e+01  4.352720e+01
2  3.491161e-01 -3.880725e-01  1.894919e+00  9.784402e-01  1.054740e-01  8.132000e+00 6 3 -1.000000e+00
 7.960320e-01 -1.289121e+00  4.417872e+00  0.000000e+00  0.000000e+00  4.397563e-01  1.062761e-01  2.760888e-01  5.389305e-04
-2.805028e-01  2.702990e-01 -4.659706e-01  2.841002e+02  5.000000e-01  9.222689e-01 -8.885975e-02  1.464310e+00  2.842300e-02
1  6.602949e+00  3.606904e-01  0.000000e+00  3.248212e+00  0.000000e+00  4.112040e+00 0 2  2.961889e-01
-3.038235e+00 -6.321225e+00  5.471242e+00  0.000000e+00  0.000000e+00  4.865416e-01  1.412850e-02 -2.840177e-01  7.095806e-03
3  2.275294e-01 -1.637590e-01  8.562164e-01  4.452581e-01  1.180346e-01  3.865640e+00 6 3 -1.000000e+00
 4.267091e-01 -4.434258e-01  3.005403e+00  0.000000e+00  0.000000e+00  2.221379e-01 -5.579863e-02  5.188660e-01  5.111874e-02
-2.027959e-01  1.369448e-01 -3.547415e-01  2.439609e+01  5.000000e-01  7.596330e-01 -6.779144e-01  1.554723e+00  4.928174e-01
-4.481119e-03  3.263403e-03  5.654028e-04  2.981236e+01  1.000000e+00  4.487596e+01 -3.704075e+00  1.194694e+01  4.420191e+01
3  3.090592e-01  2.426287e-01  1.010253e+00  4.794056e-01  1.033200e-01  6.972330e+00 6 1 -1.000000e+00
 7.306995e-01  3.794648e-01  2.095295e+00  0.000000e+00  0.000000e+00  2.607616e-01 -6.454949e-02 -2.550430e-01  1.203470e-02
-1.483780e-01 -1.183641e-01 -2.164859e-01  1.158462e+02  5.000000e-01  1.016300e+00 -3.142778e-01 -2.126202e+00  5.251572e-01
-4.112881e-03 -2.871652e-03  2.679676e-04  1.280862e+02  1.000000e+00  6.503819e+01 -8.714137e+00 -1.712190e+01  6.391248e+01
3 -2.215961e-01  3.074715e-01  1.139135e+00  5.637442e-01  1.011195e-01  6.849890e+00 6 3 -1.000000e+00
-3.969261e-01  7.268853e-01  3.392967e+00  0.000000e+00  0.000000e+00  2.707645e-01  1.961833e-01  4.456112e-01  3.194133e-02
 1.822434e-01 -2.540284e-01 -3.430952e-01  8.857291e+01  5.000000e-01  7.227596e-01  5.042480e-01  1.654460e+00  3.803276e-01
 2.875018e-03 -4.170773e-03  2.812811e-04  1.099562e+02  1.000000e+00  6.214905e+01  5.704961e+00  1.230846e+01  6.133599e+01
3  1.559704e-02 -1.587048e-02  1.971064e-01  1.113392e-01  7.819971e-01  6.884270e+00 6 1 -1.000000e+00
 7.336386e-02 -1.136483e-01  2.054232e+00  0.000000e+00  0.000000e+00  2.672104e-01  1.016193e-01  1.996351e-01  2.712307e-02
-8.268394e-02  6.767756e-03 -1.606403e+00  3.058623e+00  5.000000e-01  4.887346e-01 -9.379670e-01  6.417878e-02  1.714599e-01
-1.643123e-04  1.329437e-04  1.425306e-04  6.130737e+00  1.000000e+00  8.538616e+01 -9.799335e+00  2.993008e+00  8.453466e+01
2  1.456440e+00  8.030814e-01  2.180973e+00  1.058032e+00  1.677350e-01  8.205900e+00 6 3  2.663844e-01
 1.172596e+00 -1.361918e+00  3.436624e+00  0.000000e+00  0.000000e+00  4.104119e-01  8.296625e-02  2.230412e-01  3.864694e-04
-2.190707e-01  3.173396e-01 -5.764420e-01  5.974499e+02  5.000000e-01  1.297947e+00  5.028408e-01  1.253277e+00  3.395841e-02
3 -4.196325e-01  2.499583e-01  3.480723e+00  2.155936e+00  4.336508e-01  5.012510e+00 6 3 -1.000000e+00
 1.206770e+00 -1.912658e-01 -1.739523e+00  1.462398e+02  5.000000e-01  8.281488e-01 -7.440950e-01  2.252242e-01  1.354490e-01
-1.343957e+00  2.177115e+00  4.011343e+00  0.000000e+00  0.000000e+00  4.296813e-01  4.871554e-02  2.712881e-01  1.132085e-02
 1.199954e-02 -5.115867e-03  9.983895e-04  1.951681e+02  1.000000e+00  3.381460e+01 -7.929768e+00  3.507704e+00  3.182467e+01
3  2.474404e-01  2.978075e-01  1.467114e+00  5.522015e-01  3.877241e-01  5.353830e+00 6 1 -1.000000e+00
-1.353209e-01 -3.063706e-01 -6.691991e-01  1.381356e+02  5.000000e-01  7.570191e-01  9.381308e-01 -8.205327e-01  3.673631e-01
 9.297568e-01  7.026053e-01  1.725967e+00  0.000000e+00  0.000000e+00  2.335347e-01  4.545098e-02 -7.757562e-02  1.238349e-02
-5.385650e-03 -7.833934e-03  1.093991e-03  1.559880e+02  1.000000e+00  3.223591e+01  4.685321e+00 -6.296483e+00  3.140004e+01
3 -1.421243e-01  3.136116e-02  8.641706e-01  3.522300e-01  9.167995e-01  9.840330e+00 6 1 -1.000000e+00
 2.657548e-01 -1.715873e-01 -1.788424e+00  4.204928e+01  5.000000e-01  3.828361e-01 -3.346069e-01  9.099895e-01  6.197152e-02
-5.705640e-01  4.604001e-02  1.950726e+00  0.000000e+00  0.000000e+00  2.402939e-01 -2.473086e-01  5.798345e-02  6.883656e-03
 1.273595e-04 -5.237734e-05  1.120351e-06  9.271207e+01  1.000000e+00  9.668809e+02 -1.306236e+00  2.008661e+02  9.655139e+02
1  4.531814e-02  4.494637e-02  0.000000e+00  1.716571e-01  0.000000e+00  6.196640e+00 0 2  2.728608e-01
-1.516016e-01  2.240284e-01  3.840428e+00  0.000000e+00  0.000000e+00  4.425073e-01  9.641269e-02  2.027685e-01  2.301397e-03
1 -1.093763e+00 -8.860102e+00  0.000000e+00  6.738859e+00  0.000000e+00  6.119470e+00 0 2 -1.000000e+00
-4.419428e+00 -1.592124e+01  3.218601e+00  0.000000e+00  0.000000e+00  3.618154e-01  3.104702e-01 -1.392326e-02  1.064319e-03
3 -7.188481e-01 -1.999043e+00  9.778252e+00  3.864607e+00  6.375855e-01  6.415020e+00 6 1 -1.000000e+00
-3.963877e+00 -7.810358e+00  2.008284e+00  0.000000e+00  0.000000e+00  2.943223e-01  3.277200e-04  6.580932e-03  1.772348e-04
 1.002137e-01  1.083313e+00 -1.280453e+00  1.761920e+03  5.000000e-01  1.193267e+00  9.021598e-01 -6.658466e-02  7.910654e-02
 5.052290e-03  4.126745e-02  1.914591e-03  1.798639e+03  1.000000e+00  2.430927e+01  2.573021e+00  3.794350e+00  2.176486e+01
3 -3.835178e-02  6.468603e-01  1.777578e+00  7.081842e-01  1.252463e-01  7.073480e+00 6 1 -1.000000e+00
 6.811653e-02  1.456802e+00  1.863440e+00  0.000000e+00  0.000000e+00  2.560435e-01  1.221592e-01  4.366291e-02  3.310379e-03
 1.854676e-02 -3.200845e-01 -2.333890e-01  2.599235e+02  5.000000e-01  7.002031e-01  2.053290e+00  3.982089e-01  2.237931e-01
-6.479948e-05 -1.596561e-03  9.189099e-06  3.121433e+02  1.000000e+00  3.376765e+02  5.953079e+01 -3.134520e+01  3.363847e+02
3 -5.079258e-01 -6.130200e-01  1.132745e+00  5.453971e-01  1.207228e-01  4.756470e+00 6 1  2.705393e-01
-6.762623e-01 -6.931453e-01  1.972621e+00  0.000000e+00  0.000000e+00  2.690580e-01  2.175210e-02 -1.639004e-01  1.329273e-03
 1.281709e-03  7.823088e-04  2.044113e-05  3.258291e+02  1.000000e+00  2.353173e+02 -5.634529e+01 -5.299846e+01  2.315068e+02
 1.385386e-01  9.375387e-02 -2.381404e-01  2.971317e+02  5.000000e-01  1.258950e+00 -7.227664e-01 -1.934908e+00  2.412198e-01
1 -1.101771e+00  1.515534e+00  0.000000e+00  2.779761e+00  0.000000e+00  5.874610e+00 0 2 -1.000000e+00
-1.776882e+00  5.027930e+00  3.673512e+00  0.000000e+00  0.000000e+00  4.291746e-01  1.355350e-01  1.877572e-01  2.074256e-04
3 -2.331164e-01  7.615733e-01  1.621342e+00  7.860384e-01  9.481619e-01  5.560090e+00 6 1  2.725953e-01
-9.317659e-01 -6.800013e-01  2.454520e+00  0.000000e+00  0.000000e+00  3.373060e-01  2.712975e-02 -1.761130e-01  5.669337e-03
 2.131893e-01  4.679651e-01 -2.327283e+00  1.396644e+02  5.000000e-01  6.039877e-01  6.195505e-01 -4.501873e-01  4.365438e-02
 6.529256e-04  6.371682e-04  1.601903e-05  2.144217e+02  1.000000e+00  2.554750e+02 -1.736958e+01 -4.505645e+01  2.525978e+02
3  3.996680e-02  4.586580e-01  1.051009e+00  4.298260e-01  1.399037e-01  5.347240e+00 6 1 -1.000000e+00
 4.273213e-02  9.070075e-01  1.491424e+00  0.000000e+00  0.000000e+00  1.657121e-01  1.590519e-01 -1.545127e-02  2.409346e-02
-2.180787e-02 -1.420179e-01 -2.086557e-01  2.668972e+01  5.000000e-01  1.919334e+00  2.275879e+00 -6.768549e-01  1.598487e+00
-4.558956e-03 -3.043714e-02  1.260968e-02  2.700006e+01  1.000000e+00  1.157433e+01  5.365833e+00 -1.928776e+00  1.109855e+01
3  1.611026e-01  1.189955e-01  1.214501e+00  6.311337e-01  4.264712e-02  7.686110e+00 6 2  2.808672e-01
-6.038741e-01  8.172966e-01  3.638121e+00  0.000000e+00  0.000000e+00  2.920277e-01  2.208895e-02  4.752576e-01  5.728488e-03
 1.527447e-01 -1.327254e-01 -1.551554e-01  9.845528e+01  5.000000e-01  1.331501e+00 -4.248264e-01  2.524790e+00  4.199226e-01
 4.145929e-03 -3.802068e-03  2.210040e-04  1.059438e+02  1.000000e+00  6.995861e+01 -3.990554e-01  1.517644e+01  6.723223e+01
3 -1.191305e-01  1.037674e+00  3.443320e+00  1.347392e+00  1.318417e-01  4.451470e+00 6 1 -1.000000e+00
-1.033557e+00  2.725495e+00  2.406298e+00  0.000000e+00  0.000000e+00  3.417731e-01  1.256335e-01  4.362044e-02  7.283186e-03
 1.617139e-02 -5.539148e-01 -3.172504e-01  3.051069e+02  5.000000e-01  1.228001e+00  1.787126e+00 -1.012382e-01  5.265127e-01
 2.987614e-03 -2.240125e-02  7.597908e-04  3.243964e+02  1.000000e+00  4.025019e+01  1.438828e+01  4.171676e+00  3.887432e+01
3  5.219396e-01 -7.075362e-02  1.898689e+00  9.814954e-01  1.183679e-01  7.695640e+00 6 1 -1.000000e+00
 1.396404e+00  7.021638e-01  2.563857e+00  0.000000e+00  0.000000e+00  3.354673e-01 -2.220979e-01 -4.731682e-02  4.855737e-03
-4.144400e-01  1.313189e-01 -3.034785e-01  1.516216e+02  5.000000e-01  1.007331e+00 -1.447284e+00  1.095696e+00  3.021893e-01
-3.799588e-03  9.208431e-04  6.641145e-05  1.838348e+02  1.000000e+00  1.307588e+02 -3.264256e+01  2.672379e+01  1.288526e+02
3  9.187506e-01  2.279770e-01  2.801129e+00  1.129322e+00  3.307425e-02  3.866220e+00 6 2 -1.000000e+00
 2.358512e+00  6.551328e-01  6.426971e+00  0.000000e+00  0.000000e+00  5.178950e-01 -2.573975e-01 -1.028467e-01  1.289177e-03
-3.387789e-01 -1.004760e-01 -2.125672e-01  5.485853e+02  5.000000e-01  1.243507e+00 -1.863891e+00 -1.135606e+00  2.651710e-01
-8.943371e-03 -2.867311e-03  3.126970e-04  5.798489e+02  1.000000e+00  5.769187e+01  2.444663e-01 -3.990586e+00  5.583748e+01
3 -2.923501e-01  1.619145e-01  9.097779e-01  3.501269e-01  1.525288e-01  2.829830e+00 6 1 -1.000000e+00
-5.676333e-01  4.342252e-01  1.730266e+00  0.000000e+00  0.000000e+00  2.098590e-01 -1.236070e-01  1.763473e-01  1.134570e-02
 1.702601e-01 -9.794889e-02 -2.639155e-01  8.022287e+01  5.000000e-01  7.094309e-01 -1.196683e+00  1.562521e+00  3.352350e-01
 1.585164e-03 -1.194344e-03  4.760197e-05  9.651202e+01  1.000000e+00  1.530121e+02  1.935138e+00  4.578660e+01  1.519823e+02
3  1.025985e-01 -1.913372e+00  4.263973e+00  1.770953e+00  2.097843e-03  4.649070e+00 6 2 -1.000000e+00
-6.819783e-01 -4.129658e+00  3.430418e+00  0.000000e+00  0.000000e+00  4.091088e-01  2.373228e-01 -3.633973e-02  1.807447e-04
-2.308106e-03  1.886516e-02  4.330327e-04  2.140291e+03  1.000000e+00  5.834301e+01  3.007369e+01  8.631275e+00  5.576203e+01
-8.936751e-03  8.086222e-02 -7.196477e-03  2.137765e+03  5.000000e-01  8.737064e+00  1.385426e+01  2.622718e+00  6.751902e+00
3  2.637271e-01 -1.494467e-01  1.691699e+00  8.157899e-01  3.338123e-01  4.448800e+00 6 3 -1.000000e+00
 1.116402e+00 -2.871868e-01  3.026931e+00  0.000000e+00  0.000000e+00  3.539882e-01 -2.466974e-01  1.615675e-01  1.900569e-02
-4.445532e-01  3.649353e-01 -1.010427e+00  1.099860e+02  5.000000e-01  6.257535e-01 -1.329555e-01  1.054545e+00  1.496280e-01
-1.411894e-03  8.746363e-04  3.181427e-05  1.808163e+02  1.000000e+00  1.854691e+02 -1.797990e+01  4.767730e+01  1.840157e+02
3 -1.578047e-02 -1.175473e+00  9.828555e-01  4.711510e-01  1.756278e-01  3.621090e+00 6 1  2.812224e-01
 5.244428e-01 -6.020816e-01  2.056414e+00  0.000000e+00  0.000000e+00  2.580850e-01  1.197702e-01  2.231805e-01  4.616587e-03
-7.546140e-02  1.764554e-01 -3.611635e-01  7.670895e+01  5.000000e-01  8.000064e-01  1.188135e+00  1.182016e+00  2.172378e-01
-1.680801e-03  3.306892e-03  3.111417e-04  8.564208e+01  1.000000e+00  5.773750e+01  2.272633e+00  9.204069e-02  5.612833e+01
3 -6.789857e-01  7.899690e-01  3.663882e+00  1.700511e+00  2.930518e-02  8.208750e+00 6 2 -1.000000e+00
-2.951221e+00  1.391638e+00  6.873682e+00  0.000000e+00  0.000000e+00  5.340154e-01 -1.458539e-01  2.244680e-01  1.706967e-03
 2.604991e-01 -3.715657e-01 -2.014345e-01  6.998716e+02  5.000000e-01  1.946921e+00  7.601683e-01  2.298521e+00  6.324932e-01
 1.065076e-02 -1.561901e-02  4.568933e-04  7.282485e+02  1.000000e+00  5.453205e+01  1.201722e+01  2.307752e+01  5.209180e+01
3 -2.297243e+00  2.807753e+00  2.332256e+00  9.127319e-01  6.847182e-01  4.150400e+00 6 3  3.062616e-01
 6.341874e-01  1.303098e-02 -3.069402e+00  6.658113e+01  5.000000e-01  7.366450e-01 -6.258219e-01 -5.915339e-02  9.741420e-02
-1.683736e+00  2.711919e-01  2.101675e+00  0.000000e+00  0.000000e+00  2.800543e-01 -2.037631e-01  3.148930e-02  7.181676e-03
 2.280217e-02 -8.018453e-04  5.706097e-03  7.449753e+01  1.000000e+00  1.444474e+01 -2.320844e+00 -3.516768e-01  1.193209e+01
1  1.406321e-01 -4.266486e-01  0.000000e+00  4.372442e-01  0.000000e+00  9.314740e+00 0 2 -1.000000e+00
 2.469336e-01 -7.087841e-01  1.086237e+01  0.000000e+00  0.000000e+00  3.188990e-01  4.870610e-01  3.668913e-01  9.078691e-02
3 -6.449296e-02 -1.183008e-01  7.709273e-01  5.071561e-01  8.100699e-01  4.898140e+00 6 1 -1.000000e+00
-1.793641e-01 -5.154478e-01  1.947167e+00  0.000000e+00  0.000000e+00  2.396025e-01  2.085380e-01 -1.454292e-01  5.115486e-02
 2.485533e-01  1.258131e-01 -1.577342e+00  1.126991e+01  5.000000e-01  7.185201e-01 -4.860152e-01 -6.906506e-01  4.560659e-01
 6.113345e-03  6.587209e-03  8.808378e-03  1.396702e+01  1.000000e+00  1.206657e+01 -2.146035e+00 -2.082097e+00  1.148629e+01
3  2.061340e-01  1.100168e-01  1.164736e+00  6.707705e-01  3.445863e-01  7.676500e+00 6 1 -1.000000e+00
-3.760990e-01 -1.375910e-01 -9.775536e-01  4.849149e+01  5.000000e-01  6.133246e-01 -7.875907e-01 -7.430885e-01  2.765120e-01
 6.472380e-01  4.186383e-01  2.836890e+00  0.000000e+00  0.000000e+00  2.811687e-01 -1.351458e-01 -3.820411e-01  4.437686e-02
-3.823045e-03 -1.485807e-03  3.692122e-04  6.990217e+01  1.000000e+00  5.565111e+01 -1.487809e+01 -7.544289e+00  5.463390e+01
3  3.329569e-01 -2.364154e-01  1.437970e+00  4.782800e-01  2.453619e-01  4.777170e+00 6 1 -1.000000e+00
 1.028951e+00 -4.046484e-01  1.838904e+00  0.000000e+00  0.000000e+00  2.409593e-01 -5.749185e-02  1.703974e-01  2.522195e-03
-2.401583e-01  2.714577e-01 -4.511970e-01  1.480717e+02  5.000000e-01  6.174043e-01  2.022576e-01  1.523745e+00  1.623507e-01
-4.143361e-04  4.959744e-04  2.250493e-06  2.091373e+02  1.000000e+00  7.343072e+02  1.638291e+02  2.579776e+02  7.325169e+02
3 -1.621626e-01  2.235535e-01  6.504234e-01  2.517141e-01  1.631351e-01  2.565000e+00 6 1 -1.000000e+00
-3.707693e-01  4.114853e-01  1.497564e+00  0.000000e+00  0.000000e+00  1.704453e-01  5.340408e-02  1.325068e-01  1.377412e-02
 4.850014e-02 -8.577096e-02 -2.443053e-01  6.643190e+01  5.000000e-01  1.264768e+00  9.998082e-01  1.778686e+00  9.521962e-01
 5.766358e-03 -9.929409e-03  5.002334e-03  6.827806e+01  1.000000e+00  1.606959e+01  3.341016e+00  4.002943e+00  1.556026e+01
3  2.622363e+00  8.063396e-01  1.270613e+00  5.401129e-01  3.207625e-01  3.836510e+00 6 1  3.008477e-01
 1.120145e+00  1.601506e-01  2.265671e+00  0.000000e+00  0.000000e+00  2.892409e-01 -2.142134e-01 -1.338683e-01  1.305101e-02
-1.283175e-01 -7.606843e-02 -7.267422e-01  5.872019e+01  5.000000e-01  2.062399e+00 -7.895321e-01 -1.371617e+00  1.233516e+00
-6.971529e-02 -4.097538e-02  2.553942e-01  5.876894e+01  1.000000e+00  3.791501e+00 -8.443058e-01 -1.778795e+00  2.781307e+00
3  2.332399e+00 -8.248061e-01  3.253012e+00  1.951883e+00  1.225881e-01  6.194180e+00 6 3  2.876171e-01
-2.367580e+00  1.122248e+00  6.650402e+00  0.000000e+00  0.000000e+00  3.471778e-01 -2.958660e-01  4.339048e-01  4.133407e-03
 4.398680e-01 -5.210172e-01 -8.152605e-01  3.408689e+02  5.000000e-01  1.673388e+00  1.474852e-01  1.287751e+00  1.731853e-01
 1.129031e-01 -1.381398e-01  1.028085e-01  3.446088e+02  1.000000e+00  5.015100e+00  5.891653e-01  2.459084e+00  1.694072e+00
3  5.665544e-01  3.671258e-01  5.298182e-01  2.147137e-01  1.534631e-01  5.827740e+00 6 1  2.868030e-01
 1.051322e-02  4.825868e-01  1.861887e+00  0.000000e+00  0.000000e+00  2.630316e-01  6.572529e-02  4.139031e-02  6.566135e-03
 6.851351e-03 -4.721872e-02 -2.857310e-01  1.771865e+01  5.000000e-01  2.259413e+00  2.174502e+00  5.978790e-01  1.562994e+00
 2.457414e-03 -1.680788e-02  3.975669e-02  1.776120e+01  1.000000e+00  7.416600e+00  3.792006e+00  1.280800e+00  6.501949e+00
3  2.462854e-02  2.585278e-01  6.783395e-01  3.336504e-01  1.890282e-01  5.544690e+00 6 1 -1.000000e+00
-4.561102e-02  5.916867e-01  1.678120e+00  0.000000e+00  0.000000e+00  2.174521e-01  1.072541e-01 -7.051885e-02  7.523323e-03
-1.378526e-02 -8.590580e-02 -3.172120e-01  3.067769e+01  5.000000e-01  1.337550e+00  1.689306e+00 -6.423797e-01  8.037985e-01
-1.562674e-03 -1.305153e-02  9.937685e-03  3.116714e+01  1.000000e+00  1.162723e+01  3.352158e+00 -1.036330e+00  1.075072e+01
3  1.407160e-01 -2.281363e-03  7.049339e-01  4.423611e-01  1.388208e-01  4.793910e+00 6 3 -1.000000e+00
-2.541790e-01  1.282908e-02 -6.239088e-01  3.571306e+01  5.000000e-01  5.930604e-01 -1.311415e+00  2.204267e-01  2.656730e-01
 4.389922e-01  1.410693e-01  4.494346e+00  0.000000e+00  0.000000e+00  3.043097e-01 -4.482592e-01 -2.460630e-01  5.445359e-02
-1.090078e-03 -2.662952e-05  5.522604e-05  6.079486e+01  1.000000e+00  1.445214e+02 -4.953458e+01 -6.108487e+00  1.435432e+02
3  5.054809e-02  2.352515e-01  6.626839e-01  3.452437e-01  4.101176e-01  2.829290e+00 6 1 -1.000000e+00
-4.220420e-02 -1.352470e-01 -5.391441e-01  1.303492e+01  5.000000e-01  5.463952e-01  1.094752e+00 -9.284759e-01  3.893490e-01
 2.162024e-02  5.243562e-01  1.314609e+00  0.000000e+00  0.000000e+00  1.140168e-01  1.142963e-01 -1.059241e-01  1.540757e-02
-9.747629e-04 -5.879637e-03  1.853475e-03  1.433667e+01  1.000000e+00  2.427829e+01  1.461343e+00  4.649293e-01  2.398108e+01
1 -1.139837e+00 -1.164514e+00  0.000000e+00  1.354847e+00  0.000000e+00  6.919010e+00 0 2  2.759880e-01
-3.427349e+00  2.783050e-01  3.113981e+00  0.000000e+00  0.000000e+00  2.993571e-01 -3.311985e-01  2.451034e-01  3.269946e-04
3  1.465933e-01  3.362718e-01  1.017101e+00  3.320896e-01  1.925783e-01  6.137970e+00 6 1 -1.000000e+00
 4.094672e-01  6.654944e-01  1.425528e+00  0.000000e+00  0.000000e+00  1.259848e-01  9.850072e-02 -2.295769e-01  2.923848e-02
-3.336475e-02 -2.501446e-01 -2.745258e-01  3.386933e+01  5.000000e-01  1.090453e+00  1.780530e+00 -6.932099e-01  9.532554e-01
-1.704255e-03 -1.178127e-02  1.277799e-03  3.769693e+01  1.000000e+00  3.343489e+01  1.640858e+01 -4.300771e-01  3.318407e+01
3  1.731737e+00  1.669541e+00  1.622318e+00  7.690261e-01  1.405617e-01  5.933990e+00 6 1  3.052710e-01
-1.092293e+00 -8.034607e-01  2.226353e+00  0.000000e+00  0.000000e+00  2.926472e-01 -1.258027e-01 -1.880337e-01  2.877600e-03
 2.587233e-01  9.468805e-02 -3.129399e-01  9.900734e+01  5.000000e-01  1.324712e+00 -1.442743e+00 -1.104279e+00  2.403866e-01
 4.780190e-03  2.006209e-03  1.554840e-04  1.069723e+02  1.000000e+00  8.511744e+01 -1.854781e+01 -1.732608e+01  8.086826e+01
3  6.693318e-01 -4.570931e-01  2.229602e+00  9.795450e-01  5.418753e-02  4.107380e+00 6 2 -1.000000e+00
 1.149511e+00 -1.499608e+00  3.227315e+00  0.000000e+00  0.000000e+00  3.763536e-01 -5.592393e-02  2.755943e-01  3.900734e-03
-3.027721e-03  2.532122e-03  3.471194e-05  3.023078e+02  1.000000e+00  1.780170e+02  2.876585e+00  5.018176e+01  1.757096e+02
-2.934085e-01  2.001294e-01 -1.748802e-01  2.699671e+02  5.000000e-01  1.201720e+00 -1.069395e+00  2.148321e+00  3.320651e-01
3 -2.390510e-01 -6.580809e-03  1.042616e+00  4.677654e-01  4.046801e-01  5.166180e+00 6 1 -1.000000e+00
-7.130580e-01 -2.426034e-01  1.742059e+00  0.000000e+00  0.000000e+00  2.076268e-01 -2.255786e-01 -5.418856e-02  9.751281e-03
 3.186996e-01 -9.252371e-02 -7.049767e-01  5.458856e+01  5.000000e-01  4.706372e-01 -1.054989e+00  7.653164e-01  1.549300e-01
 8.490765e-04 -1.033180e-04  1.698973e-05  8.549441e+01  1.000000e+00  2.496662e+02 -3.734671e+01  3.976197e+01  2.484212e+02
3  2.293684e-01  9.288388e-01  1.735466e+00  9.982476e-01  8.009259e-03  9.378540e+00 6 2  2.752589e-01
 1.273741e+00 -1.048074e+00  3.454362e+00  0.000000e+00  0.000000e+00  3.485704e-01 -1.874461e-02  3.667699e-01  9.153120e-04
-7.322245e-02  4.624326e-02 -2.766688e-02  3.569642e+02  5.000000e-01  4.496241e+00 -1.098601e+00  6.867392e+00  2.630381e+00
-1.748565e-02  8.001183e-03  1.455380e-03  3.581966e+02  1.000000e+00  3.339538e+01 -1.400095e+01  1.289684e+01  3.066010e+01
3 -2.259838e-03 -6.543735e-01  1.704331e+00  1.082211e+00  2.801564e-01  6.639610e+00 6 1 -1.000000e+00
-6.090113e-02 -1.466007e+00  1.698448e+00  0.000000e+00  0.000000e+00  2.099110e-01  1.877783e-01 -1.439334e-02  4.714681e-03
-2.111712e-02  2.378595e-01 -4.758311e-01  1.137612e+02  5.000000e-01  1.084804e+00  1.438221e+00  2.007473e-01  4.683442e-01
-2.559140e-03  2.995775e-02  1.066957e-02  1.159757e+02  1.000000e+00  1.086918e+01  1.675991e+00  9.312797e-01  9.722515e+00
1  5.953410e-02 -1.573213e-01  0.000000e+00  7.000817e-01  0.000000e+00  4.858560e+00 0 2  2.831059e-01
-7.348703e-01 -9.037056e-01  3.022349e+00  0.000000e+00  0.000000e+00  2.823704e-01  1.643438e-01 -3.963773e-01  4.536445e-03
1 -1.644485e-01  1.332784e-01  0.000000e+00  4.310295e-01  0.000000e+00  4.800010e+00 0 2  2.753020e-01
 5.776231e-01  4.974739e-01  4.042094e+00  0.000000e+00  0.000000e+00  4.059434e-01 -1.319483e-01 -2.968104e-01  1.257378e-02
3  2.866013e-02  4.878273e-01  1.045900e+00  5.005561e-01  1.002788e-01  5.925540e+00 6 1 -1.000000e+00
 1.261134e-01  9.387772e-01  1.620465e+00  0.000000e+00  0.000000e+00  1.936817e-01  1.812052e-01  1.439116e-02  7.561706e-03
-9.547031e-03 -9.828740e-02 -1.624983e-01  1.054516e+02  5.000000e-01  2.272494e+00  2.756210e+00 -4.200705e-01  1.632191e+00
-2.974286e-03 -2.696140e-02  1.462283e-02  1.059306e+02  1.000000e+00  1.072386e+01  4.960818e+00 -1.248008e+00  9.794501e+00
3 -3.124028e-01 -6.133947e-02  1.016463e+00  5.501467e-01  2.320173e-01  3.094270e+00 6 1 -1.000000e+00
-7.817834e-01 -8.964125e-02  1.997859e+00  0.000000e+00  0.000000e+00  2.445521e-01 -2.222824e-01 -1.440702e-01  5.096191e-02
 2.293162e-01  1.464241e-02 -4.635378e-01  2.492060e+01  5.000000e-01  1.180828e+00 -1.433935e+00 -3.658540e-01  8.442460e-01
 2.103017e-02  7.655294e-04  6.843595e-03  2.643827e+01  1.000000e+00  1.484856e+01 -6.737029e+00  5.224572e-01  1.422481e+01
3  6.609764e-02  7.630698e-02  4.839940e-01  2.595296e-01  7.632291e-01  3.332400e+00 6 1 -1.000000e+00
-1.195393e-01 -1.003179e-01 -1.924296e+00  4.310885e+00  5.000000e-01  6.281577e-01 -1.097344e-01 -8.036763e-01  3.742019e-01
 1.872618e-01  2.740126e-01  2.521257e+00  0.000000e+00  0.000000e+00  2.663013e-01  9.629167e-02 -3.638874e-01  6.937851e-02
-5.603000e-03 -5.444294e-03  1.411129e-02  5.083628e+00  1.000000e+00  9.498061e+00 -6.529727e-01 -9.619916e-01  8.973094e+00
3 -7.535463e-01  8.077899e-01  3.343685e+00  1.590399e+00  1.933231e-01  6.607130e+00 6 1 -1.000000e+00
-1.594338e+00  2.298386e+00  2.018032e+00  0.000000e+00  0.000000e+00  2.845274e-01  2.168906e-02  1.260882e-01  4.875770e-03
 4.501801e-01 -3.473984e-01 -3.901322e-01  3.038059e+02  5.000000e-01  9.347451e-01 -3.847873e-01  1.555452e+00  3.694527e-01
 1.630853e-02 -1.357835e-02  9.164962e-04  3.251979e+02  1.000000e+00  3.478242e+01 -4.339635e+00  5.595294e+00  3.364768e+01
3 -1.315147e-01 -1.348226e-01  5.759779e-01  2.885390e-01  2.280537e-01  6.634320e+00 6 1 -1.000000e+00
-3.853489e-01 -2.420744e-01  2.203340e+00  0.000000e+00  0.000000e+00  2.685471e-01 -3.685855e-03 -2.848741e-01  2.930357e-02
 8.480828e-02  9.064594e-02 -5.024797e-01  1.711672e+01  5.000000e-01  9.580741e-01  2.377365e-01 -1.391176e+00  5.608781e-01
 7.082345e-03  6.526303e-03  6.312516e-03  1.823610e+01  1.000000e+00  1.406644e+01 -6.961467e-01 -3.439756e+00  1.333672e+01
3  2.133974e-01  5.117128e-02  6.686423e-01  3.782507e-01  8.954000e-02  3.860180e+00 6 2 -1.000000e+00
 4.679306e-01  1.158846e-01  3.383582e+00  0.000000e+00  0.000000e+00  2.757980e-01 -4.157838e-01 -2.367437e-01  3.573124e-02
-1.821459e-01 -4.058656e-02 -3.029659e-01  8.979253e+01  5.000000e-01  7.635199e-01 -1.653845e+00 -7.883025e-01  4.189253e-01
-2.139176e-03 -4.880862e-04  1.218029e-04  1.156200e+02  1.000000e+00  9.627885e+01 -2.684668e+01 -1.213791e+01  9.543975e+01
3  6.546911e-01  3.460003e-01  1.528249e+00  7.809754e-01  1.443761e-01  4.780750e+00 6 1 -1.000000e+00
 1.346461e+00  4.118028e-01  2.581141e+00  0.000000e+00  0.000000e+00  2.893070e-01 -2.113527e-01 -2.701647e-01  1.313925e-02
-1.113503e-01 -4.681653e-02 -3.726550e-01  8.861957e+01  5.000000e-01  3.419692e+00 -1.856167e+00 -2.256767e+00  2.572934e+00
-7.990286e-02 -3.249763e-02  2.055425e-01  8.862891e+01  1.000000e+00  5.011882e+00 -2.284153e+00 -2.452075e+00  4.083086e+00
3 -3.549887e-01 -4.697295e-01  1.882606e+00  1.033111e+00  1.713023e-01  4.108930e+00 6 1 -1.000000e+00
-7.118799e-01 -1.284228e+00  2.532290e+00  0.000000e+00  0.000000e+00  3.110529e-01  1.329842e-01 -2.491260e-01  2.538912e-02
 3.082415e-01  2.980357e-01 -4.337871e-01  1.145768e+02  5.000000e-01  1.075473e+00  5.341230e-02 -1.519250e+00  6.348089e-01
 1.826479e-02  1.759234e-02  3.064365e-03  1.242214e+02  1.000000e+00  2.074670e+01 -2.027794e+00 -7.712862e+00  1.994896e+01
3 -1.200387e+00  2.136678e+00  1.709499e+00  5.662244e-01  1.109849e-01  6.183500e+00 6 1  2.968959e-01
-1.468166e+00 -2.180751e-01  2.010962e+00  0.000000e+00  0.000000e+00  2.913002e-01 -6.338369e-02 -3.104269e-02  7.061034e-04
 2.254746e-03  1.021578e-03  5.589523e-05  1.517610e+02  1.000000e+00  1.357695e+02  1.573544e+01 -4.958722e+00  1.326786e+02
 2.115515e-01  9.962603e-02 -2.231865e-01  1.394293e+02  5.000000e-01  1.125994e+00 -1.340999e+00 -1.642605e+00  1.419194e-01
3 -2.205251e-01 -2.139481e-01  9.494030e-01  4.038541e-01  2.270955e-01  1.048490e+01 6 1 -1.000000e+00
-5.364088e-01 -4.864684e-01  1.904912e+00  0.000000e+00  0.000000e+00  2.418156e-01  2.707087e-04 -2.233493e-01  5.245635e-03
 1.594062e-01  1.594476e-01 -4.325970e-01  4.265041e+01  5.000000e-01  5.740502e-01  1.187365e-05 -1.578941e+00  1.393685e-01
 6.550226e-04  6.704345e-04  1.690452e-05  5.535174e+01  1.000000e+00  2.448286e+02  6.258311e+00 -1.604492e+01  2.433802e+02
1 -9.015696e-01  1.220201e+00  0.000000e+00  2.791125e-01  0.000000e+00  7.495010e+00 0 2  2.899632e-01
-4.159179e-01  7.427791e-01  3.050177e+00  0.000000e+00  0.000000e+00  2.833144e-01  3.034982e-01  3.060673e-01  1.700033e-03
3 -2.497744e-01  2.559410e-01  1.372044e+00  6.233297e-01  3.323930e-01  5.529170e+00 6 1 -1.000000e+00
-6.685100e-01  8.573023e-01  2.366539e+00  0.000000e+00  0.000000e+00  3.382550e-01  6.003841e-03  1.237438e-01  2.775626e-03
 2.314207e-01 -1.783755e-01 -7.866212e-01  1.185540e+02  5.000000e-01  7.159427e-01 -3.010733e-01  1.123078e+00  1.209976e-01
 1.846494e-03 -1.472063e-03  9.323899e-05  1.403850e+02  1.000000e+00  1.054436e+02 -1.292546e+01  4.033681e+00  1.038852e+02
1  2.293011e+00 -9.500543e-01  0.000000e+00  2.027009e+00  0.000000e+00  4.308770e+00 0 2 -1.000000e+00
 3.834263e+00 -1.370200e+00  3.084731e+00  0.000000e+00  0.000000e+00  3.268938e-01 -2.494677e-01  2.581869e-01  3.718990e-03
3  4.601214e-01 -4.638141e-01  1.565884e+00  6.272418e-01  1.589362e-01  6.867430e+00 6 1 -1.000000e+00
 1.059154e+00 -8.730440e-01  1.524453e+00  0.000000e+00  0.000000e+00  1.779604e-01  4.459436e-02  1.333699e-01  2.290728e-03
-1.434646e-01  1.298021e-01 -2.422908e-01  1.281894e+02  5.000000e-01  1.005737e+00  4.852628e-02  2.030997e+00  4.161351e-01
-9.196576e-03  6.690385e-03  1.165148e-03  1.324769e+02  1.000000e+00  3.074244e+01 -4.580508e+00  2.317676e+00  2.945463e+01
2  1.109745e-01  3.819992e-02  1.179644e+00  5.093130e-01  8.148609e-01  4.420910e+00 6 3 -1.000000e+00
 6.266779e-01  3.086396e-01  3.504108e+00  0.000000e+00  0.000000e+00  3.350139e-01 -2.734732e-01 -2.864256e-01  8.279250e-03
-4.826297e-01 -9.260393e-02 -4.300253e+00  2.728212e+01  5.000000e-01  3.939757e-01 -7.438982e-01 -2.154657e-01  1.884818e-02
3 -5.687337e-02 -6.826119e-02  2.950925e-01  1.532785e-01  5.523958e-02  5.545690e+00 6 2 -1.000000e+00
-8.570595e-02 -2.010657e-01  5.849776e+00  0.000000e+00  0.000000e+00  3.679683e-01  2.801456e-01 -3.873445e-01  5.157978e-02
 5.443697e-02  5.862556e-02 -3.231392e-01  7.791389e+00  5.000000e-01  1.206768e+00  1.917623e-01 -1.760858e+00  7.688340e-01
 2.366005e-03  2.481743e-03  1.638548e-03  8.896900e+00  1.000000e+00  2.909165e+01 -2.594121e-01 -1.337075e+01  2.821838e+01
3 -7.203832e-02 -3.720161e-02  1.875171e-01  7.653085e-02  1.031472e-01  4.804140e+00 6 1 -1.000000e+00
-1.446662e-01 -7.644538e-02  1.680353e+00  0.000000e+00  0.000000e+00  2.171500e-01 -8.774357e-02 -1.002101e-01  2.130854e-02
 4.230893e-03  2.437976e-03  9.440556e-03  1.193996e+01  1.000000e+00  1.337968e+01 -3.276871e+00 -6.049190e+00  1.290294e+01
 2.077876e-02  1.181908e-02 -1.733237e-01  1.180170e+01  5.000000e-01  2.088797e+00 -1.407268e+00 -2.230387e+00  1.739536e+00
1  1.612599e+00  6.750890e-01  0.000000e+00  6.469555e-01  0.000000e+00  7.688820e+00 0 2  2.860276e-01
 6.305541e-02  9.734285e-01  6.661653e+00  0.000000e+00  0.000000e+00  3.263384e-01  5.119836e-01 -2.039114e-01  1.559083e-02
2  1.405440e+00 -8.801599e-01  1.777652e-02  1.074971e+00  3.331522e-01  5.502760e+00 6 1  2.816789e-01
-3.938530e-02 -5.734006e-03 -8.285610e-03  8.709910e+02  5.000000e-01  1.216854e+01 -1.542222e+01 -2.753651e+00  9.370872e+00
-2.172195e-02 -3.731270e-03  2.760370e-03  8.710586e+02  1.000000e+00  2.742361e+01 -1.746217e+01 -5.568616e+00  2.415707e+01
3  2.663521e-01 -2.089607e-01  9.011406e-01  3.396007e-01  1.975229e-01  4.707890e+00 6 1 -1.000000e+00
 4.909443e-01 -5.040858e-01  1.619372e+00  0.000000e+00  0.000000e+00  1.842039e-01 -6.915736e-02  2.078876e-01  4.936471e-03
-1.622107e-01  1.167546e-01 -3.198630e-01  7.830371e+01  5.000000e-01  4.721218e-01 -6.775961e-01  1.716350e+00  1.590514e-01
-9.061234e-04  7.828095e-04  2.944449e-05  9.761741e+01  1.000000e+00  1.855893e+02  9.443958e+00 -4.669785e+00  1.847032e+02
1 -2.926581e-01 -1.655122e-01  0.000000e+00  1.714595e-01  0.000000e+00  8.474830e+00 0 2 -1.000000e+00
-3.940699e-01 -2.288452e-01  3.177724e+00  0.000000e+00  0.000000e+00  3.171541e-01 -2.262852e-01 -3.168325e-01  4.580147e-03
1  3.484991e-01 -4.274582e-01  0.000000e+00  1.822225e-01  0.000000e+00  9.263080e+00 0 2  2.855096e-01
-2.258433e-01 -2.440002e-01  7.527184e+00  0.000000e+00  0.000000e+00  4.639050e-01 -7.892625e-02 -3.851191e-01  7.674115e-03
3 -1.327868e+00  6.667440e-01  2.954964e+00  1.317951e+00  1.415333e-02  6.618390e+00 6 2 -1.000000e+00
-2.492966e+00  1.078501e+00  3.077782e+00  0.000000e+00  0.000000e+00  3.591213e-01 -1.501527e-01  2.515362e-01  2.069417e-03
 1.211163e-02 -5.831587e-03  1.810710e-04  6.915748e+02  1.000000e+00  8.004985e+01 -1.742393e+01  2.055699e+01  7.831613e+01
 2.153818e-01 -1.033050e-01 -4.356088e-02  6.749421e+02  5.000000e-01  2.353539e+00 -3.097179e+00  3.898195e+00  1.381567e+00
3 -1.226953e+00  2.600150e-01  4.539149e+00  2.700731e+00  9.736747e-02  5.139720e+00 6 2 -1.000000e+00
-3.231437e+00  2.012329e+00  3.543192e+00  0.000000e+00  0.000000e+00  4.263255e-01 -1.430833e-01  1.624750e-01  4.287398e-03
 8.110896e-01 -5.209511e-02 -3.449916e-01  5.064447e+02  5.000000e-01  1.377025e+00 -1.728196e+00  2.326079e-01  4.703599e-01
 2.563919e-02 -1.934764e-03  5.417092e-04  5.461868e+02  1.000000e+00  4.923919e+01 -2.193194e+01  9.196909e-03  4.730564e+01
3 -2.537424e-01 -5.631116e-04  1.370754e+00  5.105944e-01  7.980852e-01  2.674610e+00 6 1 -1.000000e+00
 4.379069e-01  8.058666e-02 -1.594810e+00  3.693146e+01  5.000000e-01  4.220030e-01 -7.895333e-01 -5.811639e-01  5.786545e-02
-9.207084e-01  2.626039e-01  1.998296e+00  0.000000e+00  0.000000e+00  2.559279e-01 -2.306120e-01 -5.921818e-03  1.355803e-02
 1.489327e-03 -5.316217e-04  5.560961e-05  5.882785e+01  1.000000e+00  1.444884e+02 -1.907034e+00  5.101744e+01  1.431153e+02
1  3.679904e+00 -4.026647e-01  0.000000e+00  8.816515e+00  0.000000e+00  9.891020e+00 0 2 -1.000000e+00
 7.651435e+00 -7.480025e+00  4.152109e+00  0.000000e+00  0.000000e+00  4.038764e-01 -1.275890e-01  3.134373e-01  1.467558e-04
1  2.570495e+00 -1.781587e-01  0.000000e+00  1.148434e+00  0.000000e+00  2.022620e+00 0 2  2.871881e-01
 2.090774e+00 -1.094493e+00  3.775895e+00  0.000000e+00  0.000000e+00  4.354093e-01 -1.974126e-01  1.222827e-01  2.530015e-03
3 -4.108119e-02 -2.432183e-01  8.858061e-01  3.768251e-01  1.717204e-01  6.905730e+00 6 3 -1.000000e+00
-5.770599e-02 -6.507904e-01  3.183638e+00  0.000000e+00  0.000000e+00  3.150045e-01  3.692212e-01 -1.370710e-01  1.228924e-02
 2.055907e-02  2.315513e-01 -5.466955e-01  3.322217e+01  5.000000e-01  8.711223e-01  1.297980e+00 -4.012847e-01  2.047935e-01
-4.703497e-05  2.119660e-03  7.532027e-05  4.107002e+01  1.000000e+00  1.285910e+02  5.246134e+01  1.583099e+01  1.257921e+02
3 -1.664974e-01  9.157537e-02  5.205336e-01  2.028256e-01  2.190148e-01  3.609490e+00 6 1 -1.000000e+00
-3.443319e-01  2.041919e-01  1.827303e+00  0.000000e+00  0.000000e+00  2.035155e-01 -1.808120e-01  2.333238e-01  1.645904e-02
 1.017249e-01 -6.411488e-02 -4.002065e-01  2.510490e+01  5.000000e-01  6.560251e-01 -7.954599e-01  1.408642e+00  3.633271e-01
 2.689219e-03 -1.816734e-03  6.723065e-04  2.863861e+01  1.000000e+00  3.997961e+01  9.241370e-01  5.580259e+00  3.936516e+01
3  1.999923e-01  2.641972e-01  1.807080e+00  7.675487e-01  2.949095e-01  6.621760e+00 6 3 -1.000000e+00
-4.084174e-01 -5.177877e-01 -1.013151e+00  3.247429e+01  5.000000e-01  4.472181e-01  1.258062e-01 -1.129938e+00  1.060498e-01
 4.932728e-01  1.048256e+00  3.435464e+00  0.000000e+00  0.000000e+00  2.832320e-01  2.384094e-01 -4.072294e-01  2.929512e-02
-6.372583e-04 -1.289636e-03  2.378440e-05  6.143157e+01  1.000000e+00  2.126939e+02  5.070250e+01 -1.411377e+01  2.115010e+02
3  1.549872e-01 -1.473389e-01  1.182799e+00  4.730307e-01  8.412930e-01  5.358590e+00 6 1 -1.000000e+00
 5.588896e-01 -5.404082e-01  2.356437e+00  0.000000e+00  0.000000e+00  2.860080e-01 -4.153669e-02  2.892920e-01  2.100752e-02
-2.638245e-01  3.093892e-01 -1.982454e+00  4.304652e+01  5.000000e-01  4.830382e-01  7.116491e-02  8.755629e-01  1.272182e-01
-1.224901e-03  1.562971e-03  1.319039e-04  6.775441e+01  1.000000e+00  8.966260e+01  1.356838e+01  9.781433e+00  8.853358e+01
5  2.557538e-02  9.665252e-02  8.919074e-01  4.153540e-01  1.000000e+00  5.797650e+00 6 3 -1.000000e+00
-1.932786e-01 -2.309711e-01 -9.684595e-01  1.006194e+01  5.000000e-01  1.257724e+00  1.560101e-01 -1.036653e+00  9.908829e-01
 4.587470e-01 -6.535071e-02  6.785652e+00  4.593103e+00  0.000000e+00  4.177190e-01 -4.132853e-01  1.444877e-01  1.742751e-01
 4.368172e-01  1.756979e-01 -5.089606e+00  4.733836e+00  5.000000e-01  5.968272e-01 -4.702277e-01 -3.713665e-01  3.583038e-01
-1.897962e-01  5.469323e-01  2.381801e+00  0.000000e+00  0.000000e+00  2.935428e-01  2.039115e-01  1.940401e-01  9.149491e-02
-1.086198e-02 -1.775916e-02  3.927708e-02  1.145638e+01  1.000000e+00  7.086037e+00  7.035408e-01 -3.329374e+00  6.579861e+00
3 -5.028034e-02 -1.071739e-01  3.904961e-01  1.993380e-01  2.428226e-01  6.197840e+00 6 1 -1.000000e+00
-1.137131e-01 -2.652358e-01  2.176524e+00  0.000000e+00  0.000000e+00  2.412814e-01  2.543785e-01 -2.269299e-01  4.364940e-02
 5.288417e-02  8.793917e-02 -5.285092e-01  7.240722e+00  5.000000e-01  8.378382e-01  7.221457e-01 -1.181912e+00  5.411291e-01
 2.267653e-03  3.776516e-03  2.301600e-03  8.211170e+00  1.000000e+00  2.300235e+01  1.952637e+00 -6.768326e+00  2.240915e+01
3 -1.904373e-01 -4.576005e-01  5.295519e-01  2.842943e-01  1.591712e-01  3.094270e+00 6 3  2.735945e-01
-2.065651e-01 -3.364567e-01  3.905352e+00  0.000000e+00  0.000000e+00  3.449304e-01  1.796840e-01 -3.751945e-01  8.475412e-02
 9.830877e-02  9.652954e-02 -6.216193e-01  4.622974e+01  5.000000e-01  1.236797e+00 -2.033712e-02 -1.290101e+00  7.996442e-01
 1.099812e-02  1.121688e-02  1.949744e-02  4.910224e+01  1.000000e+00  9.154920e+00 -1.518280e-01 -3.897551e+00  8.345518e+00
3  8.124085e-02 -3.710371e-03  2.171344e-01  1.148580e-01  1.536235e-01  5.893680e+00 6 1 -1.000000e+00
 1.580700e-01 -1.156567e-01  2.000248e+00  0.000000e+00  0.000000e+00  2.596214e-01 -2.140427e-01  4.907176e-02  3.712311e-02
-2.529315e-02  6.416549e-04 -3.072851e-01  6.548847e+00  5.000000e-01  2.737889e+00 -2.499935e+00 -1.577669e-01  2.265049e+00
-1.217622e-02  7.087500e-04  9.302901e-02  6.559494e+00  1.000000e+00  5.851603e+00 -3.570577e+00  1.992586e-01  5.303496e+00
2 -1.841507e-01 -5.985715e-01  1.642179e+00  8.054902e-01  4.642725e-02  5.529730e+00 6 2 -1.000000e+00
-6.085431e-01 -1.218317e+00  3.509350e+00  0.000000e+00  0.000000e+00  3.967432e-01  2.254818e-01 -1.677010e-01  2.169399e-03
 8.571518e-02  2.698896e-01 -1.629295e-01  1.851271e+02  5.000000e-01  9.228710e-01  2.084808e+00 -1.340579e+00  1.780050e-01
3 -1.509550e-02  1.411357e-01  6.715107e-01  3.121628e-01  2.147201e-01  6.176880e+00 6 1 -1.000000e+00
 2.761092e-03 -2.499258e-01 -5.419309e-01  5.676531e+01  5.000000e-01  2.870956e-01  1.529392e+00 -1.201979e-01  6.729085e-02
-2.448169e-01  3.742791e-01  2.523895e+00  0.000000e+00  0.000000e+00  2.069598e-01  3.196959e-01  3.612398e-01  1.899341e-02
 1.473704e-05 -6.068154e-05  1.864792e-07  1.480452e+02  1.000000e+00  2.399775e+03  4.050908e+02  4.769618e+02  2.398984e+03
5 -6.028046e-03  6.604290e-02  7.587621e-02  2.699333e-02  1.000000e+00  3.839000e+00 6 3  2.998936e-01
-1.927143e-03 -1.811679e-02 -7.889163e+00  3.203404e-02  5.000000e-01  1.017928e+00  3.562090e-01  1.388242e-02  3.593968e-03
-3.083782e-02 -4.968665e-03  1.210027e+01  2.620395e-02  0.000000e+00  6.957105e-01 -9.454771e-02 -3.178173e-02  1.989788e-03
-1.598566e-02  1.637286e-02 -8.950548e+00  2.942134e-02  5.000000e-01  9.499867e-01  1.158336e-01  3.175042e-01  2.698521e-03
 4.262534e-02  1.401459e-02  5.085120e+00  0.000000e+00  0.000000e+00  5.409430e-01 -6.921714e-02 -9.638512e-02  1.492449e-03
-1.910852e-03 -1.418674e-03  1.270403e+00  3.416417e-02  1.000000e+00  1.898720e+00  1.425694e-01 -1.481974e-02  7.038477e-03
3  1.688867e+00  1.251056e+00  3.361036e+00  1.279486e+00  1.223191e-03  4.703630e+00 6 2 -1.000000e+00
 2.951840e+00  1.358237e+00  4.117797e+00  0.000000e+00  0.000000e+00  3.793749e-01 -1.408601e-01 -3.499795e-01  3.838085e-04
-8.829499e-02 -7.499188e-02 -5.036854e-03  1.052449e+03  5.000000e-01  6.342505e+00 -3.678191e+00 -1.461335e+01  4.793251e+00
-4.978851e-03 -4.721907e-03  1.910008e-05  1.064152e+03  1.000000e+00  2.577430e+02  8.242221e+00 -1.161604e+02  2.551500e+02
2 -7.222745e-01  7.176577e-01  1.938364e+00  9.998816e-01  3.788799e-01  8.063600e+00 6 1  2.755146e-01
-1.487735e+00  2.251701e-01  2.181372e+00  0.000000e+00  0.000000e+00  2.894502e-01 -2.138553e-01 -2.682996e-02  3.594749e-03
 4.502642e-01  2.627613e-01 -8.264778e-01  1.754441e+02  5.000000e-01  8.719248e-01 -3.835950e-01 -1.038851e+00  5.192286e-02
3 -1.080591e-01 -1.384978e-01  4.288114e-01  2.009463e-01  1.370399e-01  7.195650e+00 6 1 -1.000000e+00
-1.656977e-01 -3.318919e-01  1.665484e+00  0.000000e+00  0.000000e+00  2.149478e-01 -4.516127e-03 -1.259393e-01  7.279574e-03
 4.459696e-02  4.181306e-02 -2.282378e-01  3.135580e+01  5.000000e-01  1.154987e+00 -6.833872e-02 -2.097795e+00  7.586851e-01
 3.856760e-03  3.783267e-03  2.931456e-03  3.239614e+01  1.000000e+00  2.017946e+01 -1.841083e+00 -4.830582e+00  1.953753e+01
3 -2.020549e-03 -2.224550e-01  7.597890e-01  4.359475e-01  2.836321e-01  5.344220e+00 6 1 -1.000000e+00
-1.138632e-01 -5.574361e-01  2.340332e+00  0.000000e+00  0.000000e+00  2.647926e-01  3.299204e-01 -6.627614e-02  2.179390e-02
-1.545929e-02  1.959535e-01 -6.637932e-01  1.978568e+01  5.000000e-01  7.259105e-01  1.230912e+00  2.578248e-01  2.952386e-01
 1.409170e-04  6.286141e-03  1.878898e-03  2.271324e+01  1.000000e+00  2.423460e+01  2.741855e+00 -3.192645e-01  2.319951e+01
3  1.068386e-01  2.826345e-01  1.160506e+00  3.947163e-01  4.937555e-01  5.917770e+00 6 1 -1.000000e+00
-4.941547e-02 -2.599742e-01 -7.945467e-01  5.511603e+01  5.000000e-01  6.885056e-01  1.105764e+00 -3.645457e-01  3.194797e-01
 3.999050e-01  8.100195e-01  1.609191e+00  0.000000e+00  0.000000e+00  2.110829e-01  2.309712e-02  2.064649e-02  1.041839e-02
-1.162042e-03 -4.523405e-03  3.450580e-04  6.416254e+01  1.000000e+00  5.763211e+01  1.696451e+01 -4.619263e+00  5.665123e+01
1 -2.294093e+00  9.931095e-01  0.000000e+00  2.413991e+00  0.000000e+00  5.816700e+00 0 2 -1.000000e+00
-5.945568e+00  2.219592e+00  3.230896e+00  0.000000e+00  0.000000e+00  4.255361e-01 -1.001437e-01  1.023149e-01  1.922478e-03
3 -1.628997e-01  1.659786e-01  8.194702e-01  3.209431e-01  7.727172e-02  5.511170e+00 6 2 -1.000000e+00
-3.993479e-01  3.996490e-01  4.915298e+00  0.000000e+00  0.000000e+00  2.641306e-01 -1.245098e-01  5.679389e-01  7.251003e-02
 1.479610e-01 -2.102563e-01 -3.798135e-01  2.361076e+01  5.000000e-01  8.933558e-01  2.730530e-01  1.603024e+00  6.257888e-01
 3.565260e-03 -5.685122e-03  8.610147e-04  2.943859e+01  1.000000e+00  3.948771e+01  1.149434e+01  1.370269e+01  3.889419e+01
3  1.400145e-01  1.696376e-01  1.022432e+00  6.145522e-01  3.624933e-01  2.674870e+00 6 1 -1.000000e+00
-2.662974e-01 -1.988822e-01 -9.566077e-01  4.627777e+01  5.000000e-01  6.416802e-01 -2.717442e-01 -1.048765e+00  1.818237e-01
 3.213049e-01  6.378324e-01  2.638967e+00  0.000000e+00  0.000000e+00  2.920008e-01  1.864443e-01 -2.959142e-01  1.575998e-02
-1.890369e-03 -1.636460e-03  1.816356e-04  6.447482e+01  1.000000e+00  7.783997e+01 -1.209601e+01 -1.589150e+01  7.626122e+01
3 -4.872361e-02  2.582616e-01  1.141345e+00  6.672952e-01  5.833940e-01  6.618390e+00 6 1 -1.000000e+00
 3.167540e-03 -3.335276e-01 -1.191630e+00  6.380776e+01  5.000000e-01  4.979496e-01  1.041907e+00 -7.531144e-02  8.780647e-02
-3.169175e-01  7.620148e-01  2.042582e+00  0.000000e+00  0.000000e+00  2.644892e-01  2.090264e-01  8.779237e-02  7.743530e-03
 4.095427e-04 -1.731766e-03  1.096394e-04  8.777610e+01  1.000000e+00  9.680613e+01 -7.511285e+00  1.257572e+00  9.542342e+01
3  8.060222e-01  1.937173e-01  2.686000e+00  1.017386e+00  1.682189e-01  1.064050e+01 6 1 -1.000000e+00
 2.291389e+00  5.440221e-01  2.134042e+00  0.000000e+00  0.000000e+00  3.093074e-01 -1.247114e-02 -9.114006e-02  2.721453e-03
-3.381942e-01 -3.602051e-03 -3.589863e-01  4.111750e+02  5.000000e-01  1.337786e+00 -1.687720e+00 -2.265472e-01  5.571359e-01
-2.774333e-02  6.598179e-04  2.861636e-03  4.218962e+02  1.000000e+00  2.158884e+01 -8.004574e+00  3.221271e+00  2.019960e+01
3 -4.424400e-02 -2.440093e-02  7.980565e-01  3.905178e-01  7.643004e-01  4.429470e+00 6 3 -1.000000e+00
-3.704779e-01 -3.170682e-01  3.461446e+00  0.000000e+00  0.000000e+00  2.559688e-01 -1.048451e-01 -5.036798e-01  2.965046e-02
 3.941426e-01 -8.848645e-02 -4.528908e+00  1.730917e+01  5.000000e-01  3.513952e-01 -7.456875e-01  2.923049e-01  8.103037e-02
 1.812954e-04  9.102494e-05  3.152953e-05  7.105902e+01  1.000000e+00  1.806641e+02  7.166680e+00  2.261704e+01  1.796437e+02
3  3.177850e-01  1.730535e-01  9.336621e-01  4.715630e-01  1.255155e-01  5.167330e+00 6 1 -1.000000e+00
 5.541459e-01  4.971123e-01  1.631053e+00  0.000000e+00  0.000000e+00  1.888620e-01 -1.121955e-01 -1.796004e-01  9.782312e-03
-1.872626e-01 -7.037200e-02 -2.047224e-01  2.610104e+01  5.000000e-01  7.912664e-01 -1.656217e+00 -1.478234e+00  4.671808e-01
-2.296691e-03 -8.903800e-04  6.177084e-05  3.098714e+01  1.000000e+00  1.350728e+02 -3.780563e+01 -1.890438e+01  1.342539e+02
1 -4.709594e+00  2.493979e+00  0.000000e+00  3.316314e+00  0.000000e+00  7.451350e+00 0 2 -1.000000e+00
-8.319998e+00  2.415328e+00  1.029230e+01  0.000000e+00  0.000000e+00  4.865407e-01 -2.363514e-01  3.325935e-01  2.240034e-04
3 -6.009499e-02 -3.385513e-01  1.616898e+00  7.030337e-01  6.244656e-01  7.219000e+00 6 1 -1.000000e+00
-4.969538e-01 -1.184929e+00  1.805439e+00  0.000000e+00  0.000000e+00  2.546063e-01  4.133800e-02 -4.605990e-03  1.115842e-02
-6.105350e-02  3.721027e-01 -1.127435e+00  6.797740e+01  5.000000e-01  8.300306e-01  8.174277e-01  4.976654e-01  2.431762e-01
 2.374551e-03  1.460099e-02  3.964961e-03  7.509203e+01  1.000000e+00  1.724093e+01  3.308519e+00 -7.824728e-01  1.579035e+01
3 -2.901728e-01  3.503753e-02  2.263241e+00  1.598056e+00  6.043554e-01  4.757120e+00 6 1 -1.000000e+00
-1.414055e+00  5.005312e-01  2.554707e+00  0.000000e+00  0.000000e+00  3.535359e-01 -1.141738e-01  1.159561e-01  2.929512e-02
 8.138331e-01  1.020675e-01 -1.543951e+00  1.774966e+02  5.000000e-01  6.203088e-01 -7.750604e-01 -4.371907e-01  2.134966e-01
 2.038452e-03 -1.550939e-04  2.435104e-05  3.250507e+02  1.000000e+00  2.465520e+02 -1.377018e+02  1.637068e+01  2.454230e+02
3  1.824614e-01 -2.871859e-02  4.842815e-01  2.085244e-01  1.338161e-01  6.211120e+00 6 1 -1.000000e+00
-1.070295e-01  2.035535e-02 -2.582224e-01  2.266979e+01  5.000000e-01  6.213247e-01 -1.838290e+00  7.979452e-01  2.529735e-01
 3.766171e-01 -4.433643e-03  1.929681e+00  0.000000e+00  0.000000e+00  2.197977e-01 -2.852072e-01  9.566644e-02  8.292773e-03
-6.985553e-04  1.065487e-04  2.337912e-05  2.827548e+01  1.000000e+00  2.104746e+02 -3.197741e+01  9.155585e+00  2.094218e+02
2 -3.764349e-02 -2.212411e-01  5.621373e-01  2.639734e-01  1.054024e-01  2.467660e+00 6 1 -1.000000e+00
-8.303554e-02 -4.074511e-01  1.995719e+00  0.000000e+00  0.000000e+00  1.802393e-01  3.932030e-01 -1.277752e-01  9.286475e-03
 2.842236e-02  1.435258e-01 -2.103535e-01  7.269281e+01  5.000000e-01  4.363792e-01  2.117399e+00 -7.669357e-01  1.805647e-01
3 -4.197060e-01  3.095014e-01  1.457679e+00  7.873518e-01  2.281379e-01  6.158530e+00 6 1 -1.000000e+00
-8.805857e-01  7.276089e-01  1.276015e+00  0.000000e+00  0.000000e+00  1.116949e-01  1.680772e-03  7.344063e-02  1.113223e-02
 2.958666e-01 -1.330813e-01 -2.911075e-01  3.618839e+01  5.000000e-01  7.183540e-01 -1.123137e+00  1.501015e+00  5.238747e-01
 4.284665e-03 -1.807026e-03  8.798906e-05  4.285895e+01  1.000000e+00  1.195055e+02 -4.570294e+01  2.428470e+01  1.189932e+02
3  2.829249e-01  2.063011e-01  1.976514e+00  1.031910e+00  7.686572e-01  3.280620e+00 6 1 -1.000000e+00
 1.073016e+00  7.719242e-01  2.412542e+00  0.000000e+00  0.000000e+00  3.144416e-01 -4.808311e-02 -2.306031e-01  1.541272e-02
-5.636505e-01 -3.361956e-01 -1.854418e+00  8.652529e+01  5.000000e-01  5.511872e-01 -3.671286e-01 -7.783972e-01  1.156099e-01
-1.599005e-03 -8.642211e-04  2.910719e-05  1.393551e+02  1.000000e+00  1.951335e+02 -4.533751e+01 -3.572858e+01  1.934655e+02
3  4.018169e-01 -1.990945e-01  1.051167e+00  4.433014e-01  1.088358e-01  4.762320e+00 6 1 -1.000000e+00
 6.827064e-01 -4.748101e-01  1.741132e+00  0.000000e+00  0.000000e+00  1.883099e-01 -1.711224e-01  2.349870e-01  6.062943e-03
-1.128690e-03  5.198502e-04  1.386417e-05  1.196953e+02  1.000000e+00  2.707513e+02 -2.093832e+01  1.410503e+01  2.698154e+02
-2.047024e-01  8.862291e-02 -1.894974e-01  9.617904e+01  5.000000e-01  5.718283e-01 -1.624591e+00  1.679629e+00  2.420950e-01
3 -5.789917e-01 -8.632417e-01  1.234896e+00  5.354320e-01  1.269382e-01  5.171490e+00 6 1  2.793399e-01
-4.060457e-01 -9.818731e-01  2.147953e+00  0.000000e+00  0.000000e+00  2.682729e-01  4.305823e-02 -2.607892e-01  6.707237e-03
 1.066935e-01  1.415441e-01 -2.726573e-01  1.171598e+02  5.000000e-01  1.786071e+00  4.869976e-01 -2.012051e+00  7.030581e-01
 9.894693e-03  1.322383e-02  2.618652e-03  1.200647e+02  1.000000e+00  2.425148e+01  3.725820e+00 -1.203635e+01  2.149619e+01
3  1.107427e-01 -2.475021e-01  2.072552e-01  9.494899e-02  1.030033e-01  3.615580e+00 6 1  2.671893e-01
 4.524463e-03 -1.657586e-01  2.504496e+00  0.000000e+00  0.000000e+00  2.422451e-01  4.075497e-01  9.388225e-02  6.400798e-02
-1.077418e-02  4.093113e-02 -2.579713e-01  3.100732e+01  5.000000e-01  1.585312e+00  1.785619e+00  1.015163e+00  1.306711e+00
-1.438459e-03  5.705026e-03  9.251751e-03  3.210669e+01  1.000000e+00  1.306879e+01  5.285462e+00  3.103532e+00  1.263366e+01
3  6.013677e-01  9.176265e-01  1.318701e+00  7.663200e-01  4.432272e-01  8.731320e+00 6 3  2.997474e-01
-2.046322e-01 -4.434407e-01 -2.544967e+00  7.469070e+00  5.000000e-01  6.666575e-01  4.106994e-01 -5.791162e-01  2.236204e-01
-5.493998e-02  8.667362e-01  5.741902e+00  0.000000e+00  0.000000e+00  3.863054e-01  4.369755e-01 -1.073084e-01  8.379430e-02
-4.669620e-03 -1.698224e-02  1.948479e-02  9.789805e+00  1.000000e+00  8.224208e+00  9.297465e-01 -5.173854e-02  6.763141e+00
3 -4.192327e-01  4.498240e-01  1.136138e+00  4.766013e-01  2.915284e-02  1.061270e+01 6 2 -1.000000e+00
-5.521653e-01  7.954830e-01  3.872120e+00  0.000000e+00  0.000000e+00  2.664280e-01  7.481463e-02  5.237119e-01  1.628419e-02
 9.517810e-02 -1.381954e-01 -1.128833e-01  9.711581e+01  5.000000e-01  1.841509e+00  5.133537e-01  3.050133e+00  1.186307e+00
 9.482124e-03 -1.713572e-02  2.409086e-03  9.972065e+01  1.000000e+00  2.401635e+01  7.588697e+00  7.554394e+00  2.281917e+01
3  1.453365e-01 -7.075888e-01  2.382456e+00  9.391066e-01  1.753612e-01  4.702150e+00 6 1 -1.000000e+00
 7.334268e-01 -1.886740e+00  1.952145e+00  0.000000e+00  0.000000e+00  2.774447e-01  8.717507e-02  4.721880e-02  1.437119e-03
-2.370062e-02  3.722092e-01 -3.423305e-01  3.790320e+02  5.000000e-01  1.007657e+00  1.706106e+00  1.020465e-01  1.960114e-01
-3.448463e-04  2.596957e-03  2.016346e-05  4.243370e+02  1.000000e+00  2.297533e+02  5.225603e+01  1.644408e+00  2.272273e+02
3 -1.810854e-01  3.422261e-01  1.058905e+00  4.935275e-01  1.389720e-01  6.417530e+00 6 1 -1.000000e+00
-5.434702e-01  6.168859e-01  1.825538e+00  0.000000e+00  0.000000e+00  2.141707e-01  1.669442e-01  2.046303e-01  5.287936e-03
 1.039340e-01 -2.210564e-01 -2.536986e-01  1.503286e+02  5.000000e-01  5.225696e-01  1.410682e+00  1.476347e+00  1.572690e-01
 2.451096e-04 -4.221017e-04  2.212922e-06  2.072796e+02  1.000000e+00  6.813204e+02  3.140363e+01  9.979154e+01  6.800263e+02
1  2.443618e+00 -2.275315e+00  0.000000e+00  3.507472e+00  0.000000e+00  3.896210e+00 0 2 -1.000000e+00
 2.337379e+00 -6.980827e+00  9.603848e+00  0.000000e+00  0.000000e+00  5.208001e-01  1.418980e-01  3.246114e-01  2.755749e-03
3  3.296589e-01 -8.020369e-01  1.341665e+00  8.901557e-01  2.338854e-01  9.916580e+00 6 1  2.945064e-01
-8.834819e-01 -1.038919e-01 -2.843377e+00  5.121896e+01  5.000000e-01  6.153208e-01 -6.362657e-01 -3.079587e-01  7.521397e-03
 3.737901e-01  3.644361e-01 -6.650244e-01  7.628742e+01  5.000000e-01  9.831017e-01 -7.228131e-02 -1.224241e+00  9.119289e-02
 6.237129e-04  9.758778e-04  1.546191e-05  9.645606e+01  1.000000e+00  2.786530e+02  3.933534e+01 -1.042538e+02  2.734258e+02
1  2.406661e+00  1.193682e+00  0.000000e+00  1.423864e+00  0.000000e+00  6.415020e+00 0 2 -1.000000e+00
 3.179756e+00  1.797131e+00  3.006016e+00  0.000000e+00  0.000000e+00  3.035918e-01 -2.362337e-01 -3.106633e-01  2.094082e-03
1 -2.526293e+00  4.936035e-01  0.000000e+00  1.635688e+00  0.000000e+00  3.094200e+00 0 2 -1.000000e+00
-4.624840e+00  4.924724e-01  3.093174e+00  0.000000e+00  0.000000e+00  3.878090e-01 -2.049237e-01  9.742504e-02  6.536333e-04
3  1.634486e-01  9.891756e-02  5.998170e-01  2.881399e-01  2.145684e-01  3.543320e+00 6 1 -1.000000e+00
 2.826540e-01  3.607136e-01  1.701707e+00  0.000000e+00  0.000000e+00  1.835754e-01 -7.168194e-02 -2.715983e-01  3.904517e-02
-1.420733e-01 -6.282761e-02 -3.651326e-01  2.153013e+01  5.000000e-01  7.721339e-01 -1.236771e+00 -1.122966e+00  5.537782e-01
-4.080841e-03 -2.423175e-03  9.802433e-04  2.509785e+01  1.000000e+00  3.423487e+01 -4.631137e+00 -7.934377e+00  3.379829e+01
3  3.652128e-01 -2.386403e-01  9.918930e-01  3.801548e-01  1.111634e-01  7.688820e+00 6 1 -1.000000e+00
 5.749860e-01 -5.934833e-01  1.468308e+00  0.000000e+00  0.000000e+00  1.552429e-01 -1.234626e-01  1.315887e-01  1.067485e-02
-4.059191e-03  2.855071e-03  2.446886e-04  1.084507e+02  1.000000e+00  6.692548e+01 -3.998861e+00  1.559968e+01  6.641254e+01
-1.462144e-01  8.748779e-02 -1.632221e-01  9.906172e+01  5.000000e-01  8.832872e-01 -1.344861e+00  2.081247e+00  6.279993e-01
1  4.372126e+00  9.586284e+00  0.000000e+00  8.020258e+00  0.000000e+00  3.367760e+00 0 2 -1.000000e+00
 1.183512e+01  2.068863e+01  3.725525e+00  0.000000e+00  0.000000e+00  4.394316e-01  1.012984e-01 -1.885657e-01  5.309753e-04
3 -2.246209e-01 -5.793842e-01  2.476254e+00  1.258826e+00  3.320699e-01  7.444630e+00 6 1 -1.000000e+00
-1.119506e+00 -1.587117e+00  2.541843e+00  0.000000e+00  0.000000e+00  3.353616e-01  1.575649e-01 -1.533044e-01  6.979257e-03
 1.746528e-01  5.240400e-01 -8.440696e-01  1.701329e+02  5.000000e-01  8.634768e-01  9.786689e-01 -4.955625e-01  1.594876e-01
 4.882925e-03  8.634402e-03  4.386555e-04  1.931867e+02  1.000000e+00  5.067951e+01  2.392717e+00 -1.351426e+01  4.860095e+01
1 -5.010924e-01  9.447506e-02  0.000000e+00  1.594642e-01  0.000000e+00  4.731720e+00 0 2  2.959004e-01
-1.565958e-01  2.457884e-01  3.673124e+00  0.000000e+00  0.000000e+00  4.124780e-01  5.937541e-02  2.634556e-01  2.913152e-03
5 -3.341274e-01  5.869072e-01  1.725008e+00  5.480422e-01  1.000000e+00  6.415480e+00 6 3  2.743315e-01
-5.595799e-01 -5.677388e-01  3.199953e+00  3.725128e+01  0.000000e+00  3.864750e-01  2.403353e-01 -7.840478e-02  8.109636e-03
 3.340385e-02 -5.671788e-01 -2.379802e+00  4.412579e+01  5.000000e-01  5.376252e-01  7.213492e-01  3.371185e-01  1.286787e-02
 9.894700e-01  1.912725e-01  2.180604e+00  0.000000e+00  0.000000e+00  2.986277e-01 -4.194310e-02  1.776945e-01  2.166152e-03
-1.478951e-01  2.347676e-01 -4.647576e-01  9.224415e+01  5.000000e-01  9.228431e-01  6.802371e-01  1.301879e+00  5.950427e-02
-4.980303e-04  6.131649e-04  2.930727e-05  1.183346e+02  1.000000e+00  1.863879e+02  1.572100e+01 -5.461540e-01  1.819765e+02
3  6.194644e+00  1.939473e+00  5.457993e+00  2.452679e+00  1.673900e-01  7.631740e+00 6 1  2.971619e-01
 3.317335e+00  3.814224e+00  2.002164e+00  0.000000e+00  0.000000e+00  2.868286e-01  4.505109e-02 -8.440482e-02  6.468265e-04
-2.538005e-01 -3.133267e-01 -3.351422e-01  4.112072e+02  5.000000e-01  2.347403e+00  4.834638e-01 -2.136718e+00  5.707411e-01
-3.852573e-02 -4.700258e-02  5.634478e-03  4.130004e+02  1.000000e+00  1.701479e+01  1.636225e+00 -8.735996e+00  1.361632e+01
3 -8.491405e-01  2.539079e+00  1.439053e+00  5.426730e-01  4.868411e-03  6.164170e+00 6 2  3.084057e-01
-6.378956e-01 -1.217362e+00  3.079744e+00  0.000000e+00  0.000000e+00  3.212488e-01  3.435967e-01 -1.339481e-01  2.047998e-03
 7.488275e-04  1.406862e-02  6.626254e-04  1.312956e+02  1.000000e+00  5.012154e+01  2.996972e+01 -2.365046e+00  4.823833e+01
 4.283899e-03  7.045808e-02 -1.499346e-02  1.307269e+02  5.000000e-01  6.535970e+00  9.760589e+00 -1.440008e+00  5.266016e+00
2  2.087031e-01  1.549983e-01  7.226392e-01  4.112579e-01  5.199869e-02  4.973880e+00 6 2 -1.000000e+00
 3.425866e-01  4.101527e-01  4.199303e+00  0.000000e+00  0.000000e+00  3.037405e-01 -2.635193e-03 -4.966242e-01  9.868837e-03
-1.608555e-01 -1.082615e-01 -2.183583e-01  1.490203e+02  5.000000e-01  6.815818e-01 -7.905661e-01 -2.013958e+00  2.167822e-01
3  4.959477e-02 -1.743766e-02  3.291684e-01  1.460875e-01  5.610002e-01  4.947170e+00 6 1 -1.000000e+00
 2.037921e-01 -2.189379e-02  2.224227e+00  0.000000e+00  0.000000e+00  1.691292e-01 -4.709340e-01  1.377433e-01  1.962705e-02
-1.109429e-01  7.451004e-02 -1.247792e+00  1.576862e+01  5.000000e-01  2.679522e-01 -4.346584e-01  1.071626e+00  8.975422e-02
-7.339688e-05  3.708566e-05  3.266033e-06  4.108779e+01  1.000000e+00  5.611293e+02  1.744788e+01  8.519756e+01  5.605607e+02
1 -2.623071e+00  3.015621e+00  0.000000e+00  3.291463e+00  0.000000e+00  3.108330e+00 0 2 -1.000000e+00
-5.120127e+00  5.831508e+00  3.050147e+00  0.000000e+00  0.000000e+00  3.841441e-01  1.111452e-01  1.976669e-01  3.621698e-04
3 -1.984399e-01  1.619464e-01  4.636734e-01  2.755549e-01  8.150404e-01  1.592100e+00 6 3  2.789113e-01
-5.942931e-02 -1.785143e-01 -3.133756e+00  2.816027e+01  5.000000e-01  4.222028e-01  6.776209e-01 -4.402106e-01  4.086671e-02
 1.557940e-01  2.321826e-01  3.844909e+00  0.000000e+00  0.000000e+00  3.188975e-01  2.228642e-01 -3.926168e-01  1.541576e-02
-1.087902e-04 -1.681975e-04  2.594161e-05  6.746070e+01  1.000000e+00  1.995549e+02 -2.938322e+01 -3.545397e+00  1.976513e+02
3  1.286140e-01 -2.305930e-01  1.003922e+00  4.350568e-01  9.315360e-01  4.672940e+00 6 1  2.873397e-01
 6.325527e-01  6.614652e-01  1.630663e+00  0.000000e+00  0.000000e+00  2.073828e-01 -3.431446e-02 -1.175462e-01  8.255266e-03
-6.750173e-02 -5.810584e-02 -1.519022e+00  3.543213e+01  5.000000e-01  2.349637e+00 -2.623620e-01 -1.552741e+00  1.381189e+00
-5.289054e-02 -4.572679e-02  9.647318e-01  3.543357e+01  1.000000e+00  3.023509e+00 -2.834735e-01 -1.725593e+00  1.957875e+00
3  1.110739e-01 -3.076237e-01  1.589404e+00  7.986086e-01  3.776469e-01  3.896210e+00 6 3 -1.000000e+00
 3.531640e-01 -1.038933e+00  3.123344e+00  0.000000e+00  0.000000e+00  3.591123e-01  2.585981e-01  1.539297e-01  1.004672e-02
-2.008663e-01  4.507841e-01 -1.179521e+00  1.318411e+02  5.000000e-01  5.950262e-01  6.785340e-01  7.425611e-01  9.402009e-02
-4.570919e-04  1.193957e-03  2.167303e-05  2.016313e+02  1.000000e+00  2.180967e+02  2.094536e+01  2.349386e+01  2.164729e+02
3  5.208062e-02  1.188662e-01  6.443311e-01  2.723219e-01  5.293208e-01  3.213860e+00 6 3 -1.000000e+00
 2.003527e-01  4.234294e-01  1.769087e+00  0.000000e+00  0.000000e+00  2.373370e-01  7.330620e-02 -1.049660e-01  4.044660e-03
 1.409749e-02 -1.933944e-01 -3.342184e+00  4.037623e+01  5.000000e-01  5.307798e-01  7.125956e-01  1.076131e-01  8.107557e-02
-2.188311e-04 -1.311989e-03  2.757871e-04  5.260694e+01  1.000000e+00  6.316427e+01  3.995694e+00  1.491463e+01  6.145153e+01
3  2.032454e-01  1.048222e-01  8.962932e-01  3.847857e-01  1.812439e-01  6.591480e+00 6 1 -1.000000e+00
 6.181760e-01  1.070035e-01  1.790603e+00  0.000000e+00  0.000000e+00  1.722539e-01 -3.415907e-01 -1.000425e-01  4.525139e-02
-2.299757e-01 -1.827899e-01 -3.245359e-01  1.046067e+01  5.000000e-01  1.021167e+00 -3.909481e-01 -1.711412e+00  8.468065e-01
-4.353587e-03 -3.159663e-03  3.856630e-04  1.367760e+01  1.000000e+00  6.223902e+01 -6.626507e+00 -3.336720e+01  6.181175e+01
1  3.955137e+00 -1.863887e+01  0.000000e+00  1.253607e+01  0.000000e+00  2.520370e+00 0 2  2.765437e-01
-1.241878e+01 -2.070831e+01  3.433442e+00  0.000000e+00  0.000000e+00  4.289001e-01  2.119359e-02 -1.856154e-01  5.655966e-05
3 -6.367698e-02 -2.212125e-02  6.352010e-01  2.735121e-01  4.177028e-01  2.070400e+00 6 3 -1.000000e+00
-3.549214e-01 -1.678689e-01  2.716408e+00  0.000000e+00  0.000000e+00  3.017483e-01 -2.506081e-01 -2.379449e-01  3.028595e-02
 2.613303e-01 -1.387498e-02 -6.503207e+00  1.045603e+01  5.000000e-01  4.316152e-01 -6.769263e-01  1.363902e-01  8.357077e-02
 7.443293e-04  3.108483e-04  2.380767e-04  2.169485e+01  1.000000e+00  6.596972e+01  8.288436e-01 -4.477829e+00  6.444586e+01
3  2.894593e-01  6.533017e-01  2.141737e+00  1.127335e+00  1.862587e-01  7.208420e+00 6 1 -1.000000e+00
 7.883190e-02  1.811208e+00  1.745907e+00  0.000000e+00  0.000000e+00  2.227497e-01  3.788408e-02 -1.729590e-01  1.609831e-03
-2.215874e-01 -3.093538e-01 -3.251904e-01  2.332740e+02  5.000000e-01  6.747053e-01  5.328371e-01 -1.702064e+00  1.364954e-01
-1.955459e-03 -3.117919e-03  8.369296e-05  2.657968e+02  1.000000e+00  1.120896e+02 -1.969184e+01  2.166330e+00  1.104762e+02
3 -3.310154e-01 -5.389767e-01  1.768556e+00  8.316462e-01  1.266692e-01  7.460760e+00 6 1  2.773900e-01
 1.185721e+00 -8.950981e-01  1.624874e+00  0.000000e+00  0.000000e+00  2.099822e-01 -8.377570e-02 -4.095736e-02  2.476721e-03
-3.162160e-01  3.869862e-02 -2.058215e-01  1.882452e+02  5.000000e-01  1.004017e+00 -2.187558e+00  2.705331e-01  4.184304e-01
-1.545952e-03  3.345589e-04  6.698595e-06  2.255942e+02  1.000000e+00  4.360560e+02 -1.898964e+02  6.267429e+01  4.340587e+02
3 -9.347482e-01 -1.252102e+00  1.800274e+00  7.018193e-01  1.270999e-01  3.831330e+00 6 1  2.902413e-01
-1.317195e+00  1.083813e+00  1.898266e+00  0.000000e+00  0.000000e+00  2.709017e-01  6.486637e-02  2.408861e-02  1.238276e-03
 4.844118e-02 -8.922684e-02 -2.412694e-01  1.906007e+02  5.000000e-01  2.966111e+00  1.663725e+00  2.289619e+00  1.435237e+00
 2.229681e-02 -3.889327e-02  5.134692e-02  1.907206e+02  1.000000e+00  7.081306e+00  2.376342e+00  3.443823e+00  5.074897e+00
2  8.111813e-01 -9.960743e-02  2.526841e+00  1.249533e+00  7.241239e-02  6.675350e+00 6 2 -1.000000e+00
 2.089898e+00 -3.606932e-01  3.324114e+00  0.000000e+00  0.000000e+00  3.910849e-01 -2.630660e-01  2.723826e-02  1.121149e-03
-4.008566e-01  6.482202e-02 -2.407071e-01  3.562372e+02  5.000000e-01  1.210260e+00 -1.944855e+00  6.451168e-01  1.328176e-01
3  9.383440e-01  9.793111e-01  1.967819e+00  9.405381e-01  1.045720e-01  5.303850e+00 6 1  2.760742e-01
-5.680717e-01  1.718810e+00  2.006237e+00  0.000000e+00  0.000000e+00  2.482601e-01  2.081332e-01  1.528003e-01  3.448280e-03
 1.570548e-02 -1.604234e-01 -2.097963e-01  4.992450e+02  5.000000e-01  2.742090e+00  2.742236e+00  5.306087e-01  1.387466e+00
 6.268659e-03 -5.853786e-02  3.106126e-02  5.000875e+02  1.000000e+00  8.407046e+00  4.701465e+00  7.523971e-01  6.371512e+00
3 -9.212913e-01 -4.851923e-01  1.095853e+00  5.233828e-01  2.277083e-01  7.587760e+00 6 1  2.917044e-01
 1.973566e-01  6.687256e-02 -6.073977e-01  3.454539e+01  5.000000e-01  1.339464e+00 -9.789875e-01 -8.962073e-01  3.425902e-01
-8.668827e-01  3.281933e-01  2.667438e+00  0.000000e+00  0.000000e+00  3.803560e-01 -9.470238e-02 -9.923778e-03  5.724649e-03
 1.455576e-02  3.476913e-03  6.779795e-03  3.620609e+01  1.000000e+00  1.454507e+01 -5.068393e+00 -3.206760e+00  1.200836e+01
3  3.250347e-01 -3.510461e-02  1.229009e+00  6.104243e-01  1.550122e-01  5.132430e+00 6 3 -1.000000e+00
 7.986993e-01 -3.468239e-01  3.267988e+00  0.000000e+00  0.000000e+00  2.999946e-01 -3.645694e-01  2.260489e-01  8.918662e-03
-3.817498e-01 -4.767422e-03 -5.065781e-01  1.020034e+02  5.000000e-01  5.507227e-01 -1.474860e+00  2.585146e-02  1.288095e-01
-9.815374e-04 -7.512957e-05  1.242029e-05  1.579516e+02  1.000000e+00  2.929645e+02 -4.632662e+01 -5.082982e+01  2.914671e+02
3  2.180724e-01  7.869236e-02  7.189706e-01  2.918984e-01  2.581703e-01  3.850430e+00 6 1 -1.000000e+00
 5.013879e-01  1.555132e-01  1.828690e+00  0.000000e+00  0.000000e+00  1.992022e-01 -2.341977e-01 -1.989699e-01  5.866970e-03
-1.834712e-01 -6.331723e-02 -4.721135e-01  6.404973e+01  5.000000e-01  4.151176e-01 -1.181900e+00 -1.031181e+00  9.683536e-02
-4.570031e-04 -1.068795e-04  8.120236e-06  9.211929e+01  1.000000e+00  3.542594e+02 -1.639468e+01  3.707171e+01  3.531300e+02
3  6.835881e-02  4.617891e-02  7.093141e-01  3.912152e-01  5.619223e-01  4.114590e+00 6 3 -1.000000e+00
-2.804749e-01 -9.621557e-02 -2.341484e+00  2.872547e+01  5.000000e-01  4.697725e-01 -6.321020e-01 -5.555789e-01  7.937639e-02
 2.915613e-01  3.231900e-01  4.166917e+00  0.000000e+00  0.000000e+00  3.390526e-01  3.253507e-02 -4.425013e-01  2.029413e-02
-4.172883e-04 -1.909532e-04  5.037389e-05  6.620520e+01  1.000000e+00  1.437994e+02 -2.113049e+01  9.676317e+00  1.424802e+02
1 -4.881057e+00  3.026654e+00  0.000000e+00  5.220284e+00  0.000000e+00  4.672940e+00 0 2 -1.000000e+00
-8.547621e+00  8.301644e+00  5.714264e+00  0.000000e+00  0.000000e+00  4.537863e-01 -1.435838e-01  3.205191e-01  3.377022e-04
3  5.430381e-02  8.668086e-02  3.244203e-01  1.862265e-01  4.601754e-01  1.673340e+00 6 1 -1.000000e+00
 9.392664e-02  2.331627e-01  1.964014e+00  0.000000e+00  0.000000e+00  2.013073e-01  2.080457e-01 -2.923451e-01  7.825487e-02
-4.951231e-02 -5.782488e-02 -9.037909e-01  2.298748e+01  5.000000e-01  1.019060e+00  1.526915e-01 -1.040913e+00  8.352637e-01
-8.404098e-03 -1.116268e-02  5.917402e-02  2.370239e+01  1.000000e+00  5.335333e+00  9.432598e-02 -1.373648e+00  5.066228e+00
3  3.507194e-01  1.722397e-01  1.145471e+00  4.312972e-01  2.694921e-01  8.466620e+00 6 1 -1.000000e+00
-2.393300e-01 -9.473687e-02 -4.883400e-01  9.764358e+01  5.000000e-01  5.989254e-01 -1.123223e+00 -9.731313e-01  1.322572e-01
 7.454175e-01  4.903921e-01  1.812075e+00  0.000000e+00  0.000000e+00  2.093442e-01 -1.545345e-01 -2.222661e-01  4.274442e-03
-1.865233e-03 -9.585471e-04  7.152917e-05  1.170599e+02  1.000000e+00  1.192863e+02  3.221923e+00  9.807784e-01  1.176535e+02
3 -2.328576e-01  1.105609e-01  6.190791e-01  3.100194e-01  1.127117e-01  3.740740e+00 6 1 -1.000000e+00
-4.522824e-01  1.986747e-01  1.751521e+00  0.000000e+00  0.000000e+00  2.026291e-01 -1.475530e-01  2.075960e-01  1.437827e-02
 1.169638e-01 -4.467211e-02 -1.974170e-01  4.726879e+01  5.000000e-01  8.691280e-01 -1.518153e+00  1.666661e+00  5.513482e-01
 2.635281e-03 -8.053021e-04  1.744035e-04  5.358097e+01  1.000000e+00  8.101090e+01 -2.473227e+01  7.498567e+00  8.032398e+01
1 -1.200941e+00  1.574698e+00  0.000000e+00  6.214440e-01  0.000000e+00  9.596960e+00 0 2  2.743225e-01
-2.226225e-01  1.562167e+00  3.544384e+00  0.000000e+00  0.000000e+00  4.034976e-01  8.804404e-02  2.567624e-01  1.109547e-03
2 -1.406271e-01 -3.721235e-02  9.130813e-01  4.270232e-01  8.619151e-01  4.772750e+00 6 1 -1.000000e+00
-5.618501e-01 -8.822964e-02  2.067899e+00  0.000000e+00  0.000000e+00  2.121936e-01 -3.347082e-01 -1.581984e-01  6.576846e-03
 3.271772e-01  1.199718e-01 -2.399191e+00  5.922861e+01  5.000000e-01  2.762690e-01 -6.633038e-01 -7.075463e-01  2.035695e-02
3 -1.137614e-01 -6.939915e-01  1.346853e+00  5.294266e-01  3.267830e-02  5.669650e+00 6 2 -1.000000e+00
-3.892335e-01 -1.052502e+00  3.036210e+00  0.000000e+00  0.000000e+00  2.154782e-01  4.293774e-01 -3.189853e-01  4.532478e-02
 1.806990e-03  3.503281e-02  3.565550e-03  5.509135e+01  1.000000e+00  2.269975e+01  1.378276e+01 -6.729086e-01  2.209117e+01
 1.381360e-02  2.326310e-01 -9.921819e-02  5.373144e+01  5.000000e-01  2.689607e+00  3.545134e+00 -6.046417e-01  2.320282e+00
3 -3.938846e-01  1.123392e-01  1.985029e+00  9.334292e-01  4.200325e-01  5.137160e+00 6 3 -1.000000e+00
 5.163857e-01 -1.783007e-01 -1.312286e+00  6.191635e+01  5.000000e-01  8.538616e-01 -7.124252e-01  5.252006e-01  2.781451e-01
-1.391184e+00  3.708038e-01  3.124249e+00  0.000000e+00  0.000000e+00  3.834027e-01 -2.160722e-01  1.158794e-01  2.562610e-02
 1.819992e-02 -6.431325e-03  3.517866e-03  7.122754e+01  1.000000e+00  1.880221e+01 -3.977737e+00  4.102810e+00  1.742776e+01
3 -7.004554e-01 -3.141577e-01  3.303855e+00  1.081501e+00  4.743140e-01  6.406220e+00 6 1 -1.000000e+00
-2.534227e+00 -7.284306e-01  2.129356e+00  0.000000e+00  0.000000e+00  3.093818e-01 -6.881839e-02 -5.091297e-02  1.075603e-03
 5.498994e-01  4.563158e-01 -1.009984e+00  4.277132e+02  5.000000e-01  7.280232e-01 -8.071238e-02 -1.028383e+00  5.984237e-02
 1.296045e-03  8.027502e-04  7.186500e-06  5.356312e+02  1.000000e+00  3.774742e+02  3.194311e+01 -3.953003e+01  3.751353e+02
3 -3.297749e-01 -5.946108e-01  1.027231e+00  4.850495e-01  3.717994e-01  2.549530e+00 6 1  2.818676e-01
-1.164221e-01 -2.406754e-01 -8.996936e-01  7.984744e+01  5.000000e-01  8.338958e-01  7.191586e-01 -7.886007e-01  1.854475e-01
 6.227675e-01  4.726289e-01  2.419836e+00  0.000000e+00  0.000000e+00  3.178070e-01  9.817849e-03 -2.281224e-01  8.247148e-03
-2.272840e-03 -3.601971e-03  4.998288e-04  9.426799e+01  1.000000e+00  4.736984e+01  8.038459e+00 -9.211955e+00  4.524601e+01
3  2.207724e-01 -1.298306e-02  9.509500e-01  4.518110e-01  3.609439e-01  3.736620e+00 6 1 -1.000000e+00
 6.492982e-01 -1.979510e-01  2.084891e+00  0.000000e+00  0.000000e+00  2.680615e-01 -2.274114e-01  6.615727e-02  1.316943e-02
-2.873680e-01 -3.374919e-02 -7.525287e-01  1.000831e+02  5.000000e-01  5.084988e-01 -1.187759e+00 -3.995686e-01  1.515641e-01
-8.113017e-04  2.455988e-05  1.680081e-05  1.533539e+02  1.000000e+00  2.502879e+02 -5.116161e+01 -2.447213e+00  2.492356e+02
1  1.369313e+00 -4.064356e+00  0.000000e+00  1.602557e+00  0.000000e+00  7.206300e+00 0 2 -1.000000e+00
 1.611812e+00 -6.095881e+00  3.273567e+00  0.000000e+00  0.000000e+00  3.540921e-01  2.723221e-01  1.938054e-01  1.506957e-05
3  5.704164e-02 -1.336599e-01  1.216935e+00  6.928808e-01  4.143224e-01  3.105920e+00 6 3 -1.000000e+00
 3.231518e-01 -6.496065e-01  2.578965e+00  0.000000e+00  0.000000e+00  2.590844e-01  2.837892e-01  2.840195e-01  2.859296e-02
-1.994830e-01  4.493855e-01 -6.224536e+00  2.685744e+01  5.000000e-01  3.550971e-01  5.614850e-01  5.111643e-01  7.945943e-02
-5.207546e-04  9.105334e-04  9.243673e-05  5.982982e+01  1.000000e+00  1.056980e+02 -1.022163e+01  6.243894e+00  1.046430e+02
3 -9.537481e-01 -3.049043e-01  1.997747e+00  1.090097e+00  1.662167e-02  7.867970e+00 6 2 -1.000000e+00
-1.565283e+00 -2.228885e-01  5.790161e+00  0.000000e+00  0.000000e+00  2.838839e-01 -5.412866e-01 -2.170813e-01  1.041776e-02
 2.183207e-03  8.385794e-04  6.120503e-06  1.811635e+02  1.000000e+00  4.270901e+02 -8.860692e+01 -1.015694e+02  4.254985e+02
 3.981899e-01  1.455776e-01 -9.624216e-02  1.451860e+02  5.000000e-01  9.998190e-01 -2.510596e+00 -2.021723e+00  4.584931e-01
3 -1.102582e-01 -4.908181e-01  1.465721e+00  6.085777e-01  6.587944e-02  4.283440e+00 6 2 -1.000000e+00
-2.858943e-01 -1.113497e+00  3.882288e+00  0.000000e+00  0.000000e+00  3.783414e-01  3.133253e-01 -1.752329e-01  9.378146e-03
 5.059598e-02  3.130771e-01 -2.557629e-01  8.127252e+01  5.000000e-01  1.031517e+00  1.822305e+00 -7.681584e-01  3.333245e-01
 3.200982e-04  3.998065e-03  8.501525e-05  9.552762e+01  1.000000e+00  1.158252e+02  3.743238e+01  4.587555e+00  1.139328e+02
3 -1.304301e-01 -2.471419e-01  1.141242e+00  5.279368e-01  2.255788e-01  8.219240e+00 6 3 -1.000000e+00
-1.130684e-01 -8.326390e-01  3.445021e+00  0.000000e+00  0.000000e+00  3.425278e-01  2.808684e-01 -2.512144e-01  2.484488e-02
 1.453110e-01  2.789693e-01 -7.771236e-01  4.973529e+01  5.000000e-01  7.835146e-01  5.024445e-01 -1.039813e+00  2.249421e-01
 2.509147e-03  7.044914e-03  1.249378e-03  5.921171e+01  1.000000e+00  3.029212e+01  7.294302e+00 -2.103169e+00  2.860576e+01
3 -3.353641e-01 -4.604559e-01  1.569407e+00  6.561513e-01  1.669199e-01  5.313930e+00 6 1 -1.000000e+00
-8.386410e-01 -1.023900e+00  1.775345e+00  0.000000e+00  0.000000e+00  2.412804e-01  2.303920e-02 -1.088756e-01  3.608850e-03
 1.402655e-01  2.027950e-01 -2.963406e-01  1.521351e+02  5.000000e-01  8.700677e-01  7.520415e-01 -1.681015e+00  3.313185e-01
 3.915999e-03  4.805218e-03  2.842245e-04  1.642692e+02  1.000000e+00  6.096804e+01 -7.488644e-01 -8.789707e+00  5.973784e+01
3  8.466917e-02 -1.837872e-01  5.336738e-01  2.721470e-01  7.639801e-02  6.596540e+00 6 2 -1.000000e+00
 1.633108e-01 -4.016917e-01  4.734544e+00  0.000000e+00  0.000000e+00  3.239380e-01  3.669088e-01  3.335029e-01  1.026686e-01
-4.461702e-02  8.980988e-02 -3.617097e-01  2.667094e+01  5.000000e-01  2.022447e+00  1.179515e+00  1.555246e+00  1.658438e+00
-1.325718e-02  2.702521e-02  5.290867e-02  2.694014e+01  1.000000e+00  6.625205e+00  2.132652e+00  2.862557e+00  6.146847e+00
3 -1.198333e-01  7.073347e-03  2.807461e-01  9.990742e-02  2.027626e-01  6.187850e+00 6 1 -1.000000e+00
-2.496564e-01  1.661911e-02  1.728354e+00  0.000000e+00  0.000000e+00  2.240696e-01 -1.511919e-01  2.497481e-02  1.213735e-02
 3.065683e-02  1.036474e-03 -3.504455e-01  8.761598e+00  5.000000e-01  1.837412e+00 -1.885363e+00 -1.329369e-02  1.406676e+00
 1.129910e-02  5.035307e-04  5.827181e-02  8.787570e+00  1.000000e+00  5.865657e+00 -2.523111e+00 -3.841529e-01  5.329160e+00
1  1.579976e+00  9.397550e-01  0.000000e+00  3.530221e-01  0.000000e+00  5.357790e+00 0 2  2.718112e-01
 9.531132e-01  1.058636e+00  3.393703e+00  0.000000e+00  0.000000e+00  4.268090e-01 -7.141354e-02 -1.696606e-01  5.293055e-04
3  2.101523e-01 -3.001375e-02  1.159342e+00  4.342936e-01  5.818416e-01  7.737260e+00 6 3 -1.000000e+00
 7.655089e-01 -1.517218e-01  1.985282e+00  0.000000e+00  0.000000e+00  2.584298e-01 -2.030718e-01  7.057880e-02  1.239286e-02
-3.844125e-01 -4.230958e-03 -3.412066e+00  3.603945e+01  5.000000e-01  4.405030e-01 -7.760664e-01 -6.193094e-02  8.497377e-02
-1.662022e-03  2.690673e-04  1.249386e-04  5.488438e+01  1.000000e+00  9.047906e+01  4.629340e-01  1.535404e+00  8.925919e+01
3  4.248445e-01  3.113049e-01  1.415474e+00  6.333224e-01  1.151575e-01  5.364130e+00 6 1 -1.000000e+00
 8.614130e-01  8.368296e-01  1.872139e+00  0.000000e+00  0.000000e+00  2.537246e-01 -3.615189e-02 -1.465326e-01  1.676673e-03
-1.924693e-01 -1.081038e-01 -2.155909e-01  1.751676e+02  5.000000e-01  9.319277e-01 -1.062107e+00 -1.874827e+00  2.314425e-01
-1.970511e-03 -9.820858e-04  3.493090e-05  1.954818e+02  1.000000e+00  1.736186e+02 -3.385373e+01 -4.810251e+00  1.715828e+02
3 -1.137936e-01 -7.960840e-01  4.115438e+00  1.716517e+00  2.338687e-01  5.490690e+00 6 3 -1.000000e+00
-2.031651e+00 -2.636579e+00  3.142012e+00  0.000000e+00  0.000000e+00  4.152185e-01  1.207985e-01 -9.544479e-02  1.187175e-02
-1.037605e-01  9.993616e-01 -7.348183e-01  2.501115e+02  5.000000e-01  1.125599e+00  1.124182e+00  3.359616e-01  4.538518e-01
 7.075767e-04  4.785373e-02  4.632055e-03  2.754178e+02  1.000000e+00  1.740024e+01  7.222569e+00  9.568069e-01  1.609733e+01
1  3.240095e+01 -1.828477e+01  0.000000e+00  2.069342e+01  0.000000e+00  4.106570e+00 0 2 -1.000000e+00
 4.829715e+01 -1.933355e+01  7.724181e+00  0.000000e+00  0.000000e+00  4.427190e-01 -2.677337e-01  3.307828e-01  9.849386e-05
3 -7.628503e-02 -3.143622e-01  9.176139e-01  3.970382e-01  1.939174e-01  4.284490e+00 6 1 -1.000000e+00
-1.090938e-01 -6.644890e-01  1.754385e+00  0.000000e+00  0.000000e+00  1.712154e-01  2.991997e-01 -1.654184e-01  1.736265e-02
 4.593301e-02  2.399346e-01 -3.402057e-01  4.489611e+01  5.000000e-01  4.911020e-01  1.585094e+00 -8.281623e-01  2.632789e-01
 1.588837e-04  1.788136e-03  4.685449e-05  5.926826e+01  1.000000e+00  1.509360e+02  3.146551e+01  1.216725e+01  1.503400e+02
1  2.326202e+00 -5.120733e-01  0.000000e+00  1.613102e+00  0.000000e+00  8.188390e+00 0 2 -1.000000e+00
 3.512042e+00 -1.092696e+00  3.167409e+00  0.000000e+00  0.000000e+00  3.138953e-01 -3.403898e-01  1.978862e-01  1.486597e-03
3  5.567345e-02  1.463659e-01  9.131993e-01  3.838103e-01  2.600314e-01  8.207670e+00 6 3 -1.000000e+00
-1.159405e-01 -3.047705e-01 -1.114280e+00  5.380713e+01  5.000000e-01  5.865152e-01  6.881119e-01 -7.713054e-01  1.804790e-01
 9.878339e-02  5.828254e-01  4.285176e+00  0.000000e+00  0.000000e+00  3.533747e-01  3.754371e-01 -2.093049e-01  4.362717e-02
-3.931427e-04 -1.491307e-03  1.011214e-04  8.898961e+01  1.000000e+00  1.057573e+02  3.159506e+01 -9.313773e+00  1.044134e+02
3  7.196670e-02  1.189031e-03  2.820025e-01  1.342966e-01  3.808086e-01  4.871060e+00 6 1 -1.000000e+00
-8.484833e-02  1.159206e-02 -7.422145e-01  1.756740e+01  5.000000e-01  6.550672e-01 -1.203791e+00  1.310901e-01  4.532710e-01
 1.963438e-01 -9.770768e-03  1.949048e+00  0.000000e+00  0.000000e+00  2.097792e-01 -3.267267e-01 -6.802702e-02  5.518219e-02
-2.010468e-03  3.608662e-04  1.029580e-03  2.187081e+01  1.000000e+00  3.463527e+01 -9.834567e+00  7.958805e+00  3.422574e+01
3  1.064219e-01  1.280083e-01  7.536007e-01  4.062783e-01  3.500736e-01  4.794580e+00 6 1 -1.000000e+00
-1.581734e-01 -2.154510e-01 -8.142613e-01  2.530685e+01  5.000000e-01  3.378229e-01  4.821891e-01 -1.197530e+00  1.222112e-01
 3.784709e-01  3.136303e-01  2.325972e+00  0.000000e+00  0.000000e+00  1.906591e-01 -4.189855e-03 -4.744336e-01  2.564531e-02
-3.810496e-04 -3.867533e-04  1.537146e-05  4.663293e+01  1.000000e+00  2.583321e+02 -1.851350e+01 -2.866078e+01  2.575861e+02
3 -3.346877e-01  1.143566e-01  1.061097e+00  4.700514e-01  2.093158e-01  3.720390e+00 6 1 -1.000000e+00
-7.677094e-01  2.572865e-01  2.066928e+00  0.000000e+00  0.000000e+00  2.482168e-01 -2.339564e-01  1.631947e-01  1.579844e-02
 2.386209e-01 -7.920402e-02 -4.326405e-01  1.092013e+02  5.000000e-01  7.109404e-01 -1.207429e+00  9.680182e-01  3.315424e-01
 4.842402e-03 -1.390519e-03  3.772062e-04  1.274160e+02  1.000000e+00  5.345915e+01 -9.391270e+00  3.563212e+00  5.257225e+01
1  1.446620e-02 -1.015913e-02  0.000000e+00  3.454721e-03  0.000000e+00  3.580220e+00 0 2  2.717870e-01
-8.870917e-03 -1.010259e-02  3.977989e+00  0.000000e+00  0.000000e+00  4.905925e-01 -3.191143e-02 -8.422801e-02  2.044909e-02
5 -3.114585e-01  4.600880e-02  6.817707e+00  2.921688e+00  1.000000e+00  7.234740e+00 6 3 -1.000000e+00
 6.223896e-01 -3.188132e+00  8.486754e+00  6.277856e+01  0.000000e+00  6.107485e-01  1.792217e-01  3.956832e-02  3.971808e-02
-1.736718e+00 -2.136849e+00 -6.878628e+00  7.547642e+01  5.000000e-01  7.678600e-01  1.178963e-02 -4.462374e-01  7.305353e-02
 1.890721e+00  7.263927e-01 -3.211383e+00  1.271081e+02  5.000000e-01  8.860026e-01 -4.047411e-01 -4.007148e-01  1.509344e-01
-2.484843e+00  2.880330e+00  5.231972e+00  0.000000e+00  0.000000e+00  5.279166e-01 -4.075214e-02  1.734056e-01  2.804463e-02
 3.741952e-02 -1.988286e-03  1.927029e-02  1.714067e+02  1.000000e+00  8.405116e+00 -1.663131e+00 -4.199888e-01  6.674205e+00
3 -1.556998e-01 -3.087147e-01  1.000418e+00  3.920700e-01  1.669377e-01  4.307510e+00 6 1 -1.000000e+00
-4.194565e-01 -6.523344e-01  1.680305e+00  0.000000e+00  0.000000e+00  2.017221e-01  1.367184e-01 -1.530540e-01  2.724405e-02
 1.096551e-01  1.967101e-01 -2.805062e-01  2.421624e+01  5.000000e-01  9.389040e-01  1.158933e+00 -1.491842e+00  6.184627e-01
 2.630672e-03  4.120099e-03  2.139259e-04  2.797681e+01  1.000000e+00  7.737078e+01  1.058438e+01 -3.234116e+01  7.656685e+01
2  6.270114e-01  2.537721e-01  1.100175e+00  4.721835e-01  1.540922e-01  4.795300e+00 6 1  2.906836e-01
-8.807874e-01 -1.455847e-01  1.754610e+00  0.000000e+00  0.000000e+00  2.251878e-01 -5.790145e-02 -1.644811e-01  2.699521e-03
 1.927382e-01  9.509952e-02 -2.703717e-01  5.954187e+01  5.000000e-01  6.135577e-01 -8.575768e-01 -1.764231e+00  9.627180e-02
