# num_image x_src y_src, sep, ein, fr, zs, fs, flag_out, frac_sh_trunc
# x_img, y_img, mag, delay, n_i, kappa, gamma1, gamma2, kappa*
# zmin, zmax, log10Mhmin, log10Mhmax, log10mshmin, log10mshmax, n_bins: 0.10, 3.00, 10.00, 16.00, 9.00, 16.00, 100
3 -3.178057e-01 -8.569610e-01  5.151764e+00  2.518737e+00  8.422934e-01  5.922420e+00 6 3 -1.000000e+00
-9.555413e-01 -4.111502e+00  2.892533e+00  0.000000e+00  0.000000e+00  4.009354e-01  8.799943e-02 -7.359920e-02  7.609961e-03
 6.035389e-01  7.986859e-01 -3.434116e+00  4.069086e+02  5.000000e-01  1.209119e+00  7.902196e-02 -5.733079e-01  3.669031e-01
 1.532859e-01  2.391775e-01  3.225885e-01  4.105235e+02  1.000000e+00  3.229785e+00  3.859263e-01 -1.312660e+00  1.975537e+00
3 -9.202427e-02 -2.428152e-01  9.342600e-01  4.485242e-01  8.788576e-01  9.331060e+00 6 1 -1.000000e+00
-2.807894e-01 -6.631867e-01  1.718580e+00  0.000000e+00  0.000000e+00  2.072020e-01  1.389249e-01 -1.653865e-01  5.133328e-02
 4.508559e-02  2.123972e-01 -1.510387e+00  1.217933e+01  5.000000e-01  8.890403e-01  7.488559e-01 -3.370593e-01  6.226376e-01
 9.468849e-03  3.375090e-02  5.973712e-02  1.260694e+01  1.000000e+00  5.270306e+00  1.165537e+00 -3.701728e-01  4.838639e+00
5 -3.904470e-01 -8.360805e-01  1.367325e+00  5.709298e-01  1.000000e+00  8.161230e+00 6 3  2.811504e-01
 3.629572e-01 -7.125971e-01  5.066088e+00  2.546378e+00  0.000000e+00  5.461619e-01  8.923952e-02 -2.478621e-02  2.706499e-03
-2.566908e-01 -4.945480e-01 -4.019691e+00  7.861555e+00  5.000000e-01  6.819543e-01  2.865874e-01 -5.174902e-01  4.462842e-03
-7.536003e-01  7.662822e-02  4.336499e+00  0.000000e+00  0.000000e+00  4.966380e-01 -1.500668e-01 -1.589048e-02  5.977094e-03
 2.220190e-01  2.393038e-01 -1.752771e+00  2.725542e+01  5.000000e-01  8.451130e-01  1.094436e-01 -7.632413e-01  2.243566e-02
 9.423047e-04  6.168134e-04  1.963175e-04  3.862403e+01  1.000000e+00  7.369353e+01 -1.345704e+01 -3.077216e+00  6.918937e+01
3  1.542629e-01  2.232865e+00  1.708175e+00  7.647752e-01  4.591487e-01  5.522740e+00 6 1  2.958610e-01
-1.286839e+00 -4.778198e-01  2.315655e+00  0.000000e+00  0.000000e+00  2.979817e-01 -1.294622e-01 -2.102998e-01  1.388288e-03
 3.225893e-01  9.454713e-02 -1.063230e+00  1.083422e+02  5.000000e-01  9.485236e-01 -8.453286e-01 -4.781208e-01  7.024748e-02
 4.356603e-03  2.461834e-03  2.563381e-04  1.178759e+02  1.000000e+00  6.446455e+01  3.291403e-01 -1.124914e+01  6.062300e+01
3 -5.211409e-02 -2.577610e+00  3.404861e+00  2.081419e+00  1.060587e-01  6.144530e+00 6 3  2.681347e-01
 1.228146e+00  2.890317e+00  3.115536e+00  0.000000e+00  0.000000e+00  3.341297e-01  2.404365e-01 -2.541683e-01  6.789527e-04
-1.153077e-02 -2.808466e-01 -3.304296e-01  1.318733e+03  5.000000e-01  2.732517e+00  2.454977e+00  3.263566e-02  5.010524e-01
-4.532560e-03 -3.800160e-02  4.443559e-03  1.324593e+03  1.000000e+00  1.961109e+01  1.086647e+01 -1.802064e+00  1.532107e+01
3 -1.124671e-01  7.813704e-02  7.244344e-01  3.045634e-01  1.640639e-01  6.631240e+00 6 3 -1.000000e+00
 2.306419e-01 -1.551865e-01 -5.390762e-01  4.929368e+01  5.000000e-01  3.560291e-01 -6.884693e-01  1.340050e+00  3.408406e-02
-6.916301e-02  5.042999e-01  3.285769e+00  0.000000e+00  0.000000e+00  2.952002e-01  3.180217e-01  3.020963e-01  2.049021e-02
 3.492493e-05 -4.167298e-05  2.035910e-07  1.362371e+02  1.000000e+00  2.303617e+03  5.811078e+02  2.292338e+02  2.302246e+03
3 -5.193743e-03  2.750045e-01  8.057591e-01  3.640911e-01  2.256661e-01  4.308050e+00 6 1 -1.000000e+00
-1.973692e-02 -1.278659e-01 -4.758349e-01  4.385329e+01  5.000000e-01  1.473504e+00  1.505324e+00 -2.444893e-01  8.068741e-01
 1.980083e-02  6.769226e-01  2.108579e+00  0.000000e+00  0.000000e+00  2.731257e-01  2.276669e-01  4.755036e-02  1.419963e-02
-4.467984e-03 -2.244433e-02  1.864854e-02  4.457857e+01  1.000000e+00  9.649120e+00  3.952395e+00 -2.358463e+00  8.511187e+00
3  7.383115e-01 -3.792467e-01  2.464139e+00  1.145735e+00  1.072493e-01  9.356080e+00 6 1 -1.000000e+00
 1.834086e+00 -6.080471e-01  2.684849e+00  0.000000e+00  0.000000e+00  3.239820e-01 -1.856235e-01  2.237939e-01  7.534051e-03
-4.693171e-01  2.673468e-01 -2.879480e-01  1.637653e+02  5.000000e-01  8.592481e-01 -9.504842e-01  1.609112e+00  2.708731e-01
-3.641196e-03  2.120116e-03  3.527455e-05  1.991116e+02  1.000000e+00  1.751334e+02 -1.598968e+01  4.144550e+01  1.734126e+02
2  1.407392e-01  7.121584e-02  1.090716e+00  7.903385e-01  2.710236e-01  8.699790e+00 6 3 -1.000000e+00
-4.367603e-01 -1.367319e-01 -8.657288e-01  5.799923e+01  5.000000e-01  3.604983e-01 -1.034934e+00 -7.021187e-01  9.224886e-02
 4.402956e-01  5.116772e-01  3.194293e+00  0.000000e+00  0.000000e+00  2.280003e-01  4.291546e-02 -5.301731e-01  7.636388e-03
3  5.481085e-01 -1.056058e-01  9.202439e-01  3.629348e-01  1.041055e-02  8.798750e+00 6 2 -1.000000e+00
 8.049235e-01 -3.070518e-01  3.044957e+00  0.000000e+00  0.000000e+00  3.078719e-01 -3.641239e-01  1.343247e-01  3.566358e-03
-5.633115e-02  1.712289e-02 -3.169968e-02  2.255019e+02  5.000000e-01  3.909700e+00 -5.616647e+00  2.909586e+00  2.963243e+00
-1.055064e-02  3.753478e-03  1.371681e-03  2.268260e+02  1.000000e+00  3.259287e+01 -1.172602e+01  1.147072e+01  3.122501e+01
3  3.062290e-01 -2.906583e-01  1.361454e+00  6.248272e-01  2.554125e-01  5.355420e+00 6 1 -1.000000e+00
 6.480986e-01 -7.963439e-01  1.731140e+00  0.000000e+00  0.000000e+00  2.123989e-01  1.955625e-02  2.056191e-01  8.025869e-03
-2.712583e-01  2.078168e-01 -4.421549e-01  6.945483e+01  5.000000e-01  5.800944e-01 -4.697440e-01  1.489064e+00  1.771990e-01
-1.098934e-03  9.869462e-04  1.820004e-05  9.207250e+01  1.000000e+00  2.385516e+02 -9.423605e+00  3.737653e+01  2.371379e+02
3 -2.110909e-01 -2.722891e-01  6.569175e-01  2.290985e-01  1.071158e-01  4.454150e+00 6 1 -1.000000e+00
-3.178129e-01 -4.435612e-01  1.525778e+00  0.000000e+00  0.000000e+00  1.308394e-01  5.880188e-02 -3.107718e-01  1.040149e-02
 2.412242e-03  6.408779e-03  1.084012e-03  2.130737e+01  1.000000e+00  3.311668e+01  1.043186e+01 -3.982653e-01  3.278051e+01
 5.263586e-02  9.894070e-02 -1.634349e-01  2.014001e+01  5.000000e-01  8.756159e-01  8.860884e-01 -2.312783e+00  6.801531e-01
3  7.181476e-02  4.418194e-01  1.048572e+00  5.736146e-01  1.922558e-01  3.367780e+00 6 1 -1.000000e+00
 7.441005e-02  8.691280e-01  1.554066e+00  0.000000e+00  0.000000e+00  1.724285e-01  1.862119e-01 -8.201539e-02  1.113723e-02
-3.129412e-02 -1.741026e-01 -2.987782e-01  4.898399e+01  5.000000e-01  9.013850e-01  1.702045e+00 -6.780367e-01  5.855314e-01
-2.063857e-03 -1.321372e-02  3.047313e-03  5.125365e+01  1.000000e+00  1.931136e+01  2.565906e+00 -7.509471e-01  1.873335e+01
4  1.505683e-01 -5.243280e-02  1.884420e+00  7.785081e-01  1.000000e+00  5.176020e+00 6 3 -1.000000e+00
-1.853727e-01 -9.229436e-01  4.866617e+00  4.748377e+01  0.000000e+00  4.815812e-01  2.502126e-01  2.588808e-02  2.642869e-03
 4.970131e-01 -6.001969e-01 -4.054310e+00  6.132880e+01  5.000000e-01  6.347263e-01  3.699227e-02  6.153922e-01  8.340783e-03
-4.244815e-01  2.510603e-01 -9.735434e-01  1.580876e+02  5.000000e-01  8.152414e-01 -4.659196e-01  9.188200e-01  2.890811e-02
 8.881224e-01  6.258126e-01  3.383791e+00  0.000000e+00  0.000000e+00  4.302803e-01 -1.310206e-01 -1.090305e-01  1.379166e-03
1 -8.953562e-03 -8.247304e-03  0.000000e+00  8.167212e-03  0.000000e+00  3.733550e+00 0 2 -1.000000e+00
-2.226213e-02 -1.973072e-02  3.311339e+00  0.000000e+00  0.000000e+00  4.346919e-01 -3.721316e-02 -1.272629e-01  2.780039e-01
2  1.303698e+00  2.878918e+00  3.696744e+00  6.129416e+00  7.589778e-04  4.292620e+00 6 2  2.847091e-01
-2.836804e+00 -2.420851e+00 -3.299024e+00  5.100117e+02  5.000000e-01  9.415589e-01  3.317943e-02 -5.526612e-01  9.375350e-03
-3.630164e-02 -7.740200e-03  2.503886e-03  6.106932e+02  1.000000e+00  2.236033e+01 -6.697285e+00 -3.468578e+00  1.808752e+01
1 -8.619206e-03 -5.151232e-02  0.000000e+00  1.429873e-02  0.000000e+00  4.702150e+00 0 2  2.939543e-01
 3.342517e-02 -2.165230e-02  4.670733e+00  0.000000e+00  0.000000e+00  4.584138e-01 -9.622060e-02  2.644958e-01  8.646655e-04
3  1.324695e-01  6.603073e-03  8.929448e-01  4.853486e-01  4.895022e-01  5.329210e+00 6 3 -1.000000e+00
 5.820839e-01 -2.220847e-01  3.122648e+00  0.000000e+00  0.000000e+00  3.668551e-01 -2.455077e-01  1.426793e-01  9.933952e-02
-2.991471e-01 -7.792368e-02 -1.528543e+00  2.070105e+01  5.000000e-01  7.865083e-01 -6.668811e-01 -5.050407e-01  4.469461e-01
-1.292511e-02 -9.219617e-04  1.325767e-02  2.555027e+01  1.000000e+00  1.011772e+01 -2.717771e+00 -5.643748e-01  9.407227e+00
3  1.691055e-01 -2.105893e-01  7.040589e-01  3.143645e-01  1.612342e-01  7.191930e+00 6 3  2.772888e-01
-1.574628e-01 -5.294349e-01  3.170548e+00  0.000000e+00  0.000000e+00  3.420427e-01  8.697884e-02 -3.315714e-01  2.946362e-02
 1.473705e-01  1.052111e-01 -5.112009e-01  2.523372e+01  5.000000e-01  9.066611e-01 -6.929100e-01 -1.218510e+00  2.880234e-01
 3.501683e-03  3.482987e-03  1.103934e-03  2.940530e+01  1.000000e+00  3.313363e+01  3.230627e+00 -1.078342e+01  3.120869e+01
3 -1.394075e-02  2.687871e-01  7.841791e-01  3.436515e-01  2.091097e-01  5.369740e+00 6 1 -1.000000e+00
-2.512341e-02 -1.826087e-01 -3.997111e-01  6.673672e+01  5.000000e-01  8.781713e-01  1.570043e+00 -2.271887e-01  5.459604e-01
-7.264185e-02  6.001294e-01  1.911490e+00  0.000000e+00  0.000000e+00  2.229724e-01  2.722007e-01  8.078726e-02  2.144008e-02
-1.289791e-03 -7.553338e-03  1.376519e-03  7.418576e+01  1.000000e+00  3.000104e+01  8.074642e+00 -7.027836e+00  2.931139e+01
3 -1.359985e+00 -6.004548e-01  3.877897e+01  9.816986e+00  8.255628e-01  5.531060e+00 6 3 -1.000000e+00
-1.552331e+00 -2.113770e+01  3.647619e+00  0.000000e+00  0.000000e+00  4.638811e-01 -1.145359e-01  1.239510e-02  3.773015e-03
-7.112945e+00  1.417387e-03 -3.121646e+00  2.103699e+03  5.000000e-01  9.079987e-01 -5.724252e-01 -3.372618e-02  2.098883e-02
-2.995968e+00  1.761439e+01  4.418343e+00  9.951725e+02  0.000000e+00  5.008546e-01 -1.251783e-01  8.454148e-02  6.993858e-03
3 -5.820631e-01  2.897576e-01  2.454972e+00  9.318262e-01  1.486594e-01  5.816990e+00 6 3 -1.000000e+00
-1.867646e+00  8.498920e-01  3.106274e+00  0.000000e+00  0.000000e+00  4.157410e-01 -1.139885e-01  8.022480e-02  1.985532e-03
 3.438801e-01 -2.159590e-01 -4.617767e-01  3.440630e+02  5.000000e-01  1.042716e+00 -6.648408e-01  1.313530e+00  2.021078e-01
 3.375984e-03 -2.201088e-03  5.783086e-05  3.844139e+02  1.000000e+00  1.378143e+02 -4.413667e+00  3.750836e+01  1.357408e+02
1 -6.421570e+00  2.421794e+00  0.000000e+00  6.062506e+00  0.000000e+00  4.374840e+00 0 2  2.813561e-01
-8.765228e+00 -8.186961e+00  3.434425e+00  0.000000e+00  0.000000e+00  4.437702e-01  1.187235e-01 -6.424007e-02  1.406613e-04
3 -3.312422e-01 -7.674079e-01  1.833373e+00  8.051444e-01  3.330275e-02  6.622940e+00 6 2 -1.000000e+00
-4.157174e-02 -1.504532e+00  3.802841e+00  0.000000e+00  0.000000e+00  2.936698e-01  4.440233e-01 -1.969373e-01  3.292818e-02
 6.840679e-03  1.955864e-02  8.605565e-04  1.176685e+02  1.000000e+00  3.971134e+01  1.507280e+01 -1.045655e+01  3.857098e+01
 1.282263e-01  3.209614e-01 -1.266451e-01  1.103076e+02  5.000000e-01  1.694131e+00  1.940145e+00 -2.147962e+00  1.132670e+00
5 -1.204538e-02 -3.124543e-03  6.603837e-01  2.698088e-01  1.000000e+00  6.652910e+00 6 3 -1.000000e+00
-3.299713e-01  8.626954e-02  1.061645e+01  0.000000e+00  0.000000e+00  5.614798e-01 -3.102229e-01  4.322348e-02  2.245685e-01
 1.300345e-01  2.447932e-01 -1.246151e+01  9.236721e-01  5.000000e-01  6.879338e-01  1.576641e-01 -3.908637e-01  3.325362e-01
 4.903760e-02 -3.172425e-01 -1.732075e+01  6.622878e-01  5.000000e-01  7.268746e-01  3.627724e-01  2.697981e-02  3.735122e-01
 2.717848e-01 -1.857529e-01  1.912269e+01  5.589247e-01  0.000000e+00  6.353858e-01 -1.717742e-01  2.261488e-01  2.835705e-01
 2.007988e-03  4.718591e-04  5.114729e-02  2.253998e+00  1.000000e+00  5.432430e+00  2.179147e-01  2.181133e-01  4.382524e+00
1 -1.661401e+00  5.859676e-01  0.000000e+00  1.553831e+00  0.000000e+00  2.552230e+00 0 2 -1.000000e+00
-2.644887e+00  1.809116e+00  3.406797e+00  0.000000e+00  0.000000e+00  3.973795e-01 -1.948067e-01  1.779633e-01  2.035083e-03
3 -7.457007e-02  1.039332e-01  5.388146e-01  3.115689e-01  1.442409e-01  2.275610e+00 6 3 -1.000000e+00
 1.257765e-01 -1.343570e-01 -5.487700e-01  2.868734e+01  5.000000e-01  6.674738e-01  1.860449e-01  1.377758e+00  3.567555e-01
-1.227884e-01  3.436981e-01  3.804538e+00  0.000000e+00  0.000000e+00  2.792554e-01  3.706439e-01  3.453287e-01  4.388044e-02
 1.428460e-03 -1.513086e-03  3.148092e-04  4.068077e+01  1.000000e+00  6.043563e+01 -4.336294e+00  1.836475e+01  5.966789e+01
1  1.763346e+00  1.159768e+00  0.000000e+00  7.532207e-01  0.000000e+00  5.544690e+00 0 2  3.073554e-01
 1.521990e+00 -2.005332e-01  5.445165e+00  0.000000e+00  0.000000e+00  5.534114e-01  1.077306e-02 -1.252044e-01  1.133694e-03
1  1.181810e+00  5.121135e+00  0.000000e+00  3.553556e+00  0.000000e+00  6.584250e+00 0 2 -1.000000e+00
 2.703985e+00  1.144889e+01  5.154019e+00  0.000000e+00  0.000000e+00  5.028857e-01  2.179136e-01 -7.491935e-02  3.160333e-04
5  4.250599e-01  1.311860e-01  8.827619e+00  2.642293e+00  1.000000e+00  2.874990e+00 6 3 -1.000000e+00
 2.157203e-02 -2.172159e+00 -1.703421e+00  1.132112e+03  5.000000e-01  1.137733e+00  7.733495e-01  8.918985e-02  8.812852e-03
-3.801666e+00 -5.640401e-01  3.314085e+00  7.298963e+02  0.000000e+00  4.314978e-01 -1.314505e-01 -6.459911e-02  1.169941e-03
 4.899565e+00  9.243918e-01  2.302378e+00  0.000000e+00  0.000000e+00  3.255243e-01 -1.178254e-01 -8.185989e-02  5.453306e-04
-9.416789e-01  2.119820e+00 -1.746977e+00  1.101357e+03  5.000000e-01  1.126603e+00  5.921350e-01  4.876697e-01  8.338580e-03
-9.877847e-03 -2.793033e-03  1.038097e-03  1.364692e+03  1.000000e+00  3.214837e+01 -2.490695e+00 -8.462009e-01  2.740890e+01
3  2.914079e-01  2.693207e-01  9.324519e-01  3.756286e-01  1.247676e-01  5.502190e+00 6 1 -1.000000e+00
 5.044298e-01  5.655796e-01  1.643134e+00  0.000000e+00  0.000000e+00  1.859405e-01 -1.817904e-02 -2.318821e-01  4.446265e-03
-1.320055e-01 -1.159016e-01 -2.050100e-01  4.617984e+01  5.000000e-01  6.516223e-01 -3.781365e-01 -2.203677e+00  2.492768e-01
-1.196156e-03 -1.195657e-03  4.012154e-05  5.371437e+01  1.000000e+00  1.591644e+02  5.565485e+00 -7.793932e+00  1.580035e+02
3 -4.728880e-01  8.024567e-02  1.298729e+00  5.339893e-01  1.708321e-01  4.142380e+00 6 1 -1.000000e+00
 2.935238e-01 -8.107460e-02 -2.881163e-01  1.247663e+02  5.000000e-01  5.765769e-01 -1.629695e+00  9.970962e-01  2.386037e-01
-9.994553e-01  4.100026e-02  1.686547e+00  0.000000e+00  0.000000e+00  1.873277e-01 -2.558501e-01  4.527129e-02  8.386170e-03
 1.793266e-03 -4.112088e-04  2.386835e-05  1.582981e+02  1.000000e+00  2.081259e+02 -2.283384e+01  2.198368e+01  2.071261e+02
3  5.464681e-01  4.028599e-01  1.961116e+00  1.056792e+00  2.305500e-01  5.167330e+00 6 1 -1.000000e+00
 1.268745e+00  7.747167e-01  1.787778e+00  0.000000e+00  0.000000e+00  1.910070e-01 -6.690833e-02 -3.010640e-01  2.480340e-02
-4.064368e-01 -2.449617e-01 -4.121724e-01  7.600959e+01  5.000000e-01  7.251299e-01 -5.242657e-01 -1.492270e+00  4.482456e-01
-1.185619e-02 -5.887480e-03  6.150314e-04  8.734530e+01  1.000000e+00  4.360123e+01 -1.164826e+01 -7.297203e+00  4.296112e+01
3 -3.395431e-01  2.146808e-01  1.237972e+00  5.698113e-01  1.268997e-01  8.153950e+00 6 1 -1.000000e+00
-6.498167e-01  7.772075e-01  2.285333e+00  0.000000e+00  0.000000e+00  3.064821e-01 -6.376007e-02  1.983145e-01  1.666584e-03
 2.217570e-01 -1.019592e-01 -2.900080e-01  2.042105e+02  5.000000e-01  8.019983e-01 -1.255842e+00  1.382116e+00  1.138042e-01
 6.344843e-04 -3.060361e-04  5.634891e-06  2.534986e+02  1.000000e+00  4.253737e+02 -5.067778e+01 -7.684213e+00  4.230649e+02
1  2.551699e+00 -2.482331e+00  0.000000e+00  4.354673e+00  0.000000e+00  6.184460e+00 0 2 -1.000000e+00
 8.968111e+00 -3.666076e+00  3.201785e+00  0.000000e+00  0.000000e+00  3.782844e-01 -1.607860e-02  2.719300e-01  1.767233e-03
1  4.594937e+00  1.580872e-01  0.000000e+00  4.753728e+00  0.000000e+00  6.625250e+00 0 2 -1.000000e+00
 9.274887e+00 -2.172546e+00  3.646677e+00  0.000000e+00  0.000000e+00  4.163420e-01 -2.534750e-01  4.674302e-02  2.865965e-04
3 -2.159806e-01  2.522866e-02  5.514619e-01  2.259311e-01  2.442808e-01  2.065380e+00 6 1 -1.000000e+00
 1.003745e-01 -4.766491e-02 -3.805356e-01  2.928671e+01  5.000000e-01  1.513845e+00 -1.218526e+00  1.186215e+00  1.355250e+00
-4.499320e-01 -1.198612e-02  1.557779e+00  0.000000e+00  0.000000e+00  1.460146e-01 -2.941414e-01 -2.884991e-02  3.949955e-02
 2.052088e-02 -9.249035e-03  2.634049e-02  2.987558e+01  1.000000e+00  8.374915e+00 -1.835073e+00  3.613518e+00  8.155802e+00
2  2.411340e+00 -2.832940e+00  3.470878e+00  1.602013e+00  1.745758e-01  4.272560e+00 6 1  2.698961e-01
 2.935324e+00  1.174725e+00  2.289006e+00  0.000000e+00  0.000000e+00  2.566784e-01 -2.985461e-01 -1.628690e-01  1.045169e-04
-2.732193e-01 -1.489986e-01 -3.996049e-01  1.381914e+03  5.000000e-01  2.329003e+00 -1.036063e+00 -1.787538e+00  1.001908e-01
2  1.949481e+00  2.223842e+00  5.613759e+00  2.068220e+00  6.624336e-04  1.099480e+01 6 2 -1.000000e+00
 4.922639e+00  2.442228e+00  3.664626e+00  0.000000e+00  0.000000e+00  4.157080e-01  4.343329e-02 -2.581308e-01  2.895743e-04
-9.177489e-02 -8.164783e-02 -2.427572e-03  3.315171e+03  5.000000e-01  8.942520e+00  8.119354e-01 -2.177978e+01  7.279382e+00
2 -3.563650e-01 -4.259475e-02  8.589613e-01  3.487991e-01  1.024191e-01  4.691580e+00 6 1 -1.000000e+00
-6.825756e-01 -1.420772e-01  1.527513e+00  0.000000e+00  0.000000e+00  1.807141e-01 -1.274513e-01 -1.806742e-02  2.591150e-03
 1.621982e-01  1.339520e-02 -1.564464e-01  1.302112e+02  5.000000e-01  5.130422e-01 -2.550525e+00 -3.520125e-01  1.757533e-01
3 -7.176114e-01 -7.790248e-01  1.631778e+00  9.173145e-01  2.020272e-01  2.067820e+00 6 1  2.894748e-01
 3.168983e-01  9.092868e-02 -5.329235e-01  3.708572e+01  5.000000e-01  1.529120e+00 -1.197827e+00 -8.494821e-01  7.538754e-01
-1.308603e+00  2.339125e-01  2.637879e+00  0.000000e+00  0.000000e+00  3.183863e-01 -2.895783e-01  4.061085e-02  3.026774e-02
 5.399469e-02  1.261566e-02  2.812098e-02  3.802026e+01  1.000000e+00  8.037552e+00 -3.235444e+00 -1.870401e+00  6.596260e+00
1  3.163700e-02 -9.157537e-02  0.000000e+00  1.271886e-01  0.000000e+00  5.827740e+00 0 2  2.769273e-01
 3.480706e-01 -7.614349e-02  3.546903e+00  0.000000e+00  0.000000e+00  3.434136e-01 -3.021589e-01  2.405611e-01  2.563121e-03
1 -1.665542e+00  1.937872e+00  0.000000e+00  5.745811e-01  0.000000e+00  5.840130e+00 0 2  2.883740e-01
-8.171168e-01  1.061915e+00  3.793311e+00  0.000000e+00  0.000000e+00  3.170120e-01 -6.225479e-02  4.460662e-01  3.556435e-03
3  9.037580e-01 -1.345172e+00  1.807458e+00  9.404381e-01  3.393752e-01  9.350800e+00 6 1  2.773455e-01
 1.069149e+00 -8.824759e-01  2.309755e+00  0.000000e+00  0.000000e+00  3.361083e-01 -4.696531e-02  7.483363e-02  5.122890e-03
-4.851011e-01  4.013533e-02 -7.838733e-01  1.193726e+02  5.000000e-01  8.017443e-01 -1.144823e+00  6.635574e-02  1.694565e-01
-2.732951e-03  5.767852e-04  7.566304e-05  1.559376e+02  1.000000e+00  1.217917e+02 -3.701229e+01  2.055275e+00  1.196163e+02
3 -3.925804e-01  2.420261e-01  6.133046e-01  2.979540e-01  8.517114e-01  7.212790e+00 6 3  2.885039e-01
 2.719514e-01 -3.520202e-01  2.722113e+00  0.000000e+00  0.000000e+00  3.494629e-01  2.270577e-02  2.352047e-01  8.408525e-03
-1.512758e-01  9.185048e-02 -3.196051e+00  1.092069e+01  5.000000e-01  8.558223e-01 -3.223918e-01  4.793088e-01  8.986436e-02
-8.895585e-03  7.462705e-03  2.993763e-02  1.193912e+01  1.000000e+00  6.993936e+00 -5.102706e-01  1.504698e+00  4.450178e+00
1  2.073898e-01  1.059182e-01  0.000000e+00  8.029226e-02  0.000000e+00  4.897670e+00 0 2  2.921178e-01
-1.465745e-01 -8.688632e-02  3.135852e+00  0.000000e+00  0.000000e+00  3.373482e-01 -1.391258e-01 -3.175828e-01  1.049174e-03
3  5.040689e-02 -2.853704e-02  6.955839e-01  3.532222e-01  5.682039e-01  4.864340e+00 6 3 -1.000000e+00
 3.032144e-01 -2.639253e-01  6.405930e+00  0.000000e+00  0.000000e+00  3.523242e-01 -9.542292e-02  5.042550e-01  7.733711e-02
-2.824039e-01  1.114254e-01 -3.639874e+00  1.042603e+01  5.000000e-01  4.716704e-01 -5.454082e-01  5.063565e-01  1.524040e-01
-1.056254e-03  5.926547e-04  6.394733e-04  2.477626e+01  1.000000e+00  4.070452e+01 -1.979784e+00  2.956793e+00  3.965824e+01
3 -1.165495e-03  4.517411e-01  1.623426e+00  7.970321e-01  4.552801e-01  5.166830e+00 6 1 -1.000000e+00
 1.705806e-02 -4.155487e-01 -8.311322e-01  3.426132e+01  5.000000e-01  7.259788e-01  1.096311e+00  2.763460e-01  4.272251e-01
 2.511407e-01  1.190913e+00  1.825540e+00  0.000000e+00  0.000000e+00  2.164702e-01  2.571468e-01  3.384750e-03  3.930847e-02
-2.007089e-03 -2.177905e-02  4.908333e-03  3.819897e+01  1.000000e+00  1.572068e+01  3.247211e+00 -1.555259e+00  1.507116e+01
3  2.497867e-01  6.631472e-01  6.671973e-01  3.410162e-01  4.960098e-02  7.163550e+00 6 2  2.729745e-01
 2.148391e-01  4.683835e-01  4.336585e+00  0.000000e+00  0.000000e+00  3.283583e-01  3.719582e-01 -2.866243e-01  1.183353e-02
-3.639239e-02 -1.497063e-01 -2.150989e-01  5.452127e+01  5.000000e-01  8.894379e-01  1.966200e+00 -8.917999e-01  2.963347e-01
-3.719030e-04 -1.207979e-03  3.512314e-05  6.708579e+01  1.000000e+00  1.749383e+02  2.956952e+01 -3.014822e+01  1.731262e+02
2 -1.563348e+00  1.142482e+00  1.333107e+00  7.407002e-01  2.493058e-01  7.206280e+00 6 3  2.871886e-01
-8.247991e-01  7.676564e-02  7.819988e+00  0.000000e+00  0.000000e+00  4.363715e-01 -4.352136e-01  1.971597e-02  1.308132e-02
 5.028948e-01  1.967848e-01 -1.949568e+00  3.319693e+01  5.000000e-01  6.079447e-01 -5.533178e-01 -6.004006e-01  4.104626e-02
3  4.512358e-03  2.590447e-01  1.121341e+00  5.655598e-01  4.943738e-01  5.863030e+00 6 1 -1.000000e+00
 5.283852e-02 -3.858624e-01 -9.089049e-01  1.963442e+01  5.000000e-01  3.388811e-01  1.201175e+00  3.073777e-01  1.584359e-01
 9.686453e-02  7.346139e-01  1.838497e+00  0.000000e+00  0.000000e+00  1.586361e-01  3.960439e-01 -8.437997e-02  2.393793e-02
 1.197890e-04 -1.252007e-03  3.549726e-05  3.305376e+01  1.000000e+00  1.708550e+02  1.662641e+01  2.007733e+01  1.702531e+02
3  3.476506e-01 -2.788897e+00  2.350806e+00  1.030330e+00  1.587111e-01  4.285880e+00 6 1  2.894654e-01
-1.702376e+00 -1.390098e+00  2.198024e+00  0.000000e+00  0.000000e+00  3.189146e-01 -7.252937e-02 -6.051953e-02  9.389468e-04
 1.521424e-01  5.456472e-02 -3.488507e-01  2.364535e+02  5.000000e-01  2.443512e+00 -1.644602e+00 -1.498522e+00  9.387633e-01
 5.127350e-02  1.737199e-02  3.898502e-02  2.367923e+02  1.000000e+00  7.668805e+00 -3.541252e+00 -2.506315e+00  5.516004e+00
1  1.390710e-01 -1.641040e-01  0.000000e+00  1.252710e-01  0.000000e+00  8.792630e+00 0 2 -1.000000e+00
 2.277942e-01 -2.478157e-01  3.802973e+00  0.000000e+00  0.000000e+00  3.628479e-01  3.194556e-02  3.768158e-01  7.358727e-03
3 -9.971500e-02  2.062544e-01  6.139396e-01  1.795141e-01  1.026397e-01  4.415920e+00 6 1 -1.000000e+00
-2.679132e-01  4.454661e-01  1.537434e+00  0.000000e+00  0.000000e+00  1.927812e-01  7.629911e-03 -3.330893e-02  2.798722e-03
 3.573192e-02 -8.812686e-02 -1.578018e-01  8.896705e+01  5.000000e-01  7.925066e-01  1.861341e+00  1.707492e+00  3.747846e-01
 1.540984e-04 -3.598662e-04  3.046415e-06  1.055760e+02  1.000000e+00  6.095047e+02  1.538490e+02  1.354764e+02  6.083290e+02
5 -5.212244e-01  6.959832e-03  6.895797e+00  2.145491e+00  1.000000e+00  5.513790e+00 6 3 -1.000000e+00
-4.096286e+00 -1.141477e+00  3.314614e+00  0.000000e+00  0.000000e+00  4.379111e-01 -1.174342e-01  2.142239e-02  1.103567e-03
 1.214880e+00 -1.387202e+00 -2.486372e+00  4.721367e+02  5.000000e-01  7.815152e-01  1.739768e-01  6.478118e-01  2.089460e-02
 2.312252e+00  1.404628e+00  7.607672e+00  3.968749e+02  0.000000e+00  6.007909e-01 -6.304783e-02 -1.547469e-01  4.911624e-03
 6.578278e-01  2.186623e+00 -4.488543e+00  4.162181e+02  5.000000e-01  7.882212e-01  4.979416e-01 -1.403349e-01  1.806045e-02
 1.230689e-03 -3.435372e-05  1.080652e-05  7.429640e+02  1.000000e+00  3.058388e+02  1.941878e+01  3.586288e+00  3.026798e+02
1 -4.789275e-02 -3.327216e-02  0.000000e+00  1.177985e-02  0.000000e+00  3.610420e+00 0 2  2.854136e-01
 1.721318e-02 -4.811270e-02  3.163189e+00  0.000000e+00  0.000000e+00  4.039737e-01  1.807859e-01  8.016953e-02  1.061267e-03
3 -2.025117e-01  3.776772e-02  4.102060e-01  1.454415e-01  1.007691e-01  2.663690e+00 6 1 -1.000000e+00
-3.619308e-01  4.554816e-02  1.558867e+00  0.000000e+00  0.000000e+00  1.785147e-01 -1.665657e-01  7.484951e-02  1.064821e-02
 9.711637e-03 -2.645820e-03  1.038358e-02  7.020642e+01  1.000000e+00  1.180661e+01 -3.680228e+00  2.633027e+00  1.131743e+01
 4.427409e-02 -1.160616e-02 -1.570856e-01  6.959739e+01  5.000000e-01  1.841776e+00 -2.373763e+00  1.199913e+00  1.490333e+00
2  8.434175e-02  7.227122e-02  7.093611e-01  3.689359e-01  3.120890e-01  1.065190e+01 6 1 -1.000000e+00
-1.310147e-01 -2.248122e-01 -6.208853e-01  3.794019e+01  5.000000e-01  5.266494e-01  7.938868e-01 -1.097455e+00  7.979635e-02
 5.261139e-01  4.234893e-02  1.989450e+00  0.000000e+00  0.000000e+00  2.624993e-01 -1.705637e-01 -1.102891e-01  1.157289e-02
3  1.625331e-01  4.585338e-01  1.166753e+00  4.865885e-01  1.055167e-01  3.120620e+00 6 1 -1.000000e+00
 4.074819e-01  9.304624e-01  1.729446e+00  0.000000e+00  0.000000e+00  2.255263e-01  1.371547e-01 -5.270956e-02  1.056839e-02
-5.126915e-02 -1.423188e-01 -1.824855e-01  1.300079e+02  5.000000e-01  1.608048e+00  1.875629e+00 -1.526966e+00  1.120884e+00
-5.986124e-03 -1.666873e-02  3.314084e-03  1.329180e+02  1.000000e+00  2.019745e+01  6.267224e+00 -5.246084e+00  1.938573e+01
3  4.146705e-01 -2.824156e-02  1.160163e+00  4.572461e-01  3.042778e-01  8.777090e+00 6 1 -1.000000e+00
 9.129145e-01 -7.010294e-02  1.518783e+00  0.000000e+00  0.000000e+00  1.670086e-01 -1.845615e-01  3.727696e-02  2.158301e-02
-2.449230e-01  3.322137e-03 -4.621318e-01  3.980626e+01  5.000000e-01  7.990276e-01 -1.482091e+00  8.764457e-02  5.455842e-01
-1.362626e-02  1.640909e-04  2.482984e-03  4.299128e+01  1.000000e+00  2.166636e+01 -4.885206e+00 -7.015012e-01  2.116894e+01
3  1.128658e+00  1.071361e-01  3.061156e+00  1.453178e+00  3.731062e-01  4.804710e+00 6 1  2.820778e-01
-2.521202e+00 -8.293288e-01  1.893592e+00  0.000000e+00  0.000000e+00  2.544198e-01 -7.466472e-02 -1.490576e-01  1.817967e-03
 3.111747e-01  3.318428e-01 -7.065110e-01  3.686161e+02  5.000000e-01  1.685662e+00  2.765086e-01 -1.345021e+00  2.462970e-01
 4.175685e-02  3.694100e-02  1.258118e-02  3.735445e+02  1.000000e+00  1.201012e+01 -3.705503e-01 -6.449935e+00  8.390307e+00
1  2.001578e+00  1.223320e+00  0.000000e+00  1.223841e+00  0.000000e+00  5.131950e+00 0 2  2.883462e-01
-2.107390e+00  2.429759e+00  3.200067e+00  0.000000e+00  0.000000e+00  3.808266e-01 -1.933620e-01  1.830118e-01  1.564722e-03
2  1.923943e-01  1.963877e-01  9.211394e-01  3.630531e-01  1.802479e-01  5.860230e+00 6 1 -1.000000e+00
 6.400945e-01  2.970928e-01  1.845796e+00  0.000000e+00  0.000000e+00  2.303856e-01 -3.503260e-02 -2.220524e-01  4.121604e-03
-1.336670e-01 -2.026982e-01 -3.327008e-01  1.919256e+02  5.000000e-01  5.609459e-01  7.997003e-01 -1.599672e+00  1.443371e-01
3 -3.217180e-01  2.781219e-01  1.265092e+00  7.318528e-01  8.800718e-02  5.182930e+00 6 2 -1.000000e+00
-8.076576e-01  5.371248e-01  3.206817e+00  0.000000e+00  0.000000e+00  3.360278e-01 -6.675525e-02  3.529407e-01  1.228749e-02
 2.339910e-01 -1.808065e-01 -2.822229e-01  2.658542e+02  5.000000e-01  8.449505e-01 -2.595988e-01  1.870814e+00  2.899788e-01
 1.745640e-03 -1.054734e-03  2.427200e-05  3.333673e+02  1.000000e+00  2.208028e+02 -5.781248e+01  6.141062e+01  2.192252e+02
1  1.420852e-01 -2.505483e-01  0.000000e+00  7.106631e-02  0.000000e+00  1.193940e+01 0 2  3.132304e-01
 1.403094e-01 -4.903987e-02  3.312718e+00  0.000000e+00  0.000000e+00  4.000494e-01 -1.074416e-01  2.157083e-01  1.490055e-03
3 -1.498023e-01 -2.248030e-02  6.928748e-01  3.289000e-01  2.359809e-01  4.780750e+00 6 3 -1.000000e+00
-4.267945e-01 -1.191345e-01  3.334171e+00  0.000000e+00  0.000000e+00  1.921031e-01 -5.391291e-01 -2.492239e-01  5.556145e-02
 2.489211e-01  3.411033e-02 -7.868004e-01  1.179827e+01  5.000000e-01  3.981134e-01 -1.244520e+00 -2.905308e-01  2.282626e-01
 1.708273e-03  3.282700e-04  2.154238e-04  1.907838e+01  1.000000e+00  6.952299e+01 -5.489199e+00 -4.822430e+00  6.904952e+01
3 -6.597587e-02  2.589795e-01  7.332993e-01  3.453041e-01  1.449533e-01  2.457550e+00 6 1 -1.000000e+00
-8.719613e-02  5.555910e-01  1.929974e+00  0.000000e+00  0.000000e+00  2.245600e-01  2.616036e-01  1.213629e-01  8.919177e-03
 5.474179e-02 -1.638403e-01 -2.797561e-01  3.162895e+01  5.000000e-01  6.374692e-01  1.572874e+00  1.109972e+00  2.567673e-01
 3.716740e-04 -1.000167e-03  2.306102e-05  4.017371e+01  1.000000e+00  2.146078e+02  2.221178e+01  4.209152e+01  2.134710e+02
1 -4.374693e-02 -1.359982e-01  0.000000e+00  1.230975e-01  0.000000e+00  8.221770e+00 0 2 -1.000000e+00
-8.046572e-02 -2.079071e-01  3.000321e+00  0.000000e+00  0.000000e+00  3.375683e-01  2.664984e-01 -1.857327e-01  3.951355e-03
3  6.246148e-01  6.012338e-01  2.199814e+00  9.443663e-01  1.052419e-01  4.794500e+00 6 1 -1.000000e+00
 1.157330e+00  1.406365e+00  1.825557e+00  0.000000e+00  0.000000e+00  2.395969e-01 -8.444545e-03 -1.742513e-01  7.558254e-03
-2.884658e-01 -2.516037e-01 -1.921252e-01  2.004517e+02  5.000000e-01  9.940613e-01 -3.531767e-01 -2.253939e+00  5.033858e-01
-5.797486e-03 -5.303463e-03  1.332914e-04  2.222364e+02  1.000000e+00  9.114791e+01 -3.790962e+00 -2.469645e+01  8.998458e+01
3 -6.344288e-02 -2.895221e-01  1.899575e+00  9.776164e-01  2.725760e-01  6.172960e+00 6 3 -1.000000e+00
 6.450970e-01 -1.225460e+00  3.422849e+00  0.000000e+00  0.000000e+00  3.907105e-01  2.513346e-01  1.261360e-01  2.059164e-02
 2.368653e-01  6.297309e-01 -9.329863e-01  7.186701e+01  5.000000e-01  6.438477e-01  7.499725e-01 -7.976295e-01  1.306425e-01
 5.020359e-04  2.688169e-03  1.126379e-04  1.163187e+02  1.000000e+00  9.680469e+01  1.686669e+01 -4.005744e+00  9.498445e+01
3  1.138414e-01  1.156465e-01  6.591342e-01  2.889381e-01  2.378324e-01  8.169650e+00 6 3 -1.000000e+00
-1.249979e-01 -1.474830e-01 -7.241282e-01  2.747172e+01  5.000000e-01  8.954724e-01  9.764995e-02 -1.175739e+00  6.075296e-01
 3.141317e-01  3.440687e-01  3.044699e+00  0.000000e+00  0.000000e+00  3.021473e-01 -1.812207e-02 -3.977817e-01  8.781841e-02
-6.492724e-03 -7.960955e-03  5.651374e-03  3.147488e+01  1.000000e+00  1.542760e+01  1.871722e+00 -5.263488e+00  1.489156e+01
3 -7.352850e-01 -1.353135e-01  2.386589e+00  9.240338e-01  2.174525e-01  7.195650e+00 6 1 -1.000000e+00
-1.851273e+00 -5.951467e-01  1.791721e+00  0.000000e+00  0.000000e+00  2.456886e-01 -1.035501e-01 -1.185608e-02  2.822079e-03
 4.440429e-01  5.856006e-02 -3.896143e-01  1.423678e+02  5.000000e-01  7.791366e-01 -1.589836e+00 -2.963810e-01  1.712633e-01
 2.202236e-03  4.932231e-04  1.347212e-05  1.690242e+02  1.000000e+00  2.789818e+02 -4.588431e+01 -3.067816e+01  2.768546e+02
3  4.023358e-02 -1.391774e-01  1.138676e+00  4.778598e-01  5.860935e-01  6.598260e+00 6 3 -1.000000e+00
 2.675797e-01 -6.506444e-01  3.739403e+00  0.000000e+00  0.000000e+00  3.684493e-01  2.766765e-01  2.342734e-01  3.705919e-02
-9.615960e-02  4.283724e-01 -2.191640e+00  4.655502e+01  5.000000e-01  5.292922e-01  7.637562e-01  3.074438e-01  1.327724e-01
-2.879330e-04  1.019514e-03  5.473744e-05  9.315369e+01  1.000000e+00  1.412881e+02  3.233720e+01  1.913149e+01  1.399122e+02
3 -3.362465e-01  4.163545e-01  5.855677e-01  2.657139e-01  1.046201e-01  2.498430e+00 6 1  2.872716e-01
-8.897153e-02  4.428758e-01  2.327649e+00  0.000000e+00  0.000000e+00  2.532268e-01  3.408335e-01  1.090170e-01  1.319480e-02
 2.026716e-02 -1.324123e-01 -2.435189e-01  2.172842e+01  5.000000e-01  8.186569e-01  1.954108e+00  5.663958e-01  3.473749e-01
 2.438651e-04 -1.419063e-03  6.133154e-05  2.623671e+01  1.000000e+00  1.328616e+02  3.025643e+01  1.293049e+01  1.314279e+02
3 -1.337697e-01  4.231917e-01  1.598485e+00  7.629723e-01  2.015057e-01  4.602290e+00 6 1 -1.000000e+00
 6.404354e-02 -4.039681e-01 -4.888336e-01  1.837121e+02  5.000000e-01  6.520254e-01  1.429078e+00  3.528580e-01  1.404403e-01
-7.073135e-01  9.960895e-01  2.425904e+00  0.000000e+00  0.000000e+00  3.075543e-01  1.738405e-01  1.924659e-01  6.554363e-03
 4.354917e-04 -1.416271e-03  1.678938e-05  2.469576e+02  1.000000e+00  2.475780e+02  3.003227e+01  1.836499e+01  2.460423e+02
5  8.328943e-02  2.456437e-01  2.459960e+00  1.105130e+00  1.000000e+00  5.365900e+00 6 3 -1.000000e+00
-3.791117e-02 -7.039544e-01 -1.069975e+00  1.191732e+02  5.000000e-01  7.278178e-01  9.881451e-01 -1.795928e-01  4.860056e-02
 1.373578e+00  5.620880e-01  3.419064e+00  0.000000e+00  0.000000e+00  4.024447e-01 -4.979541e-02 -2.492288e-01  7.594259e-03
-1.077588e+00  7.699085e-01  9.283822e+00  4.010135e+01  0.000000e+00  5.196754e-01  3.042846e-02  3.493875e-01  5.187279e-02
-5.750079e-01  1.051992e+00 -8.561238e+00  4.140136e+01  5.000000e-01  5.747000e-01  4.375085e-01  3.259938e-01  2.894712e-02
-2.061345e-04 -1.582518e-03  8.963819e-05  1.952958e+02  1.000000e+00  1.095891e+02 -3.529258e+00  2.496353e+01  1.073820e+02
3 -2.438616e-01  6.753442e-02  8.075557e-01  2.301800e-01  6.335019e-01  7.410290e+00 6 1 -1.000000e+00
 1.471549e-01 -5.893832e-02 -1.021981e+00  3.682802e+01  5.000000e-01  6.028647e-01 -7.108473e-01  7.942951e-01  2.225565e-01
-6.495229e-01  7.316227e-02  1.613224e+00  0.000000e+00  0.000000e+00  2.024867e-01 -6.242303e-02  1.106988e-01  5.963225e-03
 7.483317e-03 -1.814171e-03  4.218482e-03  3.950986e+01  1.000000e+00  1.645962e+01  9.585857e-01 -1.014285e+00  1.564662e+01
3  8.278396e-01 -1.240644e+00  3.078419e+00  1.201352e+00  3.158442e-01  6.362300e+00 6 1  2.736106e-01
-4.356819e-01 -2.433649e-01 -6.379181e-01  5.433858e+02  5.000000e-01  1.237081e+00 -5.546770e-01 -1.147231e+00  9.527747e-02
 2.629373e+00  4.316908e-02  2.019724e+00  0.000000e+00  0.000000e+00  2.741890e-01 -1.716628e-01 -4.707745e-02  4.321831e-04
-2.695030e-03 -1.378546e-03  1.969486e-05  5.896200e+02  1.000000e+00  2.393330e+02 -1.274048e+01 -7.658733e+01  2.347957e+02
3  3.359109e-01  2.118330e-01  1.357576e+00  5.305397e-01  9.558651e-02  6.186920e+00 6 2 -1.000000e+00
-2.036525e-01 -1.810356e-01 -4.599357e-01  3.368596e+02  5.000000e-01  9.773139e-01 -3.472930e-01 -1.433220e+00  1.206286e-01
 1.039487e+00  3.645072e-01  4.811722e+00  0.000000e+00  0.000000e+00  4.398286e-01 -2.224438e-01 -2.376656e-01  1.527491e-03
-1.687868e-03 -2.132206e-03  8.524392e-05  3.863950e+02  1.000000e+00  1.166269e+02  3.470395e+01 -2.083693e+01  1.143961e+02
1  7.972150e-01  3.370924e-01  0.000000e+00  1.467236e+00  0.000000e+00  6.510800e+00 0 2 -1.000000e+00
 2.300444e+00 -5.207960e-01  3.685997e+00  0.000000e+00  0.000000e+00  4.234588e-01 -2.471470e-01 -4.590043e-03  2.400973e-03
3  1.004175e-01  4.327021e-02  7.913788e-01  3.158029e-01  5.662992e-01  2.884100e+00 6 1 -1.000000e+00
-2.264387e-01 -2.233862e-01 -1.512867e+00  4.611677e+01  5.000000e-01  5.199627e-01 -3.446806e-02 -9.435275e-01  1.648553e-01
 4.953655e-01  1.010812e-01  2.671498e+00  0.000000e+00  0.000000e+00  2.943008e-01 -3.323513e-01 -1.150317e-01  1.668838e-02
-4.855538e-04 -3.904759e-04  3.165607e-05  9.371526e+01  1.000000e+00  1.929038e+02  2.045910e+01 -6.941888e+01  1.916252e+02
1 -3.733361e-01 -9.547330e-02  0.000000e+00  7.048843e-01  0.000000e+00  1.131830e+00 0 2 -1.000000e+00
-9.918436e-01 -1.566408e-01  3.405922e+00  0.000000e+00  0.000000e+00  3.919566e-01 -2.481222e-01 -1.206060e-01  1.812879e-01
3  1.218383e-02 -4.753424e-03  5.555183e-02  2.392189e-02  4.444162e-01  5.734490e+00 6 1 -1.000000e+00
 4.186567e-02  5.665422e-04  2.653032e+00  0.000000e+00  0.000000e+00  2.851844e-01 -3.496761e-01  1.084468e-01  6.857782e-02
-1.269250e-02  1.102656e-02 -1.179050e+00  3.713147e-01  5.000000e-01  8.513096e-01 -2.255055e-01  9.052051e-01  5.701827e-01
-1.237901e-03  8.102489e-04  3.292558e-02  4.060475e-01  1.000000e+00  6.707153e+00  4.492817e-01  1.413583e+00  6.282135e+00
1 -1.925180e+00  2.136059e+00  0.000000e+00  3.106602e+00  0.000000e+00  7.193030e+00 0 2 -1.000000e+00
-2.667175e+00  4.871833e+00  3.752619e+00  0.000000e+00  0.000000e+00  3.663679e-01  1.357124e-01  3.414545e-01  1.251735e-03
3 -6.329551e-01 -6.625522e-02  8.509461e-01  3.724617e-01  1.445978e-01  2.674610e+00 6 1  2.844832e-01
-3.730557e-01 -6.593222e-01  2.353007e+00  0.000000e+00  0.000000e+00  3.423967e-01 -3.439135e-02 -7.919149e-02  1.287080e-02
 8.579811e-02  5.731056e-02 -3.402397e-01  3.450018e+01  5.000000e-01  2.128541e+00 -1.023446e+00 -1.779120e+00  1.182756e+00
 2.177008e-02  1.627716e-02  3.238143e-02  3.473886e+01  1.000000e+00  8.272519e+00 -1.411029e+00 -4.473995e+00  6.818031e+00
3 -1.519415e+00  3.400110e-02  6.171477e-01  3.219737e-01  4.085261e-02  8.800500e+00 6 2  2.866381e-01
-4.293713e-01 -1.752386e-01  8.314054e+00  0.000000e+00  0.000000e+00  3.665726e-01 -2.958975e-01 -4.397689e-01  1.037148e-02
 1.207436e-01  1.044842e-01 -3.396509e-01  2.591446e+01  5.000000e-01  8.604260e-01 -3.290922e-01 -1.689787e+00  2.103322e-01
 1.207035e-03  1.161310e-03  1.178844e-04  3.198684e+01  1.000000e+00  9.474351e+01  7.284137e+00 -1.587143e+01  9.266370e+01
1 -2.332374e-01  2.012653e-02  0.000000e+00  9.655787e-02  0.000000e+00  7.202720e+00 0 2  2.682503e-01
 1.684266e-01 -9.168421e-02  3.273655e+00  0.000000e+00  0.000000e+00  4.339711e-01 -1.097488e-01  5.361829e-02  1.079906e-02
3 -2.954132e-01  1.579575e-01  8.803332e-01  3.058029e-01  1.669173e-01  5.537920e+00 6 1 -1.000000e+00
-6.260860e-01  3.296904e-01  1.560076e+00  0.000000e+00  0.000000e+00  1.877309e-01 -1.030919e-01  9.032666e-02  1.067182e-02
 1.421930e-01 -1.001163e-01 -2.604037e-01  8.538855e+01  5.000000e-01  7.992638e-01 -8.288778e-01  1.787022e+00  4.885329e-01
 3.040334e-03 -2.340540e-03  2.105182e-04  9.627399e+01  1.000000e+00  7.358126e+01  2.277638e+00  2.264218e+01  7.291302e+01
2  1.205732e+00  8.751958e-01  1.604884e+00  7.606476e-01  5.551171e-02  6.407240e+00 6 2  2.705626e-01
 5.029260e-01  1.259820e+00  3.553562e+00  0.000000e+00  0.000000e+00  3.881761e-01  6.828750e-02 -2.970816e-01  1.492047e-03
-1.713577e-01 -1.965442e-01 -1.972643e-01  3.493665e+02  5.000000e-01  1.086688e+00  2.295836e-01 -2.241461e+00  1.582031e-01
2 -2.987778e-02 -1.418434e-01  6.820922e-01  3.241606e-01  4.647669e-01  4.695860e+00 6 1 -1.000000e+00
-1.541731e-01 -4.408456e-01  2.329608e+00  0.000000e+00  0.000000e+00  2.941845e-01  2.296936e-01 -1.271206e-01  8.888203e-03
 2.576239e-02  2.170852e-01 -1.082725e+00  9.910936e+01  5.000000e-01  4.469412e-01  1.093557e+00 -1.833081e-01  7.353801e-02
1 -1.796761e+00 -5.718476e+00  0.000000e+00  2.941450e+00  0.000000e+00  4.419920e+00 0 2  2.727424e-01
-2.973805e-01 -6.372618e+00  3.375340e+00  0.000000e+00  0.000000e+00  4.185179e-01  2.026239e-01  2.825801e-02  6.471755e-05
5  2.261805e+00 -5.608426e-02  5.146835e+01  1.822831e+01  1.000000e+00  6.583540e+00 6 3 -1.000000e+00
-1.424042e+00 -1.740652e+01 -3.222024e+00  1.130827e+04  5.000000e-01  8.797640e-01  5.666055e-01 -6.147247e-02  1.020471e-03
-2.237473e+01 -4.610074e+00  4.815790e+00  8.191851e+03  0.000000e+00  4.921908e-01 -1.900919e-01 -1.186801e-01  4.460296e-04
 2.855281e+01  2.831547e+00  2.984494e+00  0.000000e+00  0.000000e+00  3.863938e-01 -1.935792e-01 -6.304325e-02  2.450483e-04
-6.523073e+00  1.504615e+01 -2.826596e+00  1.235877e+04  5.000000e-01  9.604722e-01  4.580665e-01  3.814707e-01  1.599668e-03
-2.286705e-01  3.262979e-02  2.058497e-02  1.579169e+04  1.000000e+00  8.114405e+00 -9.750777e-01  1.041563e+00  3.591881e+00
3 -2.901760e-03  2.738593e-01  6.595060e-01  2.390640e-01  1.177716e-01  3.867560e+00 6 1 -1.000000e+00
 3.907321e-02  5.360426e-01  1.506849e+00  0.000000e+00  0.000000e+00  1.697121e-01  1.591867e-01  2.002485e-02  1.373185e-02
-2.488203e-03 -1.221525e-01 -1.774640e-01  2.178219e+01  5.000000e-01  9.601208e-01  2.371219e+00  1.177055e-01  6.510368e-01
-2.348284e-04 -2.789883e-03  1.435153e-04  2.432528e+01  1.000000e+00  9.056183e+01  3.077456e+01 -1.031263e+01  8.984550e+01
3 -3.913516e-01  1.456372e-01  1.214178e+00  4.875946e-01  2.896992e-01  3.737080e+00 6 1 -1.000000e+00
 2.574329e-01 -8.225922e-02 -4.792295e-01  6.771021e+01  5.000000e-01  7.042238e-01 -1.241324e+00  7.957891e-01  3.034616e-01
-8.559738e-01  4.020480e-01  1.654231e+00  0.000000e+00  0.000000e+00  1.859527e-01 -1.744639e-01  1.665084e-01  1.164360e-02
 5.943025e-03 -2.378779e-03  4.951614e-04  7.668268e+01  1.000000e+00  4.655344e+01 -4.798474e+00  5.705029e+00  4.537033e+01
3  1.164300e-01  5.476586e-01  1.410288e+00  5.676402e-01  1.146393e-01  3.121950e+00 6 1 -1.000000e+00
 2.291566e-01  1.156166e+00  1.579049e+00  0.000000e+00  0.000000e+00  1.929206e-01  1.344692e-01  1.676551e-03  3.980943e-03
-6.813007e-02 -2.224321e-01 -1.810211e-01  1.626393e+02  5.000000e-01  9.224318e-01  1.969018e+00 -1.285769e+00  3.794772e-01
-6.768098e-04 -2.231537e-03  2.501497e-05  1.842972e+02  1.000000e+00  2.089084e+02  3.940670e+01 -4.119414e+01  2.072329e+02
3 -4.663830e-01 -2.796092e-01  1.492089e+00  6.540156e-01  1.373111e-01  7.477270e+00 6 1 -1.000000e+00
-1.054292e+00 -6.948897e-01  2.021360e+00  0.000000e+00  0.000000e+00  2.706187e-01 -9.106724e-02 -1.702568e-01  8.242525e-03
 1.987716e-01  1.151479e-01 -2.775550e-01  2.280132e+02  5.000000e-01  1.330709e+00 -9.741452e-01 -1.662317e+00  6.290984e-01
 1.332978e-02  7.873270e-03  1.753889e-03  2.373405e+02  1.000000e+00  2.664639e+01 -4.611155e+00 -8.143299e+00  2.516494e+01
3  1.912661e+00 -1.792036e+00  2.600999e+00  1.529777e+00  5.525837e-03  7.688820e+00 6 2  2.732120e-01
 2.357274e+00 -7.119515e-01  7.771223e+00  0.000000e+00  0.000000e+00  5.117049e-01 -2.474566e-01  2.202667e-01  5.841153e-04
-1.414864e-01  1.012602e-02 -4.294251e-02  1.166717e+03  5.000000e-01  3.618470e+00 -5.430383e+00  8.088696e-01  1.527028e+00
-9.867081e-03  7.326923e-04  2.174433e-04  1.179484e+03  1.000000e+00  7.751894e+01 -3.533816e+01  2.731766e+00  7.378819e+01
3  1.399112e-01  2.078031e-01  1.320284e+00  7.499418e-01  3.392427e-01  6.158970e+00 6 3 -1.000000e+00
-1.956099e-01 -4.018081e-01 -1.166516e+00  5.779806e+01  5.000000e-01  5.922603e-01  6.788458e-01 -7.501155e-01  5.742756e-02
 7.438445e-01  5.258642e-01  3.438590e+00  0.000000e+00  0.000000e+00  3.293292e-01 -9.107093e-03 -3.986220e-01  1.018762e-02
-7.121824e-04 -8.729540e-04  3.561236e-05  9.151234e+01  1.000000e+00  1.693442e+02 -1.263064e+01 -1.000429e+01  1.666636e+02
3  1.444645e-01  9.964384e-02  6.304225e-01  2.395297e-01  5.026553e-01  4.460050e+00 6 1 -1.000000e+00
-1.296749e-01 -1.174067e-01 -1.039727e+00  2.599471e+01  5.000000e-01  5.601110e-01 -2.352636e-01 -1.048782e+00  2.281508e-01
 3.800424e-01  2.535661e-01  2.068468e+00  0.000000e+00  0.000000e+00  2.326305e-01 -1.358336e-01 -2.948824e-01  1.843944e-02
-3.157869e-03 -3.156763e-03  1.647694e-03  3.084124e+01  1.000000e+00  2.602662e+01  4.022034e+00 -1.801729e+00  2.521856e+01
3 -5.041025e-01  1.063553e-02  1.738248e+00  8.959916e-01  1.150000e-01  9.369190e+00 6 3 -1.000000e+00
-1.308286e+00  1.744550e-01  3.623991e+00  0.000000e+00  0.000000e+00  3.641047e-01 -3.581360e-01  1.274912e-02  1.122803e-02
 4.141943e-01 -5.914079e-02 -4.167589e-01  1.584046e+02  5.000000e-01  9.842494e-01 -1.542896e+00  1.385257e-01  2.636754e-01
 4.605730e-03 -1.416593e-03  7.456865e-05  1.903049e+02  1.000000e+00  1.394311e+02 -5.144549e+01  5.573209e+01  1.370668e+02
3  5.416236e-01  2.882430e-01  2.823098e+00  1.484816e+00  2.818103e-01  8.699790e+00 6 1 -1.000000e+00
-5.279630e-01 -3.753911e-01 -8.018515e-01  1.045347e+02  5.000000e-01  1.303504e+00 -2.539941e-01 -1.129033e+00  3.423197e-01
 2.249266e+00  1.314452e-01  2.845359e+00  0.000000e+00  0.000000e+00  3.689800e-01 -2.112391e-01 -4.598588e-02  1.785834e-02
-5.093500e-02 -2.823496e-02  1.617010e-02  1.101037e+02  1.000000e+00  9.777015e+00 -1.888783e+00 -3.409684e+00  7.658736e+00
1  3.126975e-01  9.150894e-02  0.000000e+00  5.533901e-01  0.000000e+00  1.122600e+01 0 2 -1.000000e+00
 6.988975e-01  3.943953e-01  3.244499e+00  0.000000e+00  0.000000e+00  3.161150e-01 -2.612174e-01 -3.020764e-01  1.090010e-01
3  3.049892e-01  1.415403e-01  8.321472e-01  3.554825e-01  1.500467e-01  2.661640e+00 6 1 -1.000000e+00
 6.125480e-01  1.642262e-01  1.516940e+00  0.000000e+00  0.000000e+00  1.328923e-01 -2.073373e-01 -2.228564e-01  1.043899e-02
-1.773720e-01 -9.749002e-02 -2.276118e-01  3.407399e+01  5.000000e-01  4.520321e-01 -1.099609e+00 -1.866701e+00  2.504101e-01
-8.570204e-04 -4.136811e-04  1.270947e-05  4.509957e+01  1.000000e+00  2.839517e+02 -2.013940e+01 -3.121849e+01  2.833717e+02
1  1.593947e-02 -7.288773e-02  0.000000e+00  1.030600e-01  0.000000e+00  2.464830e+00 0 2 -1.000000e+00
 6.049281e-02 -1.846249e-01  3.151161e+00  0.000000e+00  0.000000e+00  3.817728e-01  2.197231e-01  1.287760e-01  5.934541e-02
3  3.589352e-01 -2.581248e+00  1.576647e+00  6.935561e-01  5.210796e-01  7.468460e+00 6 1  2.989575e-01
 3.829357e-01 -3.161633e-01 -1.201138e+00  8.045866e+01  5.000000e-01  6.523289e-01 -1.531240e-01  9.643507e-01  2.156640e-02
-1.120967e+00  1.572208e-01  2.305094e+00  0.000000e+00  0.000000e+00  2.547676e-01 -3.002328e-01  1.772284e-01  2.061049e-03
 8.873876e-04 -4.022434e-04  2.080416e-05  1.128034e+02  1.000000e+00  2.222936e+02  1.973060e+01 -2.267690e+01  2.162111e+02
5  2.389787e-01  2.518312e-01  3.754884e+00  1.201897e+00  1.000000e+00  4.700600e+00 6 3 -1.000000e+00
-2.970026e-01 -8.348570e-01 -9.256525e-01  5.900439e+01  5.000000e-01  1.247523e+00  8.981036e-01 -5.787889e-01  7.645616e-01
 2.307711e+00  3.607836e-01  2.452124e+00  0.000000e+00  0.000000e+00  3.564629e-01 -6.752988e-02 -4.207301e-02  4.108966e-02
-1.420370e+00  8.086319e-01  4.527054e+00  3.198415e+01  0.000000e+00  4.388823e-01 -6.329422e-03  3.064617e-01  8.252382e-02
-3.086279e-01  1.394393e+00 -3.189269e+00  3.482193e+01  5.000000e-01  6.343123e-01  6.114440e-01  2.709523e-01  2.381230e-01
-3.312280e-02 -5.593158e-02  3.669405e-02  6.475133e+01  1.000000e+00  7.067671e+00  2.122407e+00 -2.249365e+00  6.196024e+00
3 -3.324286e-01 -4.312914e-01  1.505593e+00  5.934001e-01  1.634937e-01  4.451470e+00 6 1 -1.000000e+00
-7.055911e-01 -9.267602e-01  1.855106e+00  0.000000e+00  0.000000e+00  2.293664e-01  4.294276e-02 -2.301724e-01  3.268175e-03
 1.968251e-01  2.784179e-01 -3.032982e-01  1.559202e+02  5.000000e-01  5.213926e-01  5.504259e-01 -1.795322e+00  1.111343e-01
 4.242187e-04  7.242449e-04  4.585302e-06  2.078802e+02  1.000000e+00  4.715790e+02  5.435223e+01  2.005668e+01  4.702143e+02
3  2.944358e-01  2.530524e-02  1.161846e+00  6.464462e-01  6.808147e-02  5.812460e+00 6 2 -1.000000e+00
 7.634629e-01 -2.676292e-01  7.270178e+00  0.000000e+00  0.000000e+00  3.333708e-01 -5.127609e-01  2.095769e-01  5.028077e-02
-3.741499e-01 -3.156970e-02 -4.949644e-01  4.141245e+01  5.000000e-01  7.044452e-01 -1.422240e+00 -2.914342e-01  3.227905e-01
-5.551575e-03 -3.693783e-04  5.398593e-04  5.565344e+01  1.000000e+00  4.497950e+01 -9.031172e+00 -5.473533e-01  4.394254e+01
5  5.502055e+00 -2.339382e+00  3.799249e+00  1.804963e+00  1.000000e+00  4.410460e+00 6 3  2.870655e-01
 6.512576e-01 -2.245768e+00  5.878338e+00  2.900705e+01  0.000000e+00  4.391512e-01  1.818145e-01  3.337345e-01  2.006547e-03
 1.601670e+00 -1.221538e+00 -6.900263e+00  3.674676e+01  5.000000e-01  4.568281e-01 -3.569461e-01  5.590592e-01  2.396446e-03
-1.037519e+00  4.384496e-01 -1.051392e+00  2.737253e+02  5.000000e-01  7.947808e-01 -7.570306e-01  6.481817e-01  1.179888e-02
 1.807470e+00  1.373274e+00  3.655530e+00  0.000000e+00  0.000000e+00  3.300468e-01 -3.138241e-01 -2.771164e-01  1.839273e-03
-3.223403e-03  9.576102e-04  7.117410e-05  3.815086e+02  1.000000e+00  1.206956e+02 -1.183894e+01  1.169696e+01  1.096753e+02
3 -3.433798e-01 -2.433168e-01  1.618996e+00  5.598060e-01  1.885808e-01  5.514690e+00 6 1 -1.000000e+00
-1.239499e+00 -4.779246e-01  2.275775e+00  0.000000e+00  0.000000e+00  3.353145e-01 -2.145744e-02 -4.399640e-02  2.645015e-03
 2.124942e-01  2.382209e-01 -4.291674e-01  3.789967e+02  5.000000e-01  8.405523e-01  2.756851e-01 -1.509806e+00  1.956639e-01
 1.477156e-03  1.358013e-03  3.430117e-05  4.533473e+02  1.000000e+00  1.762515e+02  1.414990e+01 -3.686921e+01  1.746883e+02
3  4.913419e-01 -1.760111e-01  1.381281e+00  6.868140e-01  1.483251e-01  3.858070e+00 6 1 -1.000000e+00
 1.067878e+00 -4.089057e-01  2.065603e+00  0.000000e+00  0.000000e+00  2.569466e-01 -1.869839e-01  1.817835e-01  3.475751e-02
-2.238731e-01  8.029443e-02 -3.063807e-01  7.437047e+01  5.000000e-01  1.603229e+00 -1.505952e+00  1.166151e+00  1.136552e+00
-3.660581e-02  1.386859e-02  1.294137e-02  7.602658e+01  1.000000e+00  1.115570e+01 -3.787751e+00  3.394064e+00  1.039589e+01
2 -3.215919e-01 -5.967620e-01  2.323268e+00  9.881691e-01  1.500218e-01  7.225260e+00 6 1 -1.000000e+00
-5.983766e-01 -1.710297e+00  2.559812e+00  0.000000e+00  0.000000e+00  3.344165e-01  1.510154e-01 -1.718779e-01  2.756994e-03
 2.830183e-01  4.392889e-01 -3.840275e-01  4.051110e+02  5.000000e-01  8.134355e-01  6.377173e-01 -1.494022e+00  1.287294e-01
3 -2.292769e-01 -5.844224e-02  5.421598e-01  2.577325e-01  1.296876e-01  3.856960e+00 6 1 -1.000000e+00
-4.515465e-01 -7.141611e-02  1.708161e+00  0.000000e+00  0.000000e+00  1.942995e-01 -1.941873e-01 -1.613062e-01  2.481594e-02
 8.453779e-02  9.521582e-03 -2.215272e-01  5.540005e+01  5.000000e-01  1.580487e+00 -2.061891e+00 -7.743943e-01  1.255924e+00
 1.297204e-02  9.556324e-04  7.421932e-03  5.661291e+01  1.000000e+00  1.428757e+01 -6.466991e+00  4.253928e-02  1.378564e+01
3  1.941059e+00 -1.273401e+00  2.265740e+00  1.248424e+00  2.278748e-01  1.122600e+01 6 1  2.967566e-01
 5.779049e-01 -1.377635e-01 -6.065582e-01  9.000365e+01  5.000000e-01  1.132575e+00 -1.211246e+00  4.462121e-01  1.499628e-01
-1.075624e+00  1.411243e+00  2.661805e+00  0.000000e+00  0.000000e+00  3.403766e-01  2.068653e-02  2.428790e-01  9.866044e-03
 8.482974e-03 -3.819050e-03  5.051950e-04  1.054593e+02  1.000000e+00  4.779604e+01 -8.394055e+00  1.183114e+01  4.426411e+01
1 -1.413762e+00 -1.923734e+00  0.000000e+00  2.405655e+00  0.000000e+00  7.701970e+00 0 2 -1.000000e+00
 3.641738e-01 -5.697214e+00  3.519001e+00  0.000000e+00  0.000000e+00  4.220414e-01  1.648825e-01 -1.505934e-01  3.336098e-03
1 -5.695483e-01  1.294867e-02  0.000000e+00  5.294365e-01  0.000000e+00  5.179450e+00 0 2 -1.000000e+00
-9.130565e-01  1.216151e-01  3.182266e+00  0.000000e+00  0.000000e+00  3.023397e-01 -4.064777e-01  8.523059e-02  1.647911e-02
3  3.681324e-01  2.171935e+00  2.852522e+00  1.592702e+00  3.299309e-01  7.732730e+00 6 3  2.823543e-01
 2.085501e+00  1.138410e-01  3.629300e+00  0.000000e+00  0.000000e+00  4.044635e-01 -2.751591e-01  5.844628e-02  3.591128e-03
-7.519357e-01  4.068191e-01 -1.197418e+00  1.934917e+02  5.000000e-01  9.213957e-01 -4.037208e-01  8.236008e-01  8.181455e-02
-3.437004e-03  1.475984e-03  4.640146e-05  2.517978e+02  1.000000e+00  1.655243e+02 -4.997591e+01  5.495093e+01  1.605909e+02
1 -7.564073e-02  9.991137e-01  0.000000e+00  1.021328e+00  0.000000e+00  7.619700e+00 0 2 -1.000000e+00
 6.031986e-01  2.336396e+00  4.177322e+00  0.000000e+00  0.000000e+00  4.572082e-01  2.340348e-01 -2.151414e-02  3.615367e-03
3 -6.196173e-01  7.303289e-01  4.658453e-01  2.773616e-01  2.537415e-01  4.446590e+00 6 3  2.886510e-01
-3.861949e-02 -1.226779e-01 -8.674255e-01  1.187802e+01  5.000000e-01  8.649751e-01  8.670874e-01 -6.474782e-01  2.335417e-01
-8.627832e-02  3.407230e-01  3.418541e+00  0.000000e+00  0.000000e+00  3.504262e-01  3.546308e-01  6.050382e-02  2.064911e-02
-8.099922e-04 -4.479313e-03  3.717300e-03  1.359576e+01  1.000000e+00  1.762792e+01  2.377273e+00 -1.350525e+00  1.598821e+01
2 -2.896624e-01  5.505491e-02  1.408898e+00  6.039360e-01  4.475945e-01  6.163380e+00 6 1 -1.000000e+00
 4.413448e-01  1.073679e-02 -1.001334e+00  9.130344e+01  5.000000e-01  5.270824e-01 -1.098908e+00 -1.213313e-01  2.704767e-02
-9.228756e-01  3.627245e-01  2.237144e+00  0.000000e+00  0.000000e+00  2.924262e-01 -1.812357e-01  1.442769e-01  2.101272e-03
2 -1.048798e+00 -8.646891e-01  2.579291e+00  1.392014e+00  1.819743e-01  6.812680e+00 6 3  2.730673e-01
 3.883913e-01 -4.362789e-01 -7.201184e-01  4.095979e+02  5.000000e-01  1.193107e+00  1.548578e-01  1.184048e+00  2.831761e-02
-2.109840e+00  2.052669e-01  3.957254e+00  0.000000e+00  0.000000e+00  4.043517e-01 -2.148006e-01  2.365525e-01  2.669900e-04
3  1.178501e+00  4.886786e-01  3.370717e+00  1.368063e+00  1.020342e-01  6.402200e+00 6 1 -1.000000e+00
 2.695079e+00  1.006645e+00  2.338411e+00  0.000000e+00  0.000000e+00  3.145186e-01 -1.532209e-01 -1.369936e-01  3.959914e-03
-4.633382e-01 -1.706970e-01 -2.385978e-01  3.244643e+02  5.000000e-01  1.093579e+00 -1.427681e+00 -1.470251e+00  4.310298e-01
-1.861922e-02 -5.016177e-03  5.627051e-04  3.430271e+02  1.000000e+00  4.433382e+01 -9.958504e+00 -1.232340e+00  4.299828e+01
1 -1.343447e-01  1.981078e-01  0.000000e+00  3.693777e-01  0.000000e+00  3.858070e+00 0 2 -1.000000e+00
-2.572340e-01  5.651730e-01  9.055688e+00  0.000000e+00  0.000000e+00  4.530782e-01  2.668481e-01  3.427647e-01  1.413611e-01
3 -6.785017e-01  1.061114e+00  2.176569e+00  1.007520e+00  1.193662e-01  4.777170e+00 6 1  2.798382e-01
 4.859213e-01  1.899296e+00  1.418959e+00  0.000000e+00  0.000000e+00  1.528233e-01  8.436000e-02 -7.648487e-02  9.233928e-04
-5.070319e-02 -2.100847e-01 -1.693758e-01  3.500659e+02  5.000000e-01  1.659780e+00  2.304860e+00 -1.013390e+00  3.891749e-01
-3.726889e-03 -1.113352e-02  5.744646e-04  3.576782e+02  1.000000e+00  4.375662e+01  6.159148e+00 -7.031519e+00  4.001697e+01
3  5.522593e-01 -2.916221e-01  1.769226e+00  5.845411e-01  1.558658e-01  3.613160e+00 6 1 -1.000000e+00
 1.354667e+00 -6.174256e-01  1.688945e+00  0.000000e+00  0.000000e+00  2.303396e-01  6.555894e-03  1.576905e-02  1.830729e-03
-2.466693e-01  1.348270e-01 -2.632487e-01  3.200861e+02  5.000000e-01  6.378407e-01 -9.724363e-01  1.727488e+00  1.979629e-01
-1.744649e-03  7.641790e-04  1.908792e-05  3.685887e+02  1.000000e+00  2.308422e+02 -2.092864e+01  5.212933e-01  2.297571e+02
3 -1.923005e-02 -1.668741e-01  1.083653e+00  5.201872e-01  2.774588e-01  3.862480e+00 6 3 -1.000000e+00
 1.776679e-02  3.974065e-01 -1.435565e+00  8.515278e+01  5.000000e-01  6.002352e-01  9.211012e-01 -8.929956e-02  7.704537e-02
-1.530142e-01 -6.727047e-01  5.173974e+00  0.000000e+00  0.000000e+00  3.788837e-01  3.954924e-01 -1.899901e-01  1.590386e-02
 5.013556e-05  6.622193e-04  1.889560e-05  1.578343e+02  1.000000e+00  2.354475e+02  4.519975e+01  4.918756e-01  2.328769e+02
3 -1.587804e-02  7.888698e-02  2.201980e-01  1.047923e-01  1.923125e-01  9.276380e+00 6 1 -1.000000e+00
-8.185995e-02  1.698804e-01  1.962725e+00  0.000000e+00  0.000000e+00  2.604191e-01  1.925066e-01  2.062657e-02  2.442562e-02
 7.685869e-03 -3.128799e-02 -3.774566e-01  6.877541e+00  5.000000e-01  1.504535e+00  1.606819e+00  5.674510e-01  1.105793e+00
 2.053001e-03 -6.718430e-03  2.503610e-02  6.964481e+00  1.000000e+00  8.182483e+00  2.706657e+00  2.078400e+00  7.637218e+00
1 -2.550522e-01  1.009440e-01  0.000000e+00  4.625649e-01  0.000000e+00  4.114670e+00 0 2  3.069594e-01
 3.860181e-01 -8.193967e-01  3.026908e+00  0.000000e+00  0.000000e+00  2.525936e-01  2.403902e-01  4.128664e-01  5.624323e-02
1  3.350194e-01  1.009163e+00  0.000000e+00  2.277786e-01  0.000000e+00  9.288020e+00 0 2  2.802725e-01
 2.512087e-01  6.778409e-01  3.888679e+00  0.000000e+00  0.000000e+00  3.735284e-01  3.202015e-01 -1.810550e-01  2.336620e-03
3 -4.706077e-01 -4.704734e-02  1.435644e+00  7.917209e-01  7.959220e-02  6.082500e+00 6 2 -1.000000e+00
-1.164280e+00  9.214256e-02  3.085761e+00  0.000000e+00  0.000000e+00  3.705423e-01 -2.685812e-01 -3.456938e-03  6.528495e-03
 2.700650e-01  3.107484e-02 -2.456025e-01  4.511363e+02  5.000000e-01  1.109838e+00 -1.922715e+00 -6.219724e-01  3.310463e-01
 2.192083e-03  5.245403e-05  2.225789e-05  5.265932e+02  1.000000e+00  2.314845e+02 -9.034678e+01  5.718174e+00  2.292727e+02
3  6.836088e-01  1.897532e-01  5.004030e-01  1.966773e-01  2.563758e-01  4.756760e+00 6 1  2.870730e-01
-8.414382e-02 -1.172020e-01 -5.740730e-01  1.311395e+01  5.000000e-01  6.737589e-01  3.317603e-01 -1.318449e+00  1.703079e-01
 3.720999e-01  8.833346e-02  2.239185e+00  0.000000e+00  0.000000e+00  2.719313e-01 -1.828630e-01 -2.237280e-01  4.392614e-03
-5.004609e-04 -6.883501e-04  6.029108e-05  1.737798e+01  1.000000e+00  1.392130e+02  4.279094e+01 -2.618356e+01  1.374811e+02
3 -1.215067e-01  7.979502e-02  3.635806e-01  1.810034e-01  1.314049e-01  1.748900e+00 6 1 -1.000000e+00
-2.329269e-01  1.481671e-01  1.887032e+00  0.000000e+00  0.000000e+00  1.746870e-01 -1.432713e-01  3.614998e-01  2.678694e-02
 7.446296e-02 -4.600388e-02 -2.479653e-01  5.982457e+01  5.000000e-01  7.453467e-01 -8.473056e-01  1.838408e+00  5.098553e-01
 1.590726e-03 -9.477595e-04  2.619626e-04  7.024447e+01  1.000000e+00  6.484718e+01 -9.342691e+00  1.310866e+01  6.430935e+01
3 -6.900104e-02 -2.639397e-01  9.092555e-01  4.138550e-01  1.567940e-01  3.611340e+00 6 1 -1.000000e+00
-2.069852e-01 -6.414152e-01  2.734455e+00  0.000000e+00  0.000000e+00  3.027309e-01  3.057649e-01 -1.642817e-01  1.481373e-02
 7.561496e-02  2.228085e-01 -4.287461e-01  8.046975e+01  5.000000e-01  7.597537e-01  1.329171e+00 -7.895599e-01  2.616822e-01
 8.197217e-04  1.769269e-03  5.648284e-05  1.022929e+02  1.000000e+00  1.446304e+02  2.142576e+01 -4.966026e+01  1.430978e+02
3  3.384848e-01  4.415594e-02  9.698714e-01  3.972386e-01  1.542606e-01  7.244280e+00 6 1 -1.000000e+00
-2.240947e-01 -2.535936e-02 -3.401931e-01  1.135479e+02  5.000000e-01  6.129571e-01 -1.712369e+00 -3.963624e-01  1.468775e-01
 7.265134e-01  1.669812e-01  2.205315e+00  0.000000e+00  0.000000e+00  2.536294e-01 -3.152445e-01 -6.511481e-02  4.988585e-03
-9.596242e-04 -7.216203e-05  1.452515e-05  1.454989e+02  1.000000e+00  2.643461e+02 -2.011943e+01  1.001389e+01  2.627661e+02
3  2.889464e-01 -6.538151e-02  1.183463e+00  5.196013e-01  6.507960e-01  9.326470e+00 6 1  2.990620e-01
 3.217862e-01 -1.471296e-01 -1.490319e+00  1.167763e+01  5.000000e-01  6.608029e-01 -5.897310e-01  6.620192e-01  1.784527e-01
-7.762533e-01  2.943393e-01  2.289994e+00  0.000000e+00  0.000000e+00  2.515584e-01 -2.622142e-01  2.339361e-01  2.056727e-02
 8.071212e-03 -3.613419e-03  2.061837e-03  1.400000e+01  1.000000e+00  2.340537e+01 -2.233995e+00  3.464907e+00  2.136545e+01
3 -1.722711e-01  2.725366e-01  1.554100e+00  6.127959e-01  7.992053e-01  3.820930e+00 6 1 -1.000000e+00
 2.819098e-01 -3.940554e-01 -2.203913e+00  2.906131e+01  5.000000e-01  4.422187e-01  1.319021e-01  8.645578e-01  1.176778e-01
-4.582605e-01  9.724635e-01  1.761379e+00  0.000000e+00  0.000000e+00  2.204925e-01  6.205465e-02  1.898530e-01  1.579640e-02
 1.440147e-03 -3.376310e-03  2.388413e-04  4.064109e+01  1.000000e+00  6.667636e+01  1.110638e+01 -1.775130e+00  6.549577e+01
3 -1.243471e+00 -8.553261e-01  1.089028e+00  5.385037e-01  2.376977e-01  3.730550e+00 6 1  3.098237e-01
-6.983243e-01 -5.328799e-01  2.602139e+00  0.000000e+00  0.000000e+00  2.827590e-01 -1.634125e-01 -3.216081e-01  6.136490e-03
 1.878740e-01  1.000769e-01 -6.185223e-01  3.307795e+01  5.000000e-01  1.074549e+00 -7.960610e-01 -9.942841e-01  2.318181e-01
 1.027601e-02  6.751195e-03  2.868721e-03  3.475711e+01  1.000000e+00  2.071651e+01 -1.877575e+00 -6.052103e+00  1.773572e+01
3 -1.183855e-01  3.507161e-01  9.231416e-01  5.238972e-01  1.025535e-01  6.605110e+00 6 1 -1.000000e+00
 2.420679e-02  7.634768e-01  2.232429e+00  0.000000e+00  0.000000e+00  2.450538e-01  3.386988e-01  8.534781e-02  1.619201e-02
 1.070725e-01 -1.559381e-01 -2.289434e-01  4.731751e+01  5.000000e-01  1.503800e+00  1.050282e+00  1.875797e+00  1.088266e+00
 1.081265e-02 -1.527482e-02  4.334187e-03  4.951317e+01  1.000000e+00  1.881830e+01  7.782967e-01  9.282373e+00  1.813213e+01
5  2.423555e-02 -7.948770e-02  3.912404e+00  1.365510e+00  1.000000e+00  8.754670e+00 6 3 -1.000000e+00
-1.458429e+00 -1.399722e+00  3.004901e+00  0.000000e+00  0.000000e+00  4.076962e-01 -4.889875e-02 -1.250720e-01  3.764627e-03
 7.224564e-01 -9.933416e-01 -1.925529e+00  1.187635e+02  5.000000e-01  9.094220e-01  2.111444e-01  6.949534e-01  3.494339e-02
-5.549024e-01  8.740170e-01 -1.430716e+00  1.522222e+02  5.000000e-01  1.018266e+00  3.358315e-01  7.658338e-01  5.133237e-02
 1.593052e+00  1.048821e+00  3.219916e+00  2.260256e+01  0.000000e+00  4.173905e-01 -1.281951e-01 -1.115020e-01  4.855031e-03
-6.039023e-04  1.187811e-03  2.766689e-04  2.360177e+02  1.000000e+00  6.328076e+01  1.439716e+00  1.619850e+01  5.906772e+01
2 -4.727660e-01 -1.833007e-01  1.336281e+00  7.267151e-01  4.838871e-02  6.583540e+00 6 2 -1.000000e+00
-1.095115e+00 -5.319022e-02  3.101806e+00  0.000000e+00  0.000000e+00  3.651718e-01 -2.560142e-01 -1.227629e-01  4.890229e-03
 2.333945e-01  9.071132e-02 -1.500924e-01  1.896796e+02  5.000000e-01  9.808002e-01 -1.723752e+00 -1.921356e+00  2.340811e-01
3 -1.776017e+00 -7.837546e-01  2.126683e+00  8.171525e-01  1.378299e-01  7.223430e+00 6 1  2.810683e-01
 9.762509e-01 -1.478545e+00  2.745355e+00  0.000000e+00  0.000000e+00  3.583275e-01  7.827574e-02  2.033837e-01  9.989716e-03
-1.248039e-01  3.409223e-01 -3.783921e-01  1.573695e+02  5.000000e-01  1.498810e+00  1.282020e+00  1.117137e+00  6.702734e-01
-9.401600e-03  2.498359e-02  2.683135e-03  1.639175e+02  1.000000e+00  2.360985e+01  9.530344e+00  6.905026e+00  2.194853e+01
3  8.446145e-02  1.248594e-01  6.432171e-01  3.554320e-01  1.998591e-01  6.182960e+00 6 1 -1.000000e+00
-1.351391e-01 -1.605554e-01 -5.874859e-01  1.481845e+01  5.000000e-01  7.059820e-01  1.715377e-01 -1.326345e+00  4.023002e-01
-8.684634e-03  4.701089e-01  2.939500e+00  0.000000e+00  0.000000e+00  2.793170e-01  3.816851e-01 -1.830480e-01  6.020106e-02
-2.774622e-03 -4.011306e-03  1.650318e-03  1.898347e+01  1.000000e+00  2.621380e+01  1.702074e+00 -5.186035e+00  2.548242e+01
3 -1.746185e-01  3.991959e-02  6.960035e-01  2.703741e-01  3.058688e-01  5.904990e+00 6 1 -1.000000e+00
 1.833157e-01 -5.729948e-02 -8.318960e-01  6.015362e+01  5.000000e-01  6.071476e-01 -8.973752e-01  7.423773e-01  6.722622e-02
-5.074750e-01  2.772419e-02  2.719781e+00  0.000000e+00  0.000000e+00  3.114472e-01 -3.161220e-01  8.059249e-02  5.145251e-03
 9.147771e-04 -3.359977e-05  6.269342e-05  8.026791e+01  1.000000e+00  1.296634e+02  1.992724e+00 -2.448791e+01  1.278320e+02
3 -2.927970e-01  2.783439e-01  1.242116e+00  6.548868e-01  2.118637e-01  4.130910e+00 6 1 -1.000000e+00
-6.622894e-01  6.504316e-01  1.993583e+00  0.000000e+00  0.000000e+00  2.340066e-01  6.932663e-03  2.916993e-01  6.166982e-03
 2.430993e-01 -1.999356e-01 -4.223680e-01  8.679959e+01  5.000000e-01  5.422888e-01 -2.133354e-01  1.591098e+00  1.403443e-01
 8.095384e-04 -5.525794e-04  8.668076e-06  1.182168e+02  1.000000e+00  3.485749e+02 -6.362371e+01  3.734256e+01  3.471741e+02
3  2.745260e-02  2.091196e-02  3.913296e-01  1.679905e-01  5.996155e-01  2.974740e+00 6 3 -1.000000e+00
 1.902441e-01  1.282203e-01  5.331452e+00  0.000000e+00  0.000000e+00  3.933353e-01 -1.615389e-01 -3.929136e-01  3.092144e-02
-1.086442e-01 -1.243755e-01 -8.891452e+00  5.547150e+00  5.000000e-01  5.069041e-01  1.970316e-02 -5.960058e-01  7.729611e-02
-6.756071e-04 -6.384456e-04  1.814013e-03  1.104328e+01  1.000000e+00  2.485635e+01  2.990642e+00  2.986211e+00  2.329536e+01
2 -2.300942e-01  4.001384e-01  1.195875e+00  6.234499e-01  1.024853e-01  7.153570e+00 6 1 -1.000000e+00
-2.329928e-01  9.523226e-01  1.741705e+00  0.000000e+00  0.000000e+00  2.192414e-01  1.008003e-01  1.589758e-01  1.597054e-03
 1.486212e-01 -1.810300e-01 -1.784991e-01  1.533171e+02  5.000000e-01  6.224828e-01  4.439320e-01  2.355358e+00  1.579559e-01
3 -5.179172e-02 -4.488943e-01  9.140010e-01  4.409261e-01  3.296445e-02  7.704920e+00 6 2 -1.000000e+00
-2.688715e-01 -6.793693e-01  3.245103e+00  0.000000e+00  0.000000e+00  2.556811e-01  4.408466e-01 -2.269544e-01  9.342935e-03
 1.127803e-04  1.282402e-03  1.154231e-05  2.939599e+02  1.000000e+00  3.026527e+02  6.578414e+01 -5.384342e+00  3.015470e+02
 1.463743e-02  1.895499e-01 -1.069730e-01  2.393526e+02  5.000000e-01  8.439472e-01  3.026341e+00 -4.623447e-01  4.087538e-01
3  6.087444e-01 -3.033296e-01  1.742774e+00  7.367503e-01  1.229685e-01  2.571830e+00 6 1 -1.000000e+00
 1.131062e+00 -7.128395e-01  1.875368e+00  0.000000e+00  0.000000e+00  2.058875e-01 -1.725006e-01  2.600567e-01  8.368263e-03
-1.269741e-03  7.791460e-04  6.690063e-06  1.702158e+02  1.000000e+00  3.955333e+02 -8.961286e+00  7.810782e+01  3.945493e+02
-3.663661e-01  1.787728e-01 -2.306112e-01  1.284269e+02  5.000000e-01  5.539467e-01 -1.413626e+00  1.592774e+00  2.206481e-01
3  1.500528e-01 -1.641491e-01  7.863055e-01  3.248610e-01  4.517091e-01  2.553730e+00 6 1 -1.000000e+00
 3.598947e-01 -4.444470e-01  1.610193e+00  0.000000e+00  0.000000e+00  1.860873e-01  2.281686e-02  2.022121e-01  1.481691e-02
-1.489339e-01  1.550277e-01 -7.273389e-01  3.313552e+01  5.000000e-01  4.877623e-01 -3.421261e-02  1.279098e+00  2.010646e-01
-1.028277e-03  1.277145e-03  8.719604e-05  4.360871e+01  1.000000e+00  1.095914e+02  9.023417e+00  1.556448e+01  1.086974e+02
3  2.805579e-02 -3.697516e-02  3.011198e-01  1.095948e-01  4.803648e-01  7.181600e+00 6 1 -1.000000e+00
 1.695094e-01 -1.262002e-01  2.698587e+00  0.000000e+00  0.000000e+00  3.311186e-01 -8.350756e-02  2.643188e-01  1.634001e-02
-6.353200e-03  1.182287e-01 -1.296306e+00  3.558900e+00  5.000000e-01  7.353030e-01  8.918836e-01  2.145484e-01  3.346893e-01
-3.355564e-04  1.480547e-03  1.462143e-03  4.995530e+00  1.000000e+00  3.030533e+01  1.284859e+01 -3.128626e+00  2.924255e+01
3 -3.768033e-01  1.706646e-01  1.166994e+00  4.539610e-01  1.455423e-01  6.210030e+00 6 1 -1.000000e+00
-7.994250e-01  6.916337e-01  1.951845e+00  0.000000e+00  0.000000e+00  2.681637e-01 -1.210143e-01  9.275831e-02  3.367317e-03
 1.082485e-01 -4.185321e-02 -2.840760e-01  1.739130e+02  5.000000e-01  1.762083e+00 -1.619965e+00  1.215183e+00  7.658314e-01
 2.021309e-02 -9.361846e-03  1.370441e-02  1.752397e+02  1.000000e+00  1.035458e+01 -2.574808e+00  2.812359e+00  8.746268e+00
3 -7.398223e-02 -1.266194e-01  7.769172e-01  4.063389e-01  2.586384e-01  1.595000e+00 6 3 -1.000000e+00
-2.061984e-01 -4.427620e-01  3.653225e+00  0.000000e+00  0.000000e+00  2.375480e-01  3.461755e-01 -4.333184e-01  5.781049e-02
 1.588326e-01  2.430607e-01 -9.448642e-01  1.562709e+01  5.000000e-01  4.441733e-01  4.783554e-01 -1.066992e+00  2.222126e-01
 8.824344e-04  1.414040e-03  1.818043e-04  2.674394e+01  1.000000e+00  7.612685e+01  3.588035e+00 -1.143456e+01  7.548463e+01
3  4.452290e-02  2.877411e-01  8.340907e-01  3.986980e-01  1.522843e-01  6.191790e+00 6 1 -1.000000e+00
-9.615333e-02  6.512315e-01  1.954488e+00  0.000000e+00  0.000000e+00  2.254135e-01  2.970289e-01  1.072476e-02  1.543688e-02
-8.072253e-02 -1.827165e-01 -2.976378e-01  4.406563e+01  5.000000e-01  1.041878e+00  1.375165e+00 -1.212626e+00  6.639973e-01
-3.252164e-03 -7.356839e-03  1.107402e-03  4.907591e+01  1.000000e+00  3.438785e+01  5.570935e+00 -1.344243e+01  3.358832e+01
2 -1.857399e-01  3.949287e-01  1.353487e+00  6.417051e-01  1.652983e-01  8.134440e+00 6 1 -1.000000e+00
-2.589826e-01  9.748032e-01  2.070720e+00  0.000000e+00  0.000000e+00  2.490686e-01  2.197642e-01  1.807700e-01  3.916751e-03
 1.787540e-01 -3.059443e-01 -3.422864e-01  2.422904e+02  5.000000e-01  4.848541e-01  8.067522e-01  1.592500e+00  7.999375e-02
3 -4.149199e-02 -6.732200e-02  4.136043e-01  1.730762e-01  5.625025e-01  4.174140e+00 6 1 -1.000000e+00
-1.119422e-01 -2.482254e-01  1.846486e+00  0.000000e+00  0.000000e+00  2.118189e-01  1.864192e-01 -2.119154e-01  3.812853e-02
 9.676418e-02  1.088602e-01 -1.038653e+00  3.974797e+01  5.000000e-01  4.654355e-01  4.262671e-02 -1.116570e+00  2.429609e-01
 2.728088e-04  3.852188e-04  3.151105e-05  6.859873e+01  1.000000e+00  1.917387e+02  1.523104e+01 -6.644066e+01  1.910953e+02
1  6.576577e+00  3.120822e+00  0.000000e+00  5.627396e+00  0.000000e+00  4.805640e+00 0 2 -1.000000e+00
 1.366101e+01  5.633297e+00  3.097088e+00  0.000000e+00  0.000000e+00  3.713724e-01 -2.109660e-01 -1.666794e-01  8.408131e-05
3  8.971202e-03 -3.565932e-01  1.233161e+00  5.555013e-01  1.929214e-01  7.448410e+00 6 1 -1.000000e+00
-1.335084e-01 -9.122236e-01  2.529860e+00  0.000000e+00  0.000000e+00  3.072647e-01  2.906309e-01 -1.170713e-02  2.095561e-02
-2.059337e-02  3.157573e-01 -4.880641e-01  8.661281e+01  5.000000e-01  7.544669e-01  1.427318e+00  2.682557e-01  3.304392e-01
-6.090421e-05  5.118037e-03  3.062960e-04  1.049881e+02  1.000000e+00  6.013192e+01  1.522299e+01 -1.704564e-01  5.915037e+01
3 -4.712273e-02  1.832044e-01  7.955566e-01  4.443202e-01  1.879154e-01  6.403340e+00 6 3 -1.000000e+00
 9.073560e-02  5.692871e-01  3.286093e+00  0.000000e+00  0.000000e+00  3.306343e-01  3.787914e-01 -1.596055e-02  1.769847e-02
 1.058065e-01 -2.261267e-01 -6.175076e-01  7.226823e+01  5.000000e-01  7.199011e-01  8.748644e-01  9.656505e-01  2.468207e-01
 9.770353e-04 -2.316276e-03  2.460070e-04  9.699385e+01  1.000000e+00  6.716179e+01  6.148844e+00  1.657252e+01  6.589732e+01
3  1.341329e-01  1.949702e-01  6.171575e-01  2.828176e-01  1.580169e-01  5.547460e+00 6 1 -1.000000e+00
 2.518591e-01  4.415848e-01  1.631623e+00  0.000000e+00  0.000000e+00  2.062873e-01  5.346550e-02 -1.193094e-01  6.334213e-03
-7.099672e-02 -8.438805e-02 -2.578241e-01  8.778403e+01  5.000000e-01  7.993175e-01  3.623171e-01 -1.946179e+00  4.050386e-01
-1.493010e-03 -1.826335e-03  1.977530e-04  9.732249e+01  1.000000e+00  7.359701e+01 -1.745236e+00 -1.450741e+01  7.271173e+01
3  2.372410e-01  6.546680e-01  1.237707e+00  5.588551e-01  9.593247e-01  3.124150e+00 6 3  2.921434e-01
 7.863173e-01 -4.121262e-01  3.060593e+00  0.000000e+00  0.000000e+00  4.090053e-01 -8.360919e-02  1.247004e-01  5.078693e-03
-1.453489e-01  4.026846e-01 -2.936102e+00  3.074569e+01  5.000000e-01  7.672858e-01  6.009460e-01  1.833231e-01  3.830506e-02
-1.206043e-03  9.764178e-04  1.372337e-04  4.429940e+01  1.000000e+00  8.853348e+01 -2.804816e+00  1.916781e+01  8.470085e+01
3  1.316790e-01 -4.676722e-01  1.991574e+00  8.046426e-01  3.255748e-01  6.626390e+00 6 1 -1.000000e+00
 3.327950e-01 -1.499985e+00  2.528976e+00  0.000000e+00  0.000000e+00  3.500348e-01  1.368263e-01  9.119339e-02  8.996281e-03
-1.452758e-01  4.333586e-01 -8.233708e-01  2.163945e+02  5.000000e-01  8.505952e-01  8.870824e-01  6.707655e-01  2.464172e-01
-1.961908e-03  5.758225e-03  1.893184e-04  2.531917e+02  1.000000e+00  7.900801e+01  2.081685e+01  1.923022e+01  7.740664e+01
3  2.231879e-01 -5.381772e-01  6.315378e-01  2.516717e-01  8.679106e-01  2.936640e+00 6 1  2.812962e-01
-3.465071e-01 -2.921046e-01  2.335243e+00  0.000000e+00  0.000000e+00  3.322253e-01 -1.018965e-01 -8.555219e-02  1.463841e-02
 1.723035e-01  6.800041e-02 -2.690649e+00  2.682231e+01  5.000000e-01  5.501451e-01 -6.401622e-01 -4.052398e-01  1.320271e-01
 1.918491e-03  1.379498e-03  8.526636e-04  3.472697e+01  1.000000e+00  3.549671e+01  2.170027e+00 -3.538146e+00  3.447328e+01
1  3.640228e+00 -7.604525e+00  0.000000e+00  1.089265e+01  0.000000e+00  4.612930e+00 0 2 -1.000000e+00
 3.594907e+00 -2.739436e+01  3.346704e+00  0.000000e+00  0.000000e+00  4.489337e-01  6.960694e-02  5.240258e-03  2.856174e-03
1  7.769701e-01 -3.560912e-01  0.000000e+00  7.785012e-01  0.000000e+00  5.538440e+00 0 2 -1.000000e+00
 1.418543e+00 -1.017555e+00  3.282649e+00  0.000000e+00  0.000000e+00  3.629062e-01 -2.073110e-01  2.414096e-01  6.805230e-03
3 -9.972190e-02 -1.616746e-01  2.174894e+00  1.039261e+00  4.131003e-01  4.856850e+00 6 3 -1.000000e+00
 2.805900e-02 -1.392165e+00  6.441663e+00  0.000000e+00  0.000000e+00  4.487950e-01  3.784236e-01 -7.337002e-02  2.524712e-02
 5.761358e-01  7.125388e-01 -2.661053e+00  4.005380e+01  5.000000e-01  5.963112e-01  6.343229e-02 -7.312538e-01  4.168823e-02
 5.047817e-04  1.242020e-03  6.118966e-05  9.134483e+01  1.000000e+00  1.322687e+02  2.952888e+01 -4.109377e+00  1.290197e+02
5  3.571536e-03  7.551007e-03  1.121479e+00  5.850394e-01  1.000000e+00  2.889620e+00 6 3 -1.000000e+00
 1.461341e-01 -5.370396e-01  3.200063e+00  1.335140e+00  0.000000e+00  2.602667e-01  4.418938e-01  1.985986e-01  5.917945e-02
-4.643036e-01 -9.985290e-02 -2.202822e+00  7.826557e+00  5.000000e-01  3.744361e-01 -8.044767e-01 -4.450961e-01  1.361677e-01
 4.803579e-01  5.582242e-02 -2.362161e+00  6.995300e+00  5.000000e-01  3.777209e-01 -8.521497e-01 -2.905400e-01  1.379746e-01
-1.122465e-01  5.542691e-01  2.996296e+00  0.000000e+00  0.000000e+00  2.530912e-01  4.568115e-01  1.243005e-01  5.486786e-02
-1.721709e-05 -3.122581e-05  2.681099e-05  4.564427e+01  1.000000e+00  1.947360e+02 -1.532680e+01  7.635900e-01  1.936189e+02
3  1.236503e+00 -1.938121e-01  7.086526e-01  2.968844e-01  1.228601e-01  6.186030e+00 6 3  2.913889e-01
 4.116640e-01  4.201103e-01  3.039709e+00  0.000000e+00  0.000000e+00  4.047662e-01  5.834031e-02 -1.480571e-01  3.155454e-03
-6.582308e-02 -1.035257e-01 -3.734590e-01  2.829830e+01  5.000000e-01  1.083204e+00  6.886554e-01 -1.486723e+00  2.655314e-01
-8.385142e-04 -1.364605e-03  9.030198e-05  3.158979e+01  1.000000e+00  1.114718e+02  1.970434e+01 -2.723618e+01  1.092554e+02
3  1.027637e-01  3.000463e-01  1.906412e+00  1.142126e+00  2.501016e-01  6.183420e+00 6 3 -1.000000e+00
-3.721151e-01 -6.277471e-01 -1.056924e+00  5.507356e+01  5.000000e-01  5.820294e-01  5.817224e-01 -8.845564e-01  1.268242e-01
-9.739242e-02  1.258767e+00  4.225981e+00  0.000000e+00  0.000000e+00  3.443726e-01  4.394416e-01  1.033974e-02  1.558163e-02
-1.176071e-03 -1.928173e-03  6.476134e-05  9.775314e+01  1.000000e+00  1.302539e+02 -6.560561e+00 -3.496023e+01  1.286280e+02
3 -5.680073e-01  1.318726e-01  1.873515e+00  7.012162e-01  1.826249e-01  4.799460e+00 6 1 -1.000000e+00
 4.148732e-01 -1.018588e-01 -4.582635e-01  1.710695e+02  5.000000e-01  7.049839e-01 -1.407277e+00  5.373622e-01  4.708231e-02
-1.282973e+00  6.902131e-01  2.509315e+00  0.000000e+00  0.000000e+00  2.840267e-01 -3.095732e-01  1.351556e-01  1.842886e-03
 4.328959e-04 -2.233888e-04  1.069450e-06  2.300853e+02  1.000000e+00  1.001093e+03  9.093882e+01  2.384455e+02  9.976040e+02
3  4.758757e-01  2.967134e-01  1.620856e+00  8.856340e-01  1.245864e-01  5.358590e+00 6 1 -1.000000e+00
 1.183450e+00  5.507924e-01  2.583627e+00  0.000000e+00  0.000000e+00  3.217857e-01 -1.073035e-01 -2.478058e-01  1.841386e-02
-2.814871e-01 -1.428455e-01 -3.218847e-01  1.338315e+02  5.000000e-01  1.116822e+00 -8.303785e-01 -1.559109e+00  6.067231e-01
-1.535362e-02 -6.400118e-03  1.508211e-03  1.436856e+02  1.000000e+00  2.904045e+01 -9.386099e+00 -5.927160e+00  2.809202e+01
3 -1.710504e-01 -1.260299e-01  1.046778e+00  5.826886e-01  1.958793e-01  4.451400e+00 6 3 -1.000000e+00
-5.091812e-01 -4.109775e-01  3.549467e+00  0.000000e+00  0.000000e+00  2.081266e-01 -1.132352e-01 -5.766358e-01  3.521868e-02
 3.267013e-01  2.191371e-01 -6.952672e-01  6.031267e+01  5.000000e-01  3.538952e-01 -4.748800e-01 -1.276807e+00  1.500156e-01
 4.448954e-04  2.799288e-04  6.780573e-06  1.285287e+02  1.000000e+00  3.947936e+02 -5.658744e+01 -6.626568e+01  3.941898e+02
3 -8.010518e-02  1.643175e-01  4.878147e-01  2.337517e-01  1.310338e-01  1.605060e+00 6 1 -1.000000e+00
-9.490638e-02  3.630057e-01  1.794031e+00  0.000000e+00  0.000000e+00  1.495693e-01  3.691429e-01  1.719353e-01  6.664231e-02
 7.309961e-02 -9.496499e-02 -2.350787e-01  2.775663e+01  5.000000e-01  1.604399e+00  6.907435e-01  2.035207e+00  1.481773e+00
 7.216285e-03 -9.591468e-03  5.163380e-03  2.950533e+01  1.000000e+00  1.807323e+01  1.449165e+00  9.783837e+00  1.787741e+01
3  1.730804e-01 -3.502106e-01  9.636295e-01  3.300534e-01  1.343565e-01  7.478160e+00 6 1 -1.000000e+00
 3.231058e-01 -7.587521e-01  1.628978e+00  0.000000e+00  0.000000e+00  2.027825e-01  5.498353e-02  1.365682e-01  8.070744e-03
-4.271392e-02  1.327397e-01 -2.188639e-01  8.333088e+01  5.000000e-01  1.308447e+00  1.530700e+00  1.523531e+00  8.146333e-01
-2.648863e-03  1.085882e-02  1.760298e-03  8.627477e+01  1.000000e+00  2.741434e+01  1.111092e+01  2.485860e+00  2.645970e+01
1 -1.981301e+00  2.407851e+00  0.000000e+00  7.647004e-01  0.000000e+00  9.348090e+00 0 2  2.754929e-01
-6.617228e-01  2.322470e+00  3.172034e+00  0.000000e+00  0.000000e+00  4.077331e-01  2.172635e-02  1.872242e-01  6.322152e-04
3  2.371441e-01 -3.111351e-01  1.380854e+00  8.400841e-01  1.730606e-01  6.148330e+00 6 3 -1.000000e+00
 5.592042e-01 -8.781424e-01  3.493551e+00  0.000000e+00  0.000000e+00  3.498111e-01  1.740745e-01  3.258864e-01  4.901191e-03
-2.399319e-01  2.479743e-01 -6.045959e-01  2.208528e+02  5.000000e-01  7.863034e-01  1.079105e-01  1.299238e+00  1.165612e-01
-1.754285e-03  1.755141e-03  7.928004e-05  2.723389e+02  1.000000e+00  1.145847e+02 -1.332995e+01  1.050203e+01  1.123880e+02
1  1.138548e+00 -4.788700e-01  0.000000e+00  1.790981e+00  0.000000e+00  5.331700e+00 0 2 -1.000000e+00
 3.595299e+00  1.535426e-01  3.478191e+00  0.000000e+00  0.000000e+00  4.389154e-01 -1.081952e-01  1.249157e-01  2.931581e-03
3 -2.704843e-01  3.495473e-01  1.188886e+00  4.570139e-01  2.029795e-01  5.174370e+00 6 1 -1.000000e+00
-4.910779e-01  7.720919e-01  1.501820e+00  0.000000e+00  0.000000e+00  1.588506e-01  3.143694e-02  2.017063e-01  3.867933e-03
 1.698391e-01 -2.161588e-01 -3.048387e-01  9.700209e+01  5.000000e-01  4.059384e-01  3.217655e-01  1.878776e+00  1.146367e-01
 2.621807e-04 -4.406194e-04  2.286777e-06  1.338655e+02  1.000000e+00  6.677938e+02  8.553195e+01  1.295049e+00  6.667231e+02
3 -2.418938e-01 -2.042717e-01  1.056296e+00  4.388957e-01  3.467220e-01  6.182520e+00 6 1 -1.000000e+00
-7.035512e-01 -5.152663e-01  1.656341e+00  0.000000e+00  0.000000e+00  2.204398e-01  6.292161e-02  3.810819e-03  5.166847e-03
 1.518656e-01  1.044305e-01 -5.742899e-01  2.230288e+02  5.000000e-01  7.703173e-01 -3.301183e-01 -1.298097e+00  3.315928e-01
 4.343088e-03  2.584950e-03  4.887758e-04  2.428267e+02  1.000000e+00  4.821641e+01 -1.061426e+01 -8.414225e+00  4.723348e+01
1  2.485520e+00  1.130891e+01  0.000000e+00  4.189110e+00  0.000000e+00  4.599070e+00 0 2  2.922727e-01
 2.092990e+00  1.035722e+01  3.365436e+00  0.000000e+00  0.000000e+00  4.168749e-01  2.049198e-01 -3.007369e-02  4.240680e-03
3 -3.207606e-01  2.813039e-01  1.117748e+00  4.745723e-01  1.205576e-01  6.636110e+00 6 1 -1.000000e+00
-5.210827e-01  8.386859e-01  1.492267e+00  0.000000e+00  0.000000e+00  1.737440e-01 -1.084317e-01  2.863960e-02  5.080493e-03
 1.271467e-01 -7.189584e-02 -1.799041e-01  1.105573e+02  5.000000e-01  1.317695e+00 -1.260294e+00  2.017698e+00  8.898996e-01
 9.135232e-03 -5.874289e-03  1.535157e-03  1.143873e+02  1.000000e+00  2.826090e+01 -6.128169e+00  7.362280e+00  2.748938e+01
3 -1.535696e+00 -4.856434e-01  6.309017e-01  3.137711e-01  9.745729e-01  4.174140e+00 6 3  3.184007e-01
-1.583333e-01 -1.490182e-01 -5.552049e+00  3.689596e+00  5.000000e-01  7.790512e-01 -1.120508e-01 -4.651630e-01  6.835560e-02
 1.432335e-01  4.051428e-01  5.410876e+00  0.000000e+00  0.000000e+00  4.830307e-01  1.406755e-01 -2.503092e-01  2.032412e-02
-5.692330e-03 -1.047150e-02  7.532023e-02  4.399121e+00  1.000000e+00  4.683927e+00  5.424735e-01  1.979807e-02  2.635153e+00
3  3.528344e-01 -1.397175e-01  1.159234e+00  5.067144e-01  2.596246e-01  8.519810e+00 6 1 -1.000000e+00
 8.901769e-01 -6.491987e-02  2.193357e+00  0.000000e+00  0.000000e+00  2.208791e-01 -3.417777e-01  1.851894e-01  4.010655e-02
-2.505360e-01  1.414745e-01 -5.694494e-01  3.589918e+01  5.000000e-01  8.232694e-01 -6.680429e-01  1.158031e+00  5.186467e-01
-1.869435e-02  8.310097e-03  7.939815e-03  3.897976e+01  1.000000e+00  1.237511e+01 -8.814986e-01  1.633562e+00  1.181794e+01
2  6.104185e-01  2.747869e+00  1.925053e+00  1.177287e+00  1.878583e-01  5.552160e+00 6 1  2.826239e-01
 9.807342e-02  1.500062e+00  2.838680e+00  0.000000e+00  0.000000e+00  3.387656e-01  2.491443e-01 -1.512669e-01  2.326957e-03
-4.558388e-01 -3.435792e-01 -5.332697e-01  1.551503e+02  5.000000e-01  9.291498e-01 -4.319253e-01 -1.301416e+00  6.979027e-02
3 -1.317298e-03  1.096835e-01  6.743236e-01  3.052614e-01  9.093938e-01  6.571330e+00 6 1 -1.000000e+00
-9.080499e-02 -2.131906e-01 -2.070497e+00  1.372908e+01  5.000000e-01  4.595982e-01  4.757177e-01 -7.407446e-01  9.722480e-02
-7.585724e-02  4.609674e-01  1.882897e+00  0.000000e+00  0.000000e+00  2.548675e-01  1.550978e-01  8.406528e-03  1.359432e-02
-1.603137e-07 -5.863142e-04  3.929224e-05  2.291070e+01  1.000000e+00  1.622330e+02  2.330074e+01 -1.688796e+00  1.607527e+02
3  1.008565e-01 -8.137555e-02  7.319948e-01  3.535953e-01  8.771007e-01  2.092950e+00 6 1 -1.000000e+00
 3.389483e-01 -3.105826e-01  1.859154e+00  0.000000e+00  0.000000e+00  1.714182e-01 -4.597471e-02  3.828249e-01  1.219223e-02
-2.401426e-01  1.371564e-01 -2.119658e+00  5.499951e+01  5.000000e-01  2.514937e-01 -5.111489e-01  8.779309e-01  5.751197e-02
-1.611202e-04  1.025569e-04  3.712169e-06  1.250560e+02  1.000000e+00  5.233275e+02 -5.085892e+01 -2.924210e+01  5.226155e+02
3 -1.425052e+00 -4.328370e+00  3.316916e+00  1.335483e+00  1.664076e-02  9.526270e+00 6 2  2.927563e-01
-6.836480e-01 -3.111833e+00  3.003205e+00  0.000000e+00  0.000000e+00  4.046674e-01  9.855229e-02 -1.083083e-01  5.464219e-04
 5.851560e-03  3.307207e-02  3.556758e-03  4.479625e+02  1.000000e+00  2.078888e+01  9.977662e+00 -3.300195e+00  1.821745e+01
 2.375059e-02  1.287719e-01 -4.997562e-02  4.471730e+02  5.000000e-01  4.003334e+00  4.989153e+00 -2.034238e+00  2.271203e+00
3 -8.765364e-03 -2.524082e-01  8.290276e-01  4.010820e-01  2.070129e-01  5.931080e+00 6 1 -1.000000e+00
 4.174412e-02 -6.190343e-01  2.203877e+00  0.000000e+00  0.000000e+00  2.768064e-01  2.631790e-01 -2.544821e-04  5.223348e-03
 1.334450e-02  2.095067e-01 -4.562310e-01  5.461997e+01  5.000000e-01  5.598961e-01  1.517597e+00 -2.871627e-01  1.068946e-01
-2.545560e-05  4.755332e-04  5.714323e-06  7.638355e+01  1.000000e+00  4.224080e+02  3.504839e+01  3.684346e+01  4.209026e+02
3  1.094799e-01 -1.868260e-01  1.760978e+00  7.919376e-01  6.211948e-01  9.642180e+00 6 3 -1.000000e+00
 3.551689e-01 -1.053730e+00  3.741786e+00  0.000000e+00  0.000000e+00  3.876223e-01  2.461699e-01  2.171517e-01  8.981755e-03
-4.412929e-01  5.168409e-01 -2.324378e+00  5.057448e+01  5.000000e-01  5.305132e-01  5.283274e-02  8.048908e-01  3.352339e-02
-6.630445e-05  1.407244e-04  5.840983e-07  1.300464e+02  1.000000e+00  1.335896e+03  1.904580e+02  1.833952e+02  1.333387e+03
3 -4.147685e-02 -1.234706e-01  7.934715e-01  3.595578e-01  7.326124e-01  7.728810e+00 6 1 -1.000000e+00
-2.328312e-01 -4.677448e-01  2.581647e+00  0.000000e+00  0.000000e+00  3.109146e-01  1.955781e-01 -2.218972e-01  2.878177e-02
 4.429449e-02  2.757593e-01 -1.891347e+00  1.914388e+01  5.000000e-01  5.444291e-01  8.318828e-01 -2.103322e-01  1.532132e-01
 4.972090e-04  1.595161e-03  2.241333e-04  2.985076e+01  1.000000e+00  6.905800e+01  1.136960e+01 -6.402586e+00  6.774706e+01
3 -4.433290e-01  2.711773e-02  1.734619e+00  9.764205e-01  8.437013e-02  4.864340e+00 6 2 -1.000000e+00
 4.036525e-01 -4.632215e-03 -4.782303e-01  2.516557e+02  5.000000e-01  9.647267e-01 -1.446372e+00  1.714162e-02  1.320322e-01
-1.287735e+00  3.802211e-01  5.668243e+00  0.000000e+00  0.000000e+00  4.766633e-01 -2.848446e-01  1.277627e-01  3.971077e-03
 1.365983e-03 -2.691697e-05  1.156542e-05  3.228040e+02  1.000000e+00  3.049023e+02 -7.651553e+01 -6.107006e+00  3.023350e+02
3  4.465986e-01 -2.826725e-01  1.360248e+00  5.890451e-01  1.207925e-01  6.160130e+00 6 1 -1.000000e+00
 8.767429e-01 -6.396234e-01  2.275894e+00  0.000000e+00  0.000000e+00  2.483602e-01 -1.636479e-01  3.143150e-01  3.399521e-02
-2.198965e-01  1.651486e-01 -2.749109e-01  5.996821e+01  5.000000e-01  1.246309e+00 -7.157591e-01  1.784909e+00  8.662125e-01
-1.719073e-02  1.397861e-02  3.205069e-03  6.340234e+01  1.000000e+00  2.046208e+01 -5.008860e-01  8.155716e+00  1.976733e+01
1  7.660634e-01 -1.041872e+01  0.000000e+00  4.130497e+00  0.000000e+00  9.978110e+00 0 2 -1.000000e+00
 5.746320e+00 -1.720254e+01  3.466090e+00  0.000000e+00  0.000000e+00  4.059970e-01  2.514864e-01  3.293346e-02  1.658288e-04
3  2.490679e-02  1.373683e-02  2.765033e-01  1.409277e-01  5.215602e-01  4.154450e+00 6 3 -1.000000e+00
-9.710120e-02 -5.543873e-02 -2.843216e+00  1.808919e+00  5.000000e-01  6.196008e-01 -3.548215e-01 -6.087032e-01  3.815766e-01
 1.457970e-01  7.667683e-02  5.451367e+00  0.000000e+00  0.000000e+00  3.844609e-01 -2.528478e-01 -3.626515e-01  1.744117e-01
-1.759845e-03 -9.721778e-04  5.834548e-03  2.911848e+00  1.000000e+00  1.463753e+01 -2.025534e+00 -3.238308e+00  1.411026e+01
1  2.222524e+00 -5.940639e+00  0.000000e+00  4.355463e+00  0.000000e+00  2.832060e+00 0 2 -1.000000e+00
 4.609123e+00 -1.112520e+01  3.065217e+00  0.000000e+00  0.000000e+00  3.774065e-01  2.157158e-01  1.218530e-01  1.599427e-04
1 -3.115404e-01 -9.263265e-02  0.000000e+00  7.213797e-02  0.000000e+00  9.318510e+00 0 2  2.798478e-01
 1.279760e-01 -8.666145e-02  3.823960e+00  0.000000e+00  0.000000e+00  4.137983e-01 -4.238241e-02  2.834204e-01  9.264228e-03
3 -3.436321e-01 -4.811992e-02  1.348322e+00  7.975247e-01  1.765499e-01  7.467100e+00 6 1 -1.000000e+00
 2.634685e-01  5.901397e-02 -4.924967e-01  5.105999e+01  5.000000e-01  1.481731e+00 -1.298870e+00 -7.585994e-01  6.231074e-01
-1.020683e+00  4.700223e-01  2.789562e+00  0.000000e+00  0.000000e+00  3.629517e-01 -2.050876e-01  7.273475e-02  1.765643e-02
 3.007821e-02  4.786820e-03  1.329542e-02  5.304106e+01  1.000000e+00  1.103336e+01 -4.742314e+00 -1.721885e+00  9.352126e+00
3  5.686915e-01  2.138820e-01  1.516707e+00  6.649070e-01  1.326714e-01  6.639610e+00 6 1 -1.000000e+00
 1.198830e+00  3.272479e-01  1.605497e+00  0.000000e+00  0.000000e+00  1.954653e-01 -8.596862e-02 -1.304813e-01  1.062067e-02
-2.609348e-01 -8.444069e-02 -2.130035e-01  9.754025e+01  5.000000e-01  8.869245e-01 -1.630693e+00 -1.431218e+00  5.496917e-01
-6.716085e-03 -1.721501e-03  2.155111e-04  1.078881e+02  1.000000e+00  7.245477e+01 -2.083441e+01 -5.619654e+00  7.173071e+01
3 -5.197105e-01  3.015864e-01  1.998922e+00  8.606475e-01  1.411253e-01  6.622930e+00 6 3 -1.000000e+00
-1.435036e+00  1.071135e+00  3.801866e+00  0.000000e+00  0.000000e+00  4.394838e-01 -1.411173e-01  1.767359e-01  8.656081e-03
 1.658367e-01 -1.259023e-01 -5.365394e-01  2.233770e+02  5.000000e-01  2.249062e+00 -6.334197e-01  1.738601e+00  1.187322e+00
 6.696672e-02 -5.272009e-02  1.010843e-01  2.237813e+02  1.000000e+00  5.510446e+00 -7.055307e-01  3.154935e+00  4.175099e+00
3 -7.461942e-02  1.887840e-01  1.085899e+00  5.426147e-01  1.529408e-01  6.800430e+00 6 3 -1.000000e+00
 1.306974e-01 -3.541098e-01 -9.366047e-01  5.076789e+01  5.000000e-01  6.234262e-01  8.452800e-01  7.035594e-01  1.255667e-01
-3.203213e-01  6.336948e-01  6.123971e+00  0.000000e+00  0.000000e+00  3.819733e-01  2.884700e-01  3.680343e-01  2.282313e-02
 4.656259e-04 -1.135931e-03  4.700271e-05  8.405250e+01  1.000000e+00  1.495827e+02  1.911294e+01  2.088421e+01  1.477716e+02
3 -1.079609e+00 -7.440225e-01  1.833394e+00  7.435690e-01  2.756972e-01  5.908230e+00 6 1  2.756892e-01
 2.856420e-01 -1.487386e-01 -4.535310e-01  3.237289e+02  5.000000e-01  1.248528e+00 -8.667972e-01  1.230995e+00  1.355245e-01
-1.500330e+00  2.655516e-01  1.645033e+00  0.000000e+00  0.000000e+00  2.014212e-01 -1.617593e-01  6.059250e-02  1.195200e-03
 4.615148e-03 -2.645273e-03  1.429664e-04  3.473335e+02  1.000000e+00  9.007172e+01 -3.732779e+00  3.041686e+01  8.444265e+01
3  3.503956e-01 -8.481559e-01  2.361549e+00  1.013583e+00  1.127706e-01  4.784410e+00 6 1 -1.000000e+00
 9.715152e-01 -1.720669e+00  1.836693e+00  0.000000e+00  0.000000e+00  2.379177e-01  1.303744e-01  1.389788e-01  5.022493e-03
-2.969703e-03  6.868099e-03  1.186836e-04  1.428878e+02  1.000000e+00  9.551566e+01  1.467022e+01  1.709471e+01  9.381034e+01
-1.346377e-01  3.657969e-01 -2.071250e-01  1.301700e+02  5.000000e-01  1.029940e+00  1.738749e+00  1.343745e+00  4.020202e-01
3  6.481730e-01 -2.589923e+00  9.305533e+00  4.291500e+00  9.185189e-01  7.689650e+00 6 1  2.749309e-01
-6.704465e+00 -2.413219e+00  1.561628e+00  0.000000e+00  0.000000e+00  1.479131e-01 -1.704463e-01 -2.379979e-01  1.034266e-04
 1.622210e+00  1.741228e+00 -1.434385e+00  3.622961e+03  5.000000e-01  7.804000e-01  8.881586e-02 -8.587774e-01  2.555764e-03
 1.795145e-02  1.021199e-02  1.867706e-04  3.907853e+03  1.000000e+00  7.917329e+01 -1.359200e+01 -2.391986e+01  6.520893e+01
5  1.772661e-02 -1.534308e-03  6.404769e-01  2.557105e-01  1.000000e+00  5.800160e+00 6 3 -1.000000e+00
-1.969808e-01 -2.463404e-01  3.421276e+00  3.007098e+00  0.000000e+00  2.727769e-01  7.808921e-02 -4.800697e-01  5.646783e-02
 1.402592e-01 -2.510890e-01 -2.444921e+00  5.536871e+00  5.000000e-01  4.025173e-01  3.818546e-01  7.875175e-01  1.656565e-01
-1.895427e-01  1.886628e-01 -1.797095e+00  8.114267e+00  5.000000e-01  4.042537e-01 -7.882751e-02  9.513956e-01  1.636509e-01
 2.717884e-01  1.900839e-01  2.801759e+00  0.000000e+00  0.000000e+00  2.522623e-01 -2.154179e-01 -3.947001e-01  4.241928e-02
-1.006844e-04  2.677215e-05  4.895083e-05  3.303939e+01  1.000000e+00  1.460816e+02  7.478715e+00  2.375040e+01  1.451929e+02
3  1.205529e+00 -8.332608e-02  1.445521e+00  6.218157e-01  2.125942e-01  3.598730e+00 6 1  2.688211e-01
 1.656780e-01 -1.168818e+00  2.156352e+00  0.000000e+00  0.000000e+00  2.946183e-01  1.838373e-01  4.590126e-03  5.377930e-03
 2.533182e-02  2.698734e-01 -4.584279e-01  3.626911e+02  5.000000e-01  1.112129e+00  1.440875e+00 -3.432508e-01  2.999263e-01
 3.070050e-04  6.402579e-03  3.318372e-04  3.951104e+02  1.000000e+00  5.971573e+01  2.058028e+01 -3.234560e+00  5.709214e+01
1 -1.041179e-01 -3.536166e+00  0.000000e+00  2.702176e+00  0.000000e+00  7.073480e+00 0 2 -1.000000e+00
 2.682412e+00 -7.401630e+00  3.649123e+00  0.000000e+00  0.000000e+00  4.383603e-01  1.965479e-01  5.262711e-02  3.915813e-04
3 -4.020060e-01 -1.271923e-01  1.665482e+00  9.650440e-01  2.463939e-01  8.236030e+00 6 1 -1.000000e+00
-9.752254e-01 -5.760149e-01  2.215727e+00  0.000000e+00  0.000000e+00  2.093732e-01 -2.361304e-01 -3.435316e-01  4.141793e-03
 5.671216e-01  5.247166e-02 -5.459417e-01  6.981870e+01  5.000000e-01  3.661595e-01 -1.437218e+00 -4.097014e-01  8.660069e-02
 3.810129e-04 -2.878005e-05  6.588092e-07  1.387283e+02  1.000000e+00  1.411467e+03 -5.556505e+02  4.034580e+02  1.410443e+03
3  1.646900e-02  2.605365e-01  2.546288e+00  1.024398e+00  3.423882e-01  6.675350e+00 6 3 -1.000000e+00
-4.480458e-01 -1.021455e+00 -1.357851e+00  8.160720e+01  5.000000e-01  6.340754e-01  6.397492e-01 -6.790285e-01  1.987161e-01
-6.212748e-01  1.518933e+00  3.965823e+00  0.000000e+00  0.000000e+00  3.887609e-01  2.569032e-01  2.354983e-01  9.954561e-03
-4.773842e-04 -1.399849e-03  2.074184e-05  1.927678e+02  1.000000e+00  2.537793e+02  7.346133e+01 -1.014351e+02  2.523975e+02
1  2.840605e+00  3.914563e+00  0.000000e+00  1.489292e+00  0.000000e+00  3.700170e+00 0 2  2.915717e-01
 1.267150e+00  3.750174e+00  5.216575e+00  0.000000e+00  0.000000e+00  4.588158e-01  1.238368e-01 -2.929986e-01  8.049959e-04
1 -9.563148e+00 -1.188528e+01  0.000000e+00  4.921209e+00  0.000000e+00  7.176150e+00 0 2 -1.000000e+00
-1.202471e+01 -1.500281e+01  3.162041e+00  0.000000e+00  0.000000e+00  3.092940e-01  8.799064e-02 -3.912557e-01  1.730663e-05
1 -2.954841e-01 -9.052862e-04  0.000000e+00  2.696759e-01  0.000000e+00  6.565160e+00 0 2 -1.000000e+00
-5.254804e-01  6.974695e-02  3.476644e+00  0.000000e+00  0.000000e+00  3.421261e-01 -3.809949e-01  2.689534e-03  1.815234e-02
3  1.967077e-01  4.884929e-02  8.855833e-01  4.626837e-01  2.824223e-01  9.344110e+00 6 1 -1.000000e+00
-3.007478e-01 -1.191572e-02 -6.921726e-01  3.060482e+01  5.000000e-01  5.873760e-01 -1.266592e+00 -1.035811e-01  2.697995e-01
 5.045434e-01  3.565458e-01  2.450842e+00  0.000000e+00  0.000000e+00  2.349212e-01 -2.183572e-01 -3.600594e-01  3.730237e-02
-3.290437e-03 -5.463150e-04  4.323101e-04  4.290181e+01  1.000000e+00  4.981957e+01 -8.362453e+00  5.156523e-01  4.895074e+01
3 -6.089541e-02 -2.893898e-01  1.137653e+00  6.060477e-01  2.433514e-01  8.151130e+00 6 1 -1.000000e+00
 5.389898e-02 -8.207693e-01  2.403156e+00  0.000000e+00  0.000000e+00  2.752647e-01  3.288538e-01 -3.125706e-02  8.883677e-03
 1.392214e-01  3.136800e-01 -5.848112e-01  6.058849e+01  5.000000e-01  5.914916e-01  9.790922e-01 -9.582334e-01  1.704825e-01
 7.403727e-04  1.536250e-03  4.602346e-05  8.562306e+01  1.000000e+00  1.553502e+02  4.342547e-01 -4.577919e+01  1.539346e+02
2  2.567325e-01  1.489175e-01  1.143455e+00  5.017690e-01  4.794911e-01  5.181270e+00 6 1 -1.000000e+00
-2.574940e-01 -1.514624e-01 -9.165169e-01  9.789967e+01  5.000000e-01  4.844396e-01 -4.033643e-01 -1.092789e+00  2.678095e-02
 7.807382e-01  3.276656e-01  1.911437e+00  0.000000e+00  0.000000e+00  2.547152e-01 -6.408144e-02 -1.678579e-01  1.568679e-03
1  7.428404e-01  3.156219e-01  0.000000e+00  9.037222e-01  0.000000e+00  4.438840e+00 0 2 -1.000000e+00
 1.388365e+00  6.857758e-01  3.312569e+00  0.000000e+00  0.000000e+00  3.674471e-01 -2.114312e-01 -2.313860e-01  8.149866e-02
3  1.704510e+00  1.804110e+00  1.848663e+00  6.644816e-01  1.279635e-01  6.363400e+00 6 1  3.023065e-01
 1.472647e+00  5.718512e-01  1.626074e+00  0.000000e+00  0.000000e+00  1.907452e-01 -8.273735e-02 -1.818503e-01  4.666351e-03
-2.142091e-01 -1.845028e-01 -2.080780e-01  8.595437e+01  5.000000e-01  1.100718e+00 -4.247504e-01 -2.153049e+00  4.959228e-01
-1.046067e-02 -9.154178e-03  8.837398e-04  9.040788e+01  1.000000e+00  3.551873e+01  2.915281e+00 -7.175585e+00  3.404083e+01
3  2.989121e-01  3.275499e-01  2.632953e+00  1.601591e+00  5.157638e-01  5.334480e+00 6 1 -1.000000e+00
-7.969494e-01 -3.609544e-01 -1.445357e+00  1.054278e+02  5.000000e-01  6.899091e-01 -6.149772e-01 -6.401797e-01  1.305234e-01
 8.777631e-01  1.670740e+00  2.802362e+00  0.000000e+00  0.000000e+00  3.598421e-01  1.082277e-01 -2.030938e-01  7.703610e-03
-2.851305e-03 -2.110397e-03  8.214978e-05  1.542825e+02  1.000000e+00  1.159488e+02 -2.402197e+01 -2.152403e+01  1.142188e+02
1 -2.277743e+00 -1.914227e+00  0.000000e+00  4.419737e+00  0.000000e+00  5.155270e+00 0 2 -1.000000e+00
-9.151292e+00 -7.599839e-01  3.285055e+00  0.000000e+00  0.000000e+00  4.083973e-01 -1.516717e-01 -1.502680e-01  7.288593e-04
3  5.993576e-01  2.601600e-02  1.453006e+00  7.388494e-01  3.311795e-02  9.983530e+00 6 2 -1.000000e+00
 1.181437e+00  1.866832e-01  4.709212e+00  0.000000e+00  0.000000e+00  3.883604e-01 -3.959163e-01 -7.073523e-02  5.687211e-03
-2.592175e-01 -2.366845e-03 -1.559594e-01  3.862693e+02  5.000000e-01  1.130601e+00 -2.531276e+00 -1.470496e-01  3.945266e-01
-3.709925e-03  1.444760e-04  6.323044e-05  4.358958e+02  1.000000e+00  1.306365e+02 -2.984215e+01  9.994454e+00  1.288720e+02
1  8.354945e+00  7.887246e+00  0.000000e+00  3.331998e+00  0.000000e+00  3.738430e+00 0 2 -1.000000e+00
 1.391018e+01  1.031783e+01  3.178874e+00  0.000000e+00  0.000000e+00  3.911079e-01 -4.122062e-03 -2.369721e-01  4.668966e-03
3 -5.172263e-01 -5.961804e-02  1.768271e+00  7.078733e-01  4.416413e-01  2.267830e+00 6 1 -1.000000e+00
-1.347331e+00 -2.446964e-01  1.994033e+00  0.000000e+00  0.000000e+00  2.441495e-01 -2.576903e-01 -5.839119e-02  1.259399e-02
 3.957842e-01  5.251466e-02 -8.806473e-01  7.745799e+01  5.000000e-01  8.359440e-01 -1.061323e+00 -1.898293e-01  2.746938e-01
 1.938115e-02  4.007072e-03  3.514616e-03  8.384270e+01  1.000000e+00  1.835066e+01 -3.193969e+00 -2.513534e+00  1.680007e+01
3  7.394978e-01  3.182846e-01  2.205965e+00  8.823204e-01  1.428064e-01  4.678580e+00 6 1 -1.000000e+00
 1.598638e+00  1.057086e+00  1.760702e+00  0.000000e+00  0.000000e+00  2.385760e-01 -7.405127e-02 -7.954635e-02  1.653127e-03
-3.147357e-01 -4.076886e-02 -2.514395e-01  1.915770e+02  5.000000e-01  1.088892e+00 -1.823854e+00 -8.115153e-01  4.021028e-01
-1.275811e-02 -3.691662e-04  5.556419e-04  2.016933e+02  1.000000e+00  4.763960e+01 -1.666766e+01  9.885407e+00  4.611672e+01
3 -7.268074e-02  2.829191e-03  2.030410e-01  9.458621e-02  1.373835e-01  8.469380e+00 6 1 -1.000000e+00
-1.452974e-01  6.642821e-02  1.745408e+00  0.000000e+00  0.000000e+00  1.966197e-01 -2.685922e-01  1.860892e-02  4.592189e-02
 4.522012e-02 -3.776687e-03 -2.397903e-01  6.993698e+00  5.000000e-01  9.092262e-01 -2.038200e+00 -1.558637e-01  6.946243e-01
 1.447692e-03 -3.275792e-04  5.020069e-04  7.940414e+00  1.000000e+00  5.088689e+01 -1.760573e+01  1.366514e+01  5.049324e+01
3  1.803843e-01  2.249078e-02  5.501232e-01  2.493938e-01  3.236232e-01  5.118070e+00 6 1 -1.000000e+00
-1.262168e-01 -4.481868e-02 -6.565147e-01  7.342645e+00  5.000000e-01  1.059616e+00 -9.863061e-01 -7.442779e-01  8.839461e-01
 4.232963e-01 -7.072104e-02  2.028639e+00  0.000000e+00  0.000000e+00  1.905009e-01 -4.021785e-01  2.449722e-02  7.297246e-02
-1.984930e-02 -5.592734e-03  3.552273e-02  7.635467e+00  1.000000e+00  6.643200e+00 -1.244524e+00 -1.464880e+00  6.376465e+00
3 -7.609993e-02  3.500231e-01  9.083169e-01  3.299843e-01  1.116252e-01  2.561450e+00 6 1 -1.000000e+00
-1.863804e-01  6.951073e-01  1.732559e+00  0.000000e+00  0.000000e+00  2.056974e-01  2.124683e-01  9.269801e-02  1.704292e-02
 3.529796e-02 -1.857437e-01 -1.933972e-01  8.296840e+01  5.000000e-01  9.379724e-01  2.110064e+00  8.498137e-01  6.028844e-01
 5.336678e-04 -2.891354e-03  7.720718e-05  9.647893e+01  1.000000e+00  1.242849e+02  4.503374e+01  1.479782e+01  1.234710e+02
2 -1.607121e+00 -6.812334e-01  4.935615e+00  2.767200e+00  8.671610e-03  6.412910e+00 6 2 -1.000000e+00
-2.826325e+00 -3.779797e+00  3.795984e+00  0.000000e+00  0.000000e+00  4.530193e-01 -5.755235e-02 -1.801092e-01  1.580907e-04
 2.537307e-01  7.682722e-02 -3.291729e-02  1.636137e+03  5.000000e-01  2.559454e+00 -4.417688e+00 -3.646244e+00  9.645911e-01
2  1.955719e-01  2.224275e-01  1.626381e+00  5.612082e-01  5.756467e-01  8.247750e+00 6 1 -1.000000e+00
-1.295530e-01 -4.596406e-01 -1.240948e+00  2.542176e+02  5.000000e-01  5.833097e-01  9.006010e-01 -4.103467e-01  5.568230e-02
 1.006975e+00  7.037241e-01  2.155745e+00  0.000000e+00  0.000000e+00  3.113372e-01  3.550123e-02 -9.549606e-02  1.324588e-03
3  5.619243e-01  3.015669e-01  1.904909e+00  7.340915e-01  1.929574e-01  5.792590e+00 6 1 -1.000000e+00
 1.397149e+00  5.552656e-01  1.760994e+00  0.000000e+00  0.000000e+00  2.298162e-01 -9.002066e-02 -1.312178e-01  1.468990e-02
-3.336610e-01 -2.403313e-01 -3.397968e-01  1.444645e+02  5.000000e-01  8.786513e-01 -5.982640e-01 -1.612371e+00  5.212003e-01
-8.532095e-03 -6.145272e-03  3.858642e-04  1.634752e+02  1.000000e+00  5.556902e+01 -1.912965e+00 -1.955845e+01  5.479093e+01
3 -2.175686e-01  9.695549e-02  1.008999e+00  3.420086e-01  5.015766e-01  6.104660e+00 6 1 -1.000000e+00
 2.753255e-01 -4.803819e-02 -8.783913e-01  8.882050e+01  5.000000e-01  4.361451e-01 -1.180179e+00  2.520991e-01  2.866837e-02
-6.046354e-01  4.456692e-01  1.751261e+00  0.000000e+00  0.000000e+00  2.354396e-01 -9.358060e-02  6.912317e-02  1.725993e-03
 1.216527e-04 -6.471732e-05  7.390886e-07  1.458560e+02  1.000000e+00  1.178374e+03  1.640184e+02 -7.930924e+01  1.176566e+03
3  2.033710e-01 -1.376475e-01  6.130586e-01  2.101140e-01  1.251706e-01  3.614790e+00 6 1 -1.000000e+00
 3.675223e-01 -3.323503e-01  1.394224e+00  0.000000e+00  0.000000e+00  1.486432e-01 -7.167525e-02  4.925871e-02  7.262490e-03
-3.907235e-04  3.332168e-04  4.608474e-06  1.561302e+02  1.000000e+00  4.961800e+02  9.184324e+00  1.677120e+02  4.955526e+02
-9.867714e-02  6.576905e-02 -1.745159e-01  1.245587e+02  5.000000e-01  5.940364e-01 -1.183215e+00  2.120129e+00  3.510590e-01
