# num_image x_src y_src, sep, ein, fr, zs, fs, flag_out, frac_sh_trunc
# x_img, y_img, mag, delay, n_i, kappa, gamma1, gamma2, kappa*
# zmin, zmax, log10Mhmin, log10Mhmax, log10mshmin, log10mshmax, n_bins: 0.10, 3.00, 10.00, 16.00, 9.00, 16.00, 100
1 -1.379569e+00 -7.570860e-01  0.000000e+00  1.480482e+00  0.000000e+00  5.933900e+00 0 2 -1.000000e+00
-2.268531e+00 -1.430713e+00  3.329067e+00  0.000000e+00  0.000000e+00  3.332545e-01 -1.462038e-01 -3.504135e-01  7.098820e-03
5  8.631026e-02  1.888930e-01  1.382934e+00  7.533075e-01  1.000000e+00  4.684020e+00 6 3 -1.000000e+00
-1.829399e-01 -4.719780e-01 -9.690988e-01  2.776543e+01  5.000000e-01  6.452373e-01  7.662459e-01 -7.553874e-01  2.045148e-01
 8.688181e-01  2.706021e-01  5.313085e+00  0.000000e+00  0.000000e+00  3.739033e-01 -2.296741e-01 -3.886287e-01  5.046349e-02
 1.718063e-01  8.101301e-01 -9.934157e+00  1.771250e+00  5.000000e-01  4.347625e-01  5.457922e-01 -3.496671e-01  6.387382e-02
-3.950184e-01  8.320489e-01  7.648299e+00  1.204546e+00  0.000000e+00  4.312942e-01  3.938308e-01  1.938442e-01  5.994332e-02
-1.755809e-03 -4.288626e-03  7.761014e-04  4.413392e+01  1.000000e+00  3.723736e+01  4.296778e+00 -2.488486e+00  3.603405e+01
3 -1.860106e-01 -1.323080e-01  1.124469e+00  5.349465e-01  8.868840e-01  6.393320e+00 6 1 -1.000000e+00
-6.597398e-01 -4.148496e-01  2.194122e+00  0.000000e+00  0.000000e+00  2.804502e-01 -6.225530e-02 -2.410662e-01  6.518911e-03
 2.870916e-01  1.917319e-01 -1.945931e+00  6.042770e+01  5.000000e-01  5.605377e-01 -2.598687e-01 -7.996800e-01  6.283624e-02
 9.303348e-04  5.094310e-04  3.568915e-05  8.724170e+01  1.000000e+00  1.701605e+02 -2.387026e+01 -5.075934e+00  1.676540e+02
3 -1.571931e-01  5.989300e-01  2.347583e+00  1.009730e+00  2.642600e-01  4.130250e+00 6 1 -1.000000e+00
-7.389869e-01  1.498157e+00  2.183999e+00  0.000000e+00  0.000000e+00  2.416198e-01  2.370906e-01  2.470889e-01  2.681117e-02
 5.564268e-02 -7.108492e-01 -5.771435e-01  7.605012e+01  5.000000e-01  6.364874e-01  1.342320e+00  2.509766e-01  3.302692e-01
 1.009294e-03 -8.509248e-03  2.552530e-04  1.002686e+02  1.000000e+00  6.643440e+01  1.897455e+01 -1.986337e+00  6.566719e+01
1  1.264994e-01  3.268123e-02  0.000000e+00  7.295553e-02  0.000000e+00  5.347060e+00 0 2 -1.000000e+00
 1.966658e-01  3.941541e-02  3.054548e+00  0.000000e+00  0.000000e+00  3.557250e-01 -2.429616e-01 -1.693495e-01  1.350924e-01
3 -4.536166e-01 -3.639210e-01  1.619990e+00  6.163178e-01  2.101081e-01  8.187960e+00 6 1 -1.000000e+00
-9.191671e-01 -8.461029e-01  1.520650e+00  0.000000e+00  0.000000e+00  1.684461e-01 -7.689111e-02 -1.672008e-01  8.449119e-03
 2.834070e-01  2.393390e-01 -3.195009e-01  8.032505e+01  5.000000e-01  5.341441e-01 -4.111871e-01 -1.782646e+00  2.411051e-01
 1.400566e-03  1.311929e-03  1.535385e-05  1.027566e+02  1.000000e+00  2.621679e+02  1.187129e+01 -5.419892e+01  2.612448e+02
3  1.878031e-01  5.281778e-01  1.561341e+00  5.730935e-01  1.966017e-01  2.878140e+00 6 1 -1.000000e+00
 3.901922e-01  1.228043e+00  1.687849e+00  0.000000e+00  0.000000e+00  2.219765e-01  6.596667e-02 -9.218857e-02  1.332796e-02
-6.470521e-02 -2.655619e-01 -3.318340e-01  1.004624e+02  5.000000e-01  1.043368e+00  1.453228e+00 -9.505601e-01  6.702851e-01
-3.377690e-03 -1.666256e-02  1.842816e-03  1.061732e+02  1.000000e+00  2.601386e+01  8.975880e+00 -1.574523e+00  2.534072e+01
3  2.441823e+00 -5.702075e-01  6.498620e+00  3.473920e+00  9.684445e-03  4.129200e+00 6 2 -1.000000e+00
 6.168806e+00 -9.696839e-01  4.296590e+00  0.000000e+00  0.000000e+00  3.967934e-01 -3.484757e-01  9.838787e-02  3.938051e-04
-2.459947e-01  7.070073e-02 -4.161009e-02  1.909812e+03  5.000000e-01  4.361331e+00 -5.076819e+00  3.091454e+00  2.088096e+00
-3.953380e-02  1.157288e-02  1.014841e-03  1.915308e+03  1.000000e+00  3.769014e+01 -1.559062e+01  1.085000e+01  3.421725e+01
3 -2.079383e-01 -4.530665e-02  8.367548e-01  4.377624e-01  2.864333e-01  3.596670e+00 6 3 -1.000000e+00
-5.926545e-01 -1.278043e-01  3.131301e+00  0.000000e+00  0.000000e+00  3.034329e-01 -3.656220e-01 -1.793605e-01  5.332375e-02
 2.270552e-01  4.022731e-02 -8.969089e-01  3.483219e+01  5.000000e-01  9.150667e-01 -9.787951e-01 -4.051103e-01  4.663930e-01
 1.551052e-02  2.523059e-03  9.535267e-03  3.838906e+01  1.000000e+00  1.195527e+01 -3.783836e+00 -9.092567e-01  1.088442e+01
1  2.745531e+00  2.450010e+00  0.000000e+00  1.698455e+00  0.000000e+00  4.947170e+00 0 2  3.037763e-01
-1.781769e+00 -3.724790e+00  3.407138e+00  0.000000e+00  0.000000e+00  3.601713e-01  1.824544e-01 -2.873842e-01  2.376648e-03
3  9.957521e-01  1.258890e+00  9.644004e-01  5.600293e-01  7.361009e-01  2.362490e+00 6 3  2.980788e-01
 3.967410e-01 -4.672196e-01  4.145942e+00  0.000000e+00  0.000000e+00  3.857528e-01  8.446714e-02  3.591172e-01  1.086607e-01
-3.953640e-01  8.290565e-02 -3.051832e+00  1.240490e+01  5.000000e-01  7.208023e-01 -5.839460e-01  2.542253e-01  3.569120e-01
-9.360547e-03  4.526877e-03  1.580178e-02  1.788042e+01  1.000000e+00  9.280913e+00 -2.011073e+00  1.115836e+00  8.269492e+00
1  9.524121e-01  4.897924e-01  0.000000e+00  3.522339e-01  0.000000e+00  2.655140e+00 0 2  3.067383e-01
-5.286337e-01 -9.229972e-02  3.971213e+00  0.000000e+00  0.000000e+00  3.894991e-01 -3.337699e-01 -9.745125e-02  4.874418e-02
3 -1.617163e-01 -1.756002e-01  7.553477e-01  3.573257e-01  3.128280e-01  6.192800e+00 6 1 -1.000000e+00
-4.219575e-01 -4.051027e-01  1.735711e+00  0.000000e+00  0.000000e+00  2.172721e-01  1.457027e-02 -1.905730e-01  5.216948e-03
 1.158364e-01  1.253008e-01 -5.429792e-01  8.218950e+01  5.000000e-01  6.129879e-01  2.375420e-01 -1.391058e+00  1.544192e-01
 8.738274e-04  7.216427e-04  3.815954e-05  1.006061e+02  1.000000e+00  1.659457e+02 -2.277351e+01 -2.197043e+01  1.643373e+02
3  3.259642e-02  3.438659e-01  1.641069e+00  7.756915e-01  2.816378e-01  5.928250e+00 6 1 -1.000000e+00
-1.433773e-03 -5.484107e-01 -7.655321e-01  3.667034e+01  5.000000e-01  5.458261e-01  1.223481e+00  1.250951e-01  2.056155e-01
 4.956127e-01  1.015576e+00  2.718144e+00  0.000000e+00  0.000000e+00  2.875648e-01  3.193089e-01 -1.941846e-01  3.114265e-02
-3.717666e-04 -3.300390e-03  1.196558e-04  5.555316e+01  1.000000e+00  9.467711e+01  1.961759e+01 -5.765718e+00  9.335308e+01
3 -2.517552e-01 -4.142054e-01  1.171251e+00  4.701820e-01  1.074842e-01  7.224210e+00 6 1 -1.000000e+00
-3.008267e-01 -8.545829e-01  1.885912e+00  0.000000e+00  0.000000e+00  1.843799e-01  1.760321e-01 -3.224924e-01  1.616646e-02
 1.084071e-03  2.542729e-03  4.749174e-05  6.958784e+01  1.000000e+00  1.515849e+02  3.692100e+01 -1.601116e+01  1.507832e+02
 1.327729e-01  2.334519e-01 -2.027057e-01  5.683161e+01  5.000000e-01  6.584302e-01  9.053623e-01 -2.056757e+00  3.671093e-01
3  1.695380e+00 -5.219522e-01  1.263599e+00  5.652597e-01  1.151593e-01  1.193940e+01 6 1  2.818871e-01
 6.537882e-01 -7.430693e-01  2.887530e+00  0.000000e+00  0.000000e+00  3.571003e-01  8.425416e-02  2.447540e-01  3.300607e-03
-1.596992e-01  2.238433e-01 -3.325259e-01  8.553834e+01  5.000000e-01  7.943858e-01  5.584555e-01  1.654596e+00  1.294477e-01
-4.795495e-04  7.543246e-04  7.986708e-06  1.091481e+02  1.000000e+00  3.580896e+02  3.685345e+01  3.077013e+01  3.557098e+02
3  2.818518e-01  2.659768e-02  1.063868e+00  4.538949e-01  4.881118e-01  5.762860e+00 6 1 -1.000000e+00
-2.774051e-01 -2.794366e-02 -7.906747e-01  1.011617e+02  5.000000e-01  4.612625e-01 -1.196401e+00 -3.515749e-01  1.387808e-01
 7.854369e-01  1.877237e-02  1.619864e+00  0.000000e+00  0.000000e+00  2.083558e-01 -8.445320e-02 -4.724786e-02  7.847235e-03
-6.700098e-04 -5.248920e-06  6.729693e-06  1.447422e+02  1.000000e+00  3.979542e+02 -9.158651e+01  2.427691e+01  3.968710e+02
5 -1.309762e-01  8.034873e-02  3.947911e+00  1.854300e+00  1.000000e+00  2.275080e+00 6 3 -1.000000e+00
-7.923088e-01 -1.792885e+00  7.476783e+00  1.485674e+01  0.000000e+00  5.191474e-01  1.654067e-01 -2.647875e-01  4.150881e-02
 1.381762e+00 -3.023543e-01 -2.944765e+00  4.278382e+01  5.000000e-01  7.344301e-01 -5.879187e-01  2.538988e-01  6.225511e-02
-3.532937e-01  2.130541e+00  5.000696e+00  0.000000e+00  0.000000e+00  4.899533e-01  2.211858e-01  1.060773e-01  2.339662e-02
-1.711048e+00 -2.297683e-01 -6.929568e+00  2.031933e+01  5.000000e-01  6.325900e-01 -5.194839e-01 -9.713798e-02  4.511397e-02
 2.899654e-03 -1.621227e-03  7.239980e-04  8.948042e+01  1.000000e+00  3.822840e+01 -2.084030e+00  6.257002e-01  3.565434e+01
3 -7.103172e-01 -4.766672e-01  1.695657e+00  7.339513e-01  1.526186e-01  4.447970e+00 6 1 -1.000000e+00
-1.215815e+00 -8.866123e-01  1.604190e+00  0.000000e+00  0.000000e+00  1.695234e-01 -8.992850e-02 -2.413227e-01  1.930172e-02
 1.615590e-01  1.023729e-01 -2.448292e-01  9.542865e+01  5.000000e-01  2.108257e+00 -9.904296e-01 -2.081288e+00  1.784903e+00
 6.182796e-02  3.959855e-02  4.591077e-02  9.570110e+01  1.000000e+00  6.570626e+00 -1.335044e+00 -2.732792e+00  6.165908e+00
3 -1.030316e-01  5.710386e-01  3.145104e+00  1.531358e+00  3.926382e-01  6.629080e+00 6 3 -1.000000e+00
 2.712118e-01 -9.277960e-01 -1.520307e+00  1.628816e+02  5.000000e-01  8.357506e-01  7.073121e-01  4.294759e-01  3.035750e-01
-1.958373e-01  2.182437e+00  3.872030e+00  0.000000e+00  0.000000e+00  4.014695e-01  3.124990e-01  4.817332e-02  4.341113e-02
 1.027378e-02 -3.923231e-02  8.015154e-03  1.911246e+02  1.000000e+00  1.269684e+01  2.677200e+00  2.210218e+00  1.147086e+01
3 -9.270009e-01 -3.830521e-01  1.283537e+00  6.891496e-01  1.806226e-01  5.350240e+00 6 1  2.825466e-01
-8.513386e-01  4.238314e-01  2.353722e+00  0.000000e+00  0.000000e+00  2.726999e-01 -2.033670e-01  2.504962e-01  2.481061e-02
 3.121770e-01 -1.181080e-01 -4.251353e-01  6.512106e+01  5.000000e-01  9.062403e-01 -1.153695e+00  1.014875e+00  4.135886e-01
 3.848957e-03 -1.482714e-03  1.087701e-04  7.988116e+01  1.000000e+00  1.093520e+02 -3.867548e+01  3.241376e+01  1.076187e+02
3 -1.353493e+00  8.507955e-01  1.868065e+00  9.626559e-01  5.156964e-02  5.157580e+00 6 2  2.742182e-01
-1.536742e+00  2.840773e-01  3.198092e+00  0.000000e+00  0.000000e+00  2.912874e-01 -3.714179e-01  2.272355e-01  2.520451e-03
 2.738084e-01 -1.758962e-01 -1.649245e-01  3.316038e+02  5.000000e-01  1.714327e+00 -1.102896e+00  2.314577e+00  4.978403e-01
 3.102962e-03 -2.048056e-03  1.958481e-05  3.660830e+02  1.000000e+00  2.724136e+02 -4.736678e+01  1.426946e+02  2.674830e+02
3 -3.164846e-01 -2.504765e-01  8.328804e-01  4.083358e-01  1.993910e-01  7.446850e+00 6 1  2.711330e-01
 9.976039e-02 -1.352288e-01 -4.430272e-01  8.788104e+01  5.000000e-01  8.664157e-01  5.595162e-01  1.400708e+00  2.273080e-01
-4.806792e-01  4.620815e-01  2.221902e+00  0.000000e+00  0.000000e+00  2.777805e-01  4.736114e-02  2.632359e-01  5.897220e-03
 2.135962e-03 -2.337053e-03  2.762988e-04  9.833445e+01  1.000000e+00  6.210519e+01 -2.548479e+00  1.039613e+01  6.024901e+01
3  6.270617e-01  6.607237e-01  3.868117e+00  2.204509e+00  1.055322e-01  9.807030e+00 6 3 -1.000000e+00
-8.156373e-01 -8.404791e-01 -5.488257e-01  1.080614e+02  5.000000e-01  9.271675e-01  1.048201e-01 -1.347735e+00  4.666517e-01
 2.782950e+00  5.781466e-01  5.200549e+00  0.000000e+00  0.000000e+00  4.055572e-01 -2.889297e-01 -2.785579e-01  6.118293e-02
-2.773906e-02 -2.738857e-02  2.692812e-03  1.305290e+02  1.000000e+00  2.119713e+01 -5.131878e-01 -6.025091e+00  2.034510e+01
1 -6.230953e-02 -3.290297e-01  0.000000e+00  3.752296e-01  0.000000e+00  5.155060e+00 0 2  2.900500e-01
-4.107306e-01  3.903403e-01  4.973938e+00  0.000000e+00  0.000000e+00  3.832008e-01 -8.899985e-02  4.140921e-01  1.138078e-02
3  2.045501e-01 -1.521346e-01  1.173759e+00  5.910057e-01  2.083269e-01  5.158990e+00 6 3 -1.000000e+00
 6.202540e-01 -4.641998e-01  3.912720e+00  0.000000e+00  0.000000e+00  2.886564e-01 -1.523269e-01  4.766861e-01  6.240898e-02
-3.168167e-01  2.426304e-01 -8.151248e-01  4.171364e+01  5.000000e-01  6.045229e-01 -3.231546e-01  1.130831e+00  3.137548e-01
-4.514866e-03  3.474808e-03  7.189101e-04  5.811420e+01  1.000000e+00  3.923064e+01 -1.688021e+00  8.230307e+00  3.851890e+01
3  6.168908e-01 -3.169327e-01  8.753108e-01  4.420788e-01  6.471969e-02  4.863100e+00 6 2  2.809169e-01
-5.256553e-01 -5.520604e-01  4.059394e+00  0.000000e+00  0.000000e+00  3.646815e-01  2.302815e-02 -3.959256e-01  2.315024e-02
 7.134069e-02  8.806831e-02 -2.627227e-01  5.890504e+01  5.000000e-01  2.570278e+00  4.171163e-01 -2.469429e+00  1.648475e+00
 2.280081e-02  2.885910e-02  3.444613e-02  5.917445e+01  1.000000e+00  8.484805e+00  1.252676e+00 -5.042050e+00  7.185655e+00
3 -4.616647e-01  3.885339e-01  1.422076e+00  7.278091e-01  2.838476e-02  8.782540e+00 6 2 -1.000000e+00
-1.047797e+00  6.812472e-01  3.521957e+00  0.000000e+00  0.000000e+00  3.801888e-01 -6.619233e-02  3.095988e-01  1.296780e-02
 1.379204e-01 -1.038494e-01 -9.996993e-02  1.633667e+02  5.000000e-01  2.533804e+00 -7.390146e-01  3.436484e+00  1.683171e+00
 1.410802e-02 -9.977912e-03  1.203696e-03  1.672457e+02  1.000000e+00  3.686519e+01 -7.986307e+00  1.979282e+01  3.542784e+01
3 -1.062233e+00  7.184264e-01  2.640210e+00  1.002316e+00  5.579518e-03  6.905420e+00 6 2 -1.000000e+00
-2.175055e+00  1.346149e+00  4.168963e+00  0.000000e+00  0.000000e+00  4.484449e-01 -1.190234e-01  2.240060e-01  3.378252e-03
 4.211912e-02 -3.458096e-02  1.000746e-02  8.558838e+02  1.000000e+00  2.670918e+01 -4.897569e+00  2.317434e+01  2.484551e+01
 6.435699e-02 -5.233078e-02 -2.326080e-02  8.558152e+02  5.000000e-01  1.589733e+01 -3.830631e+00  1.581921e+01  1.419312e+01
3  1.427980e-01 -1.312729e-01  5.167395e-01  2.177747e-01  1.121281e-01  7.445470e+00 6 1 -1.000000e+00
 2.969869e-01 -3.067145e-01  2.144751e+00  0.000000e+00  0.000000e+00  2.813506e-01  1.506424e-03  2.240539e-01  5.800044e-03
-6.622908e-02  6.083669e-02 -2.404868e-01  3.305137e+01  5.000000e-01  9.938376e-01 -3.005432e-01  2.016915e+00  3.754994e-01
-1.282375e-03  1.366066e-03  1.733782e-04  3.640644e+01  1.000000e+00  7.912155e+01  5.170140e+00  1.756445e+01  7.759403e+01
1 -3.216370e-01 -2.404796e-01  0.000000e+00  4.711754e-01  0.000000e+00  1.050040e+01 0 2 -1.000000e+00
-6.952135e-01 -5.113568e-01  3.009969e+00  0.000000e+00  0.000000e+00  3.216935e-01 -1.339176e-01 -3.315668e-01  8.954700e-02
3  1.615756e-02 -6.567637e-02  3.348510e-01  1.538807e-01  1.152845e-01  8.731320e+00 6 3 -1.000000e+00
 1.151277e-01 -1.825436e-01  5.192797e+00  0.000000e+00  0.000000e+00  2.770684e-01  2.999122e-01  4.900085e-01  5.143011e-02
-2.403786e-02  1.220186e-01 -5.986488e-01  4.505709e+00  5.000000e-01  5.312512e-01  1.280156e+00  5.013533e-01  2.486447e-01
-1.053128e-04  4.487131e-04  4.794653e-05  8.068488e+00  1.000000e+00  1.516377e+02  3.885849e+01  1.803281e+01  1.508325e+02
3  6.698540e-02  2.627145e-02  2.102861e-01  9.518635e-02  2.295616e-01  5.127110e+00 6 1 -1.000000e+00
 1.405161e-01  8.827082e-02  1.703314e+00  0.000000e+00  0.000000e+00  2.045903e-01 -1.492039e-01 -1.527216e-01  3.564282e-02
-4.337693e-02 -1.372723e-02 -3.910154e-01  3.672623e+00  5.000000e-01  9.852299e-01 -1.379614e+00 -8.089050e-01  7.257998e-01
-2.844121e-03 -1.134727e-03  3.411317e-03  3.947777e+00  1.000000e+00  1.922316e+01 -4.531386e+00 -4.290476e+00  1.879036e+01
3 -1.095978e-01  1.062347e-01  1.920289e+00  1.314698e+00  2.767956e-01  6.639610e+00 6 3 -1.000000e+00
 7.704557e-01 -4.780323e-01 -2.870214e+00  2.844335e+01  5.000000e-01  4.270099e-01 -2.193476e-01  7.928495e-01  1.263602e-01
-4.129390e-01  1.034279e+00  1.036943e+01  0.000000e+00  0.000000e+00  3.173219e-01  4.171790e-01  4.422372e-01  4.664842e-02
 1.680569e-03 -9.937808e-04  2.333367e-04  8.268260e+01  1.000000e+00  6.845964e+01 -1.627388e+01  5.576677e-01  6.744471e+01
3  8.078169e-01 -2.236185e+00  1.259117e+00  5.514624e-01  1.773855e-01  3.232650e+00 6 1  3.064469e-01
-9.490053e-01  4.189191e-02  2.019144e+00  0.000000e+00  0.000000e+00  2.030567e-01 -3.666708e-01  7.356438e-02  1.223619e-02
 3.098064e-01  1.414837e-02 -3.581668e-01  5.200150e+01  5.000000e-01  6.379417e-01 -1.700006e+00 -1.818269e-01  2.496120e-01
 3.115230e-03 -9.407251e-05  8.236351e-05  6.392092e+01  1.000000e+00  1.125394e+02 -1.712641e+01  2.533853e+00  1.112105e+02
3  2.477153e-01  4.677620e-01  2.222386e+00  1.103296e+00  9.865530e-01  8.155360e+00 6 1 -1.000000e+00
-3.382250e-01 -4.920996e-01 -1.903967e+00  1.275854e+02  5.000000e-01  5.250275e-01  3.140968e-01 -8.075650e-01  8.209628e-02
 7.211334e-01  1.461553e+00  1.929918e+00  0.000000e+00  0.000000e+00  2.614061e-01  1.081744e-01 -1.251506e-01  5.196880e-03
-2.960739e-03 -5.178333e-03  4.107768e-04  1.587890e+02  1.000000e+00  5.091245e+01 -5.271490e+00  5.389934e+00  4.957075e+01
3  8.791559e-01  3.005800e+00  1.337307e+00  6.402891e-01  3.630493e-01  6.176080e+00 6 3  3.195075e-01
-5.887456e-01 -7.377252e-01  3.687349e+00  0.000000e+00  0.000000e+00  3.616600e-01  6.234544e-02 -3.638590e-01  2.666697e-02
 1.476670e-01  3.785576e-01 -1.338690e+00  2.755547e+01  5.000000e-01  9.363944e-01  6.426919e-01 -5.813707e-01  2.315395e-01
 8.294180e-03  1.690891e-02  7.049581e-03  3.140232e+01  1.000000e+00  1.414498e+01  3.822524e+00 -4.040610e+00  1.154049e+01
3  2.390515e-01  3.185259e-03  1.501382e+00  5.970417e-01  3.958382e-01  4.277490e+00 6 3 -1.000000e+00
 9.799737e-01  1.608169e-02  2.208713e+00  0.000000e+00  0.000000e+00  2.757258e-01 -2.630456e-01 -5.126249e-02  2.783244e-02
-5.195015e-01  9.172984e-02 -5.579838e+00  3.905141e+01  5.000000e-01  4.957042e-01 -6.162931e-01  2.317622e-01  1.334688e-01
-5.763985e-03 -1.701037e-04  1.114579e-03  5.617544e+01  1.000000e+00  3.102336e+01 -1.984302e+00 -5.142454e-01  2.989090e+01
3 -6.290567e-02 -1.447861e-01  9.982165e-01  5.109789e-01  7.801149e-01  2.322880e+00 6 1 -1.000000e+00
-2.130826e-01 -6.260316e-01  1.789170e+00  0.000000e+00  0.000000e+00  2.199636e-01  1.819841e-01 -1.281408e-01  1.773987e-02
 2.823890e-01  2.405387e-01 -2.293469e+00  3.502173e+01  5.000000e-01  4.203267e-01 -2.287627e-01 -8.483569e-01  1.269510e-01
 4.387317e-04  7.294626e-04  3.997969e-05  6.377137e+01  1.000000e+00  1.619032e+02 -4.617079e+00 -2.925438e+01  1.607563e+02
3 -1.069405e-01  9.319404e-02  3.646202e-01  1.234936e-01  2.119060e-01  5.787380e+00 6 1 -1.000000e+00
-2.275711e-01  1.862002e-01  1.636473e+00  0.000000e+00  0.000000e+00  1.915622e-01 -5.899279e-02  1.975378e-01  1.279093e-02
 4.410000e-02 -5.699251e-02 -3.467784e-01  1.436955e+01  5.000000e-01  8.366035e-01  1.620184e-01  1.698274e+00  5.481922e-01
 2.183706e-03 -3.136854e-03  1.692267e-03  1.544246e+01  1.000000e+00  2.663523e+01  6.415276e+00  5.008572e+00  2.611912e+01
1  7.898928e-01 -2.120680e-01  0.000000e+00  3.134803e+00  0.000000e+00  7.230400e+00 0 2  2.722295e-01
 6.269280e-01  3.973194e+00 -1.903899e+01  1.889226e+02  5.000000e-01  4.864966e-01  5.620863e-01 -1.638577e-02  4.346863e-04
3 -6.908502e-01 -3.544899e-01  1.867371e+00  8.502220e-01  1.290353e-01  4.766040e+00 6 1 -1.000000e+00
-1.412342e+00 -6.889507e-01  1.752790e+00  0.000000e+00  0.000000e+00  2.164705e-01 -1.009131e-01 -1.822532e-01  1.477704e-02
 2.512708e-02  1.070986e-02  2.959270e-03  7.185842e+01  1.000000e+00  2.075792e+01 -5.548091e+00 -4.655409e+00  1.993773e+01
 2.706227e-01  1.201888e-01 -2.261718e-01  6.935469e+01  5.000000e-01  1.326781e+00 -1.349165e+00 -1.645587e+00  8.787537e-01
3 -4.917879e-02  5.395789e-02  4.452531e-01  2.378135e-01  8.693300e-01  5.023190e+00 6 1 -1.000000e+00
 1.384586e-01 -5.576404e-02 -1.816208e+00  6.204861e+00  5.000000e-01  6.503092e-01 -6.462908e-01  5.051630e-01  2.707558e-01
-1.810462e-01  2.543439e-01  2.089204e+00  0.000000e+00  0.000000e+00  2.919088e-01  6.031476e-02  1.382173e-01  2.582790e-02
 1.788261e-03 -1.364963e-03  1.381406e-03  8.254656e+00  1.000000e+00  2.903957e+01 -5.414684e+00  5.744428e+00  2.803312e+01
3  1.167537e-01  1.668412e-01  7.812857e-01  3.368544e-01  2.926242e-01  7.459130e+00 6 1 -1.000000e+00
-1.182389e-01 -1.684087e-01 -7.685694e-01  5.308479e+01  5.000000e-01  6.986658e-01  2.559325e-01 -1.151703e+00  1.614385e-01
 2.372045e-01  5.273408e-01  2.626472e+00  0.000000e+00  0.000000e+00  3.112233e-01  1.153077e-01 -2.835112e-01  1.157457e-02
-1.034466e-03 -2.009043e-03  2.078903e-04  6.567339e+01  1.000000e+00  7.202488e+01  1.381763e+01 -6.586249e+00  7.029855e+01
2 -2.805089e-01  2.124156e-01  1.446240e+00  7.603503e-01  1.210632e-01  4.136850e+00 6 3 -1.000000e+00
-9.876584e-01  6.247826e-01  4.424027e+00  0.000000e+00  0.000000e+00  4.884943e-01 -5.309350e-02  1.810545e-01  1.418973e-03
 2.243043e-01 -1.643661e-01 -5.355867e-01  4.170292e+02  5.000000e-01  9.240054e-01 -3.164498e-01  1.331445e+00  8.327031e-02
3 -9.182760e-01  3.805249e-01  2.421751e+00  1.444595e+00  1.009785e-02  4.127960e+00 6 2 -1.000000e+00
-1.884614e+00  8.785145e-01  1.411297e+01  0.000000e+00  0.000000e+00  4.840529e-01 -3.013397e-01  3.233249e-01  2.111556e-02
 4.223557e-02 -1.883892e-02  3.878051e-03  2.789344e+02  1.000000e+00  2.058366e+01 -7.363820e+00  8.451777e+00  1.928627e+01
 3.138093e-01 -1.372680e-01 -1.425107e-01  2.730820e+02  5.000000e-01  2.346377e+00 -2.057833e+00  2.143612e+00  1.491192e+00
3 -2.467929e-01  3.498262e-01  1.950587e+00  1.019263e+00  7.220515e-01  5.172980e+00 6 3 -1.000000e+00
 2.323696e-01 -4.016776e-01 -2.309163e+00  1.609034e+01  5.000000e-01  1.139518e+00  3.707739e-01  5.612925e-01  7.147457e-01
-1.062365e+00  1.057244e+00  3.198059e+00  0.000000e+00  0.000000e+00  3.618875e-01  5.903549e-02  3.016832e-01  9.951679e-02
 7.636677e-02 -1.194262e-01  3.623201e-01  1.631804e+01  1.000000e+00  2.863943e+00  4.220382e-01  7.322401e-01  2.262662e+00
1  7.938536e-01  1.825061e+00  0.000000e+00  2.924911e+00  0.000000e+00  4.305530e+00 0 2 -1.000000e+00
 3.513991e+00  4.232149e+00  8.547194e+00  0.000000e+00  0.000000e+00  5.532070e-01  1.699264e-01 -2.318437e-01  4.355595e-03
1 -6.853525e-01  3.053203e-01  0.000000e+00  7.949786e-01  0.000000e+00  5.545810e+00 0 2  2.854182e-01
 9.216382e-01 -1.083526e+00  3.243370e+00  0.000000e+00  0.000000e+00  3.432419e-01 -3.825887e-03  3.507068e-01  2.684467e-03
3 -5.534654e-01 -2.719619e-01  1.491611e+00  7.877110e-01  3.172300e-01  8.178430e+00 6 1 -1.000000e+00
-1.323118e+00 -3.136976e-01  2.327337e+00  0.000000e+00  0.000000e+00  2.884161e-01 -1.712505e-01 -2.175988e-01  1.887938e-02
 1.249665e-01  4.400717e-02 -7.383009e-01  1.292257e+02  5.000000e-01  3.053885e+00 -1.667212e+00 -1.671320e+00  2.272272e+00
 9.696230e-02  3.288018e-02  4.642090e-01  1.292330e+02  1.000000e+00  4.060991e+00 -2.015113e+00 -1.776170e+00  3.219934e+00
3  1.287723e-01  1.126057e-01  8.265910e-01  3.402951e-01  4.932595e-01  1.605060e+00 6 1 -1.000000e+00
-1.827836e-01 -2.073843e-01 -1.280510e+00  4.638533e+01  5.000000e-01  5.283164e-01  2.785589e-02 -1.001323e+00  1.769229e-01
 4.273343e-01  3.502973e-01  2.596018e+00  0.000000e+00  0.000000e+00  2.779691e-01 -9.033799e-02 -3.577182e-01  2.539354e-02
-1.504124e-03 -1.882861e-03  3.115748e-04  6.660296e+01  1.000000e+00  5.918894e+01  1.038365e+01 -8.284322e+00  5.810646e+01
3  1.536967e-01 -5.450780e-01  1.204305e+00  6.348035e-01  5.425580e-02  4.416360e+00 6 2 -1.000000e+00
 5.679919e-02 -1.080593e+00  3.811843e+00  0.000000e+00  0.000000e+00  3.576966e-01  3.523319e-01  1.614793e-01  1.856059e-02
-4.554005e-02  1.193565e-01 -2.068146e-01  1.381874e+02  5.000000e-01  2.993329e+00  2.326787e+00  1.842463e+00  2.322318e+00
-2.118948e-02  5.338384e-02  5.123765e-02  1.384170e+02  1.000000e+00  7.279308e+00  3.224284e+00  3.084931e+00  6.472291e+00
3 -4.484809e-03  3.333302e-01  1.023777e+00  4.842282e-01  7.394134e-02  4.741440e+00 6 2 -1.000000e+00
 3.007648e-01  7.647726e-01  3.807943e+00  0.000000e+00  0.000000e+00  3.867391e-01  3.069062e-01 -1.388832e-01  1.375407e-02
-3.191865e-03 -2.128418e-01 -2.815644e-01  9.174273e+01  5.000000e-01  1.130434e+00  1.878089e+00  2.034201e-01  3.252899e-01
-7.972434e-04 -4.955262e-03  3.819726e-04  1.032756e+02  1.000000e+00  5.475827e+01  1.263612e+01 -1.059677e+01  5.282852e+01
3  1.234290e-01  1.017825e-01  1.247175e-01  3.920416e-02  6.645044e-01  4.287880e+00 6 3  2.757370e-01
-3.167788e-02 -3.255228e-02  5.605783e+00  7.481494e-01  0.000000e+00  5.623670e-01 -1.059394e-01  4.372969e-02  5.425662e-02
-2.661356e-02 -1.579002e-03 -3.725068e+00  7.906825e-01  5.000000e-01  9.085694e-01 -4.578293e-01  2.592361e-01  1.270147e-01
 3.555649e-02  7.249053e-02  2.471786e+00  0.000000e+00  0.000000e+00  3.566901e-01  9.539596e-03  9.586855e-02  1.767813e-02
5 -1.903054e-01  7.185987e-01  1.090430e+01  3.299661e+00  1.000000e+00  4.147870e+00 6 1 -1.000000e+00
 4.117865e-01 -1.422445e+00 -1.147270e+00  2.717257e+03  5.000000e-01  1.608626e+00  9.452002e-01  5.904714e-01  2.372451e-02
-5.688417e+00  2.962648e-02  2.694910e+00  0.000000e+00  0.000000e+00  3.773705e-01 -1.236749e-01  3.608468e-02  1.355436e-04
 4.873291e+00  2.741454e+00  2.728758e+00  2.287027e+01  0.000000e+00  3.740714e-01 -1.082157e-02 -1.587525e-01  1.425732e-04
-1.048681e+00  3.627287e+00 -2.171378e+00  1.334280e+03  5.000000e-01  9.098139e-01  5.899040e-01  3.473956e-01  1.633524e-03
 1.811366e-03 -6.848841e-03  9.369029e-05  2.943271e+03  1.000000e+00  1.148367e+02  4.153745e+01  2.366354e+01  1.089003e+02
3  5.716477e-01 -8.282400e-01  2.380086e+00  1.313260e+00  7.725348e-01  5.065170e+00 6 3  2.956075e-01
-7.440241e-01 -1.182567e+00  5.993792e+00  0.000000e+00  0.000000e+00  3.726750e-01  2.568415e-01 -4.009112e-01  7.219782e-02
 3.646034e-01  9.235568e-01 -4.630413e+00  1.269883e+01  5.000000e-01  5.461962e-01  5.033812e-01 -4.104981e-01  1.493990e-01
 5.309662e-03  1.027282e-02  4.292359e-03  2.261015e+01  1.000000e+00  1.642999e+01  7.163901e-01 -2.144591e+00  1.426791e+01
3 -5.575232e-01  1.726945e-01  8.242357e-01  4.631856e-01  1.272138e-01  3.896210e+00 6 1  2.991348e-01
 6.934122e-01 -4.041318e-02  2.862942e+00  0.000000e+00  0.000000e+00  3.352969e-01 -3.040001e-01  1.109316e-02  4.639921e-02
-1.301774e-01 -7.784525e-03 -3.642056e-01  2.598617e+01  5.000000e-01  2.218529e+00 -2.034980e+00 -2.989514e-01  1.518854e+00
-3.931425e-02 -1.932915e-03  4.537081e-02  2.617793e+01  1.000000e+00  7.480067e+00 -4.441131e+00 -4.764757e-01  6.456194e+00
3 -9.296095e-02  1.602651e-02  8.751671e-01  3.847447e-01  6.503232e-01  3.361890e+00 6 3 -1.000000e+00
 3.719202e-01  1.165246e-02 -3.041637e+00  1.167651e+01  5.000000e-01  4.243066e-01 -8.122740e-01 -2.010646e-02  8.844752e-02
-4.810409e-01  2.075472e-01  4.677115e+00  0.000000e+00  0.000000e+00  2.994739e-01 -4.045287e-01  3.365804e-01  3.629691e-02
 1.114539e-03 -1.761070e-04  2.879877e-04  2.582259e+01  1.000000e+00  6.005817e+01  3.375653e+00 -2.025134e+00  5.855039e+01
1 -2.660307e-01  1.206803e-01  0.000000e+00  3.851973e-01  0.000000e+00  6.175110e+00 0 2 -1.000000e+00
-5.574627e-01  1.442317e-01  3.434979e+00  0.000000e+00  0.000000e+00  2.991829e-01 -3.791224e-01  2.372513e-01  9.136105e-02
3 -3.968640e-01 -6.704675e-02  1.693151e+00  7.507289e-01  2.556910e-01  3.221380e+00 6 3 -1.000000e+00
-1.362602e+00  3.480468e-02  3.176639e+00  0.000000e+00  0.000000e+00  4.158381e-01 -1.575608e-01 -4.026979e-02  8.923312e-03
 3.294750e-01  9.512167e-02 -8.122380e-01  2.034959e+02  5.000000e-01  1.029792e+00 -9.056996e-01 -6.416869e-01  3.286145e-01
 1.455306e-02  3.249660e-03  2.471488e-03  2.194161e+02  1.000000e+00  2.239378e+01 -6.256742e+00 -3.732611e+00  2.101925e+01
2 -3.966172e-01  5.180986e-02  1.600931e+00  6.001760e-01  4.424663e-01  4.174140e+00 6 1 -1.000000e+00
-1.237510e+00  3.814165e-03  2.022768e+00  0.000000e+00  0.000000e+00  2.887869e-01 -8.480457e-02  6.526978e-02  1.594483e-03
 3.621252e-01 -6.059786e-02 -8.950067e-01  2.683406e+02  5.000000e-01  6.146079e-01 -1.011882e+00  4.918661e-01  4.692970e-02
3  3.893870e-01 -1.588825e+00  1.817609e+00  7.271820e-01  3.530125e-01  7.131990e+00 6 1  2.915627e-01
-1.146535e+00 -9.198387e-01  2.086529e+00  0.000000e+00  0.000000e+00  3.024552e-01  7.463128e-02  4.164344e-02  1.107467e-02
 1.385339e-01  3.655793e-01 -7.365710e-01  6.369565e+01  5.000000e-01  6.847287e-01  1.090329e+00 -5.179015e-01  2.401929e-01
 5.300593e-03  6.440157e-03  7.817038e-04  7.353596e+01  1.000000e+00  3.794723e+01 -1.511140e+00 -9.140982e+00  3.691634e+01
3 -2.745942e-01 -8.762115e-02  6.450653e-01  3.593409e-01  1.184464e-01  5.174900e+00 6 3 -1.000000e+00
-4.982549e-01 -2.700277e-01  3.165765e+00  0.000000e+00  0.000000e+00  2.955289e-01 -2.993822e-01 -3.012812e-01  5.508465e-02
 7.379849e-02  2.807309e-02 -3.749735e-01  2.808448e+01  5.000000e-01  3.007798e+00 -2.031980e+00 -1.602861e+00  2.448015e+00
 4.344337e-02  1.707216e-02  1.546875e-01  2.810281e+01  1.000000e+00  5.243067e+00 -2.534389e+00 -2.261822e+00  4.597666e+00
3 -3.325473e-01  1.084158e+00  1.211624e+00  6.270624e-01  1.029089e-01  8.050010e+00 6 1  2.816297e-01
-9.776206e-01  2.894233e-01  2.596086e+00  0.000000e+00  0.000000e+00  3.122859e-01 -2.276073e-01  1.896058e-01  7.315827e-03
 1.802243e-01 -6.754670e-02 -2.671603e-01  1.000525e+02  5.000000e-01  1.559654e+00 -1.429528e+00  1.418708e+00  5.226473e-01
 1.139890e-02 -3.644542e-03  1.465216e-03  1.041531e+02  1.000000e+00  2.974328e+01 -1.026707e+01  6.186308e+00  2.710692e+01
2  1.874702e+00 -4.049275e-01  9.130078e-03  4.239521e-01  2.027963e-01  3.587420e+00 6 1  2.708147e-01
-1.623562e-02  1.630874e-03 -5.980572e-04  1.419855e+03  5.000000e-01  4.343325e+01 -5.827694e+01  8.744167e+00  4.226873e+01
-7.142528e-03  8.099245e-04  1.212838e-04  1.420072e+03  1.000000e+00  1.347572e+02 -9.572479e+01  2.196853e+01  1.334180e+02
3 -2.796146e+00 -2.961644e+00  1.564902e+01  6.835211e+00  9.349616e-01  3.829700e+00 6 3  2.797146e-01
 9.241151e+00 -2.921376e+00  3.361373e+00  1.902684e+02  0.000000e+00  3.914359e-01 -2.690955e-01 -2.098600e-02  1.234287e-03
 7.324000e+00  3.320577e+00 -3.595200e+00  3.175575e+02  5.000000e-01  6.088015e-01 -3.192181e-01 -5.738334e-01  1.765849e-03
-3.228143e-01  9.464999e+00  2.782293e+00  0.000000e+00  0.000000e+00  3.145315e-01  2.726903e-01 -1.899770e-01  1.004647e-03
3 -2.397598e-03  6.277148e-01  1.381070e+00  7.425900e-01  1.459441e-01  3.217500e+00 6 1 -1.000000e+00
-3.200658e-02  1.095142e+00  1.375221e+00  0.000000e+00  0.000000e+00  1.136272e-01  2.417678e-01  6.997182e-03  4.095708e-03
-2.143124e-02 -2.858878e-01 -2.007054e-01  6.112719e+01  5.000000e-01  4.000084e-01  2.306141e+00 -1.553413e-01  1.889635e-01
-3.568853e-04 -1.723471e-03  1.792227e-05  7.504501e+01  1.000000e+00  2.420623e+02 -1.336549e+01 -4.621575e+01  2.414382e+02
1  8.210662e-01 -9.934359e-01  0.000000e+00  2.353685e-01  0.000000e+00  6.867430e+00 0 2  3.027345e-01
 4.513712e-01 -6.760499e-01  3.123303e+00  0.000000e+00  0.000000e+00  3.286671e-01  9.563020e-02  3.483803e-01  5.242165e-03
3 -2.359693e-01  3.166584e-01  1.152261e+00  5.914061e-01  1.178552e-01  1.561850e+00 6 1 -1.000000e+00
-5.076378e-01  7.247964e-01  2.768957e+00  0.000000e+00  0.000000e+00  2.958462e-01  1.466785e-01  3.364091e-01  2.973442e-02
 1.732952e-01 -2.047391e-01 -3.263360e-01  8.440792e+01  5.000000e-01  1.029413e+00  3.557365e-01  1.714247e+00  5.787594e-01
 6.883235e-03 -8.039830e-03  1.140642e-03  9.411682e+01  1.000000e+00  3.252633e+01  3.578514e-01  1.082046e+01  3.157152e+01
3  4.470413e-01  6.346802e-01  3.364996e+00  1.576456e+00  1.224785e-01  5.344640e+00 6 3 -1.000000e+00
-4.576861e-01 -5.612732e-01 -5.131703e-01  3.383249e+02  5.000000e-01  1.419458e+00  1.820417e-01 -1.446194e+00  4.486366e-01
 4.372469e-01  2.682535e+00  4.189881e+00  0.000000e+00  0.000000e+00  4.498065e-01  2.096246e-01 -1.417752e-01  6.659807e-03
-1.430723e-02 -1.972317e-02  8.890249e-04  3.692734e+02  1.000000e+00  4.207158e+01  7.084032e+00 -2.262439e+01  3.972332e+01
1 -1.911597e+00  2.299826e+00  0.000000e+00  2.457817e+00  0.000000e+00  7.371650e+00 0 2 -1.000000e+00
-4.147006e+00  6.176261e+00  3.421361e+00  0.000000e+00  0.000000e+00  4.468457e-01  3.430204e-02  1.119003e-01  4.315890e-04
1  2.840954e-01 -2.747504e-01  0.000000e+00  4.459262e-01  0.000000e+00  9.359790e+00 0 2 -1.000000e+00
 3.407603e-01 -5.659565e-01  1.046374e+01  0.000000e+00  0.000000e+00  3.511484e-01  1.599396e-01  5.475944e-01  9.435974e-02
3 -4.882087e-01 -1.751492e-01  3.595484e-01  1.727034e-01  7.203403e-01  2.567800e+00 6 1  2.694977e-01
-3.876358e-02 -1.206394e-01 -1.595050e+00  2.879194e+01  5.000000e-01  6.748552e-01  5.949292e-01 -6.154007e-01  1.843080e-01
-1.224143e-01  2.290427e-01  2.214301e+00  0.000000e+00  0.000000e+00  3.015941e-01  1.302401e-01  1.385587e-01  3.016145e-02
 2.825611e-04 -1.627603e-03  1.564764e-03  3.967364e+01  1.000000e+00  2.679044e+01  4.970849e+00  1.167629e+00  2.523729e+01
3 -1.066471e-01 -8.202577e-02  7.994929e-01  4.720189e-01  1.937647e-01  5.337100e+00 6 3 -1.000000e+00
-5.539596e-01  4.353615e-02  4.438425e+00  0.000000e+00  0.000000e+00  3.530928e-01 -4.381806e-01 -3.437321e-02  9.224223e-02
 2.321400e-01  1.892631e-01 -8.600099e-01  9.797963e+00  5.000000e-01  7.999664e-01 -1.734694e-01 -1.082912e+00  4.107296e-01
 5.796854e-03  4.247738e-03  3.540650e-03  1.333762e+01  1.000000e+00  1.864519e+01 -1.858816e+00 -5.046131e+00  1.764851e+01
3  6.574468e+00 -5.660208e-01  6.013314e+00  3.016570e+00  8.549811e-01  6.165810e+00 6 3  2.741563e-01
 4.309398e+00 -2.750925e+00  3.941336e+00  4.021695e+01  0.000000e+00  3.821223e-01 -3.215382e-01  1.570509e-01  6.597750e-04
 4.592794e+00 -1.183322e-01 -4.609852e+00  8.310285e+01  5.000000e-01  5.935064e-01 -6.176483e-01 -2.596677e-02  7.734186e-04
 3.913494e+00  3.249342e+00  3.318785e+00  0.000000e+00  0.000000e+00  3.485134e-01 -2.562018e-01 -2.397505e-01  4.747934e-04
1  1.133894e+00 -9.633013e-01  0.000000e+00  8.231885e-01  0.000000e+00  5.802040e+00 0 2  2.922201e-01
 8.787052e-01  8.452145e-01  3.277319e+00  0.000000e+00  0.000000e+00  3.365911e-01  3.328905e-03 -3.673866e-01  1.417212e-02
3  7.111711e-03  1.521298e-01  4.482107e-01  1.860795e-01  1.399831e-01  5.529170e+00 6 1 -1.000000e+00
 9.021997e-02  3.463149e-01  2.064640e+00  0.000000e+00  0.000000e+00  2.764940e-01  1.966958e-01 -2.062999e-02  8.801251e-03
 4.439018e-03 -9.361061e-02 -2.890147e-01  2.111066e+01  5.000000e-01  8.349006e-01  1.854316e+00  2.209083e-01  3.642838e-01
 1.991892e-05 -1.268951e-03  1.037084e-04  2.466147e+01  1.000000e+00  1.027611e+02  2.616587e+01  5.314792e+00  1.016181e+02
4  2.297291e+00 -2.077719e+00  4.560099e+00  1.431187e+00  1.000000e+00  7.495010e+00 6 3  2.657565e-01
 2.343840e-01 -1.007215e+00 -1.847319e+00  2.403780e+02  5.000000e-01  9.708472e-01  6.617175e-01  3.229626e-01  5.285477e-03
-1.952180e+00 -4.885914e-01  3.052129e+00  7.186788e+00  0.000000e+00  4.213492e-01 -7.866702e-02 -3.175088e-02  2.278455e-03
 2.547552e+00  2.509442e-01  4.654882e+00  0.000000e+00  0.000000e+00  5.119742e-01  1.516630e-01  1.841936e-02  9.811698e-04
-4.436384e-02  8.386204e-01 -1.278997e+00  2.851013e+02  5.000000e-01  1.050929e+00  8.703996e-01  1.638934e-01  1.049039e-02
3 -2.733237e-01  1.329795e-02  7.260057e-01  2.810140e-01  1.400514e-01  6.206300e+00 6 1 -1.000000e+00
-6.684562e-01 -4.441556e-02  1.731795e+00  0.000000e+00  0.000000e+00  2.380268e-01  1.253012e-02  5.486977e-02  9.505910e-03
 5.649720e-02 -5.340591e-03 -2.425403e-01  9.059576e+01  5.000000e-01  3.089161e+00 -2.855897e+00  5.757385e-01  2.502100e+00
 2.810370e-02 -2.536108e-03  6.461718e-02  9.066872e+01  1.000000e+00  6.972320e+00 -4.406120e+00  8.825813e-01  6.279163e+00
3 -9.889691e-02 -1.655626e-01  6.499552e-01  2.980835e-01  3.673265e-01  2.885050e+00 6 1 -1.000000e+00
-1.961470e-01 -4.277775e-01  1.535428e+00  0.000000e+00  0.000000e+00  1.576091e-01  1.350707e-01 -2.002348e-01  2.371330e-02
 1.095169e-01  1.458176e-01 -5.640033e-01  2.736409e+01  5.000000e-01  4.987803e-01  3.456956e-01 -1.380129e+00  2.976989e-01
 9.879690e-04  1.537462e-03  1.331348e-04  3.577095e+01  1.000000e+00  8.960212e+01  5.555110e+00 -1.755835e+01  8.908799e+01
3 -1.185900e-01 -5.627568e-01  1.570024e+00  5.150524e-01  1.043110e-01  6.408040e+00 6 1 -1.000000e+00
-3.649777e-01 -1.210669e+00  2.108323e+00  0.000000e+00  0.000000e+00  2.620314e-01  2.399225e-01 -1.128010e-01  4.784213e-03
 2.028375e-02  3.113523e-01 -2.199213e-01  1.674752e+02  5.000000e-01  1.068915e+00  2.054802e+00 -5.741236e-01  4.761003e-01
-1.556171e-04  3.490942e-03  2.699767e-05  1.941796e+02  1.000000e+00  2.368289e+02  1.313400e+02  3.639816e+01  2.349862e+02
3  4.117933e-02 -6.248112e-02  1.711732e-01  6.808864e-02  2.019933e-01  3.743490e+00 6 1 -1.000000e+00
 7.379737e-02 -1.328952e-01  1.685145e+00  0.000000e+00  0.000000e+00  2.045417e-01  6.202536e-02  1.883773e-01  3.779931e-02
-9.199553e-03  1.681040e-02 -3.403880e-01  1.007547e+01  5.000000e-01  2.832704e+00  1.228935e+00  2.187772e+00  2.526072e+00
-4.977109e-03  9.308754e-03  1.171653e-01  1.008385e+01  1.000000e+00  5.576156e+00  1.949824e+00  2.933332e+00  5.229099e+00
3 -1.149784e-01 -2.408774e-01  9.484895e-01  4.182626e-01  3.202480e-01  4.864340e+00 6 1 -1.000000e+00
-1.455366e-01 -7.105150e-01  1.657253e+00  0.000000e+00  0.000000e+00  2.057082e-01  1.143904e-01 -1.200254e-01  2.269909e-02
 1.404516e-01  1.938318e-01 -5.307320e-01  5.110611e+01  5.000000e-01  7.312688e-01  2.804224e-01 -1.370318e+00  4.044537e-01
 2.466065e-03  4.780940e-03  6.078586e-04  6.016240e+01  1.000000e+00  4.331218e+01  6.172738e+00 -1.034885e+01  4.252894e+01
3  7.325644e-01  1.529849e-01  2.442284e+00  1.207139e+00  1.234339e-01  4.145100e+00 6 1 -1.000000e+00
 1.630001e+00  1.230311e+00  2.292896e+00  0.000000e+00  0.000000e+00  3.172844e-01 -1.525417e-01 -8.186545e-02  5.266365e-03
-4.756966e-01 -6.939223e-03 -2.830211e-01  1.592806e+02  5.000000e-01  1.090559e+00 -1.880321e+00 -7.681904e-02  4.504920e-01
-1.169607e-02 -3.765567e-04  3.691175e-04  1.771402e+02  1.000000e+00  5.663862e+01 -1.905489e+01  4.837585e+00  5.516428e+01
3 -9.572368e-02  1.324859e+00  1.867209e+00  8.716625e-01  1.261506e-01  6.197240e+00 6 1  2.876681e-01
 1.602795e+00 -2.790199e-01  2.720784e+00  0.000000e+00  0.000000e+00  2.920847e-01 -3.356814e-01  1.446411e-01  2.893470e-03
-2.234288e-01  1.100505e-01 -3.432287e-01  1.285371e+02  5.000000e-01  1.708552e+00 -1.333058e+00  1.280044e+00  4.984835e-01
-3.212884e-02  1.961681e-02  9.689869e-03  1.301844e+02  1.000000e+00  1.259388e+01 -1.604006e+00  5.352070e+00  1.017692e+01
3  1.827098e+00  1.304461e+00  2.127031e+00  9.060350e-01  5.249406e-01  5.511170e+00 6 3  2.882977e-01
 6.563814e-01 -1.413431e+00  1.878599e+00  0.000000e+00  0.000000e+00  2.610533e-01  5.503199e-02  1.034509e-01  5.175909e-03
-1.087075e-01  5.712357e-01 -3.578689e+00  1.251601e+02  5.000000e-01  6.944165e-01  5.909870e-01  1.534522e-01  7.522652e-02
-3.262222e-03  7.466072e-03  7.447332e-04  1.476607e+02  1.000000e+00  3.822647e+01  4.429299e+00  4.840314e+00  3.539028e+01
3  7.687325e-02  3.965647e-02  6.742766e-01  3.676274e-01  3.737909e-01  3.087220e+00 6 3 -1.000000e+00
-2.616113e-01 -1.034255e-01 -1.332934e+00  9.919256e+00  5.000000e-01  3.935686e-01 -7.989269e-01 -6.926033e-01  2.424298e-01
 3.123067e-01  2.505054e-01  3.565990e+00  0.000000e+00  0.000000e+00  2.229557e-01 -1.259349e-01 -5.545369e-01  9.043831e-02
-6.918659e-04 -3.399840e-04  7.532032e-05  2.290316e+01  1.000000e+00  1.214806e+02 -2.278311e+01 -2.683065e+01  1.210126e+02
3 -5.111987e-01 -7.365947e-03  1.299546e+00  5.260393e-01  1.209007e-01  3.870870e+00 6 1 -1.000000e+00
-1.041203e+00 -2.794753e-01  1.790315e+00  0.000000e+00  0.000000e+00  2.259543e-01 -2.000851e-01  2.348983e-02  1.047168e-02
 2.288155e-01 -4.024879e-03 -2.164504e-01  1.222233e+02  5.000000e-01  9.674322e-01 -2.130866e+00  2.836712e-01  5.346064e-01
 7.600085e-03  5.282438e-04  4.396678e-04  1.329173e+02  1.000000e+00  5.023466e+01 -1.173221e+01 -3.458643e+00  4.930200e+01
3  2.442990e-01  3.788103e-02  6.964185e-01  3.117464e-01  1.490933e-01  3.280620e+00 6 1 -1.000000e+00
 5.498607e-01  1.302569e-01  1.850505e+00  0.000000e+00  0.000000e+00  2.312105e-01 -2.248861e-01 -8.397157e-03  3.831665e-02
-1.252187e-01 -4.081745e-02 -2.758980e-01  6.502741e+01  5.000000e-01  1.616860e+00 -1.751579e+00 -9.679950e-01  1.236453e+00
-1.400498e-02 -5.026359e-03  5.018448e-03  6.751651e+01  1.000000e+00  1.862100e+01 -7.348014e+00 -7.565814e+00  1.794832e+01
3 -1.020381e+00  1.785367e+00  1.930169e+01  7.882179e+00  5.877287e-01  8.748860e+00 6 3 -1.000000e+00
 3.280370e+00 -4.907515e+00 -7.848053e+00  4.652088e+03  5.000000e-01  8.797375e-01  1.169436e-02  3.764923e-01  3.733996e-03
-2.730865e+00  1.343425e+01  4.612526e+00  0.000000e+00  0.000000e+00  4.920174e-01  1.050209e-01  1.738276e-01  3.593222e-04
 3.216411e-02 -6.356663e-02  2.548900e-03  5.188054e+03  1.000000e+00  2.242745e+01  5.401762e+00  6.134390e+00  1.833893e+01
3 -4.698133e-02 -7.959336e-02  4.202030e-01  2.087832e-01  4.422996e-01  6.210830e+00 6 1 -1.000000e+00
-1.310273e-01 -2.538663e-01  2.541226e+00  0.000000e+00  0.000000e+00  2.776027e-01  1.919004e-01 -3.025248e-01  3.698359e-02
 7.329909e-02  1.133139e-01 -1.123983e+00  1.309938e+01  5.000000e-01  5.626995e-01  4.154911e-01 -9.530435e-01  2.433316e-01
 9.726984e-04  1.604809e-03  6.858705e-04  1.759181e+01  1.000000e+00  3.969187e+01  2.558649e+00 -5.702011e+00  3.891236e+01
3 -3.962746e-01 -2.841381e-01  1.354835e+00  6.903848e-01  2.276506e-01  2.892660e+00 6 1 -1.000000e+00
-8.627934e-01 -6.291399e-01  2.104569e+00  0.000000e+00  0.000000e+00  2.199943e-01 -1.006046e-01 -3.509003e-01  6.550801e-02
 2.380921e-01  1.605616e-01 -4.791065e-01  3.062965e+01  5.000000e-01  1.244636e+00 -5.326080e-01 -1.365062e+00  9.939970e-01
 3.925805e-02  2.665053e-02  2.391368e-02  3.156546e+01  1.000000e+00  8.100256e+00 -1.177728e+00 -2.685056e+00  7.716300e+00
3 -3.963003e-01  3.157364e-01  1.276118e+00  4.819819e-01  1.634678e-01  3.543320e+00 6 1 -1.000000e+00
-8.422547e-01  6.006673e-01  1.585527e+00  0.000000e+00  0.000000e+00  1.887429e-01 -3.537213e-02  1.618075e-01  3.441432e-03
 1.857401e-01 -1.554443e-01 -2.591826e-01  1.208443e+02  5.000000e-01  5.824242e-01 -3.062038e-01  1.984664e+00  1.961573e-01
 1.587352e-03 -1.213254e-03  3.728834e-05  1.417898e+02  1.000000e+00  1.647949e+02 -2.788409e+00 -1.718504e+00  1.637003e+02
3  9.011367e-01  7.108144e-02  5.358293e+00  1.851046e+00  9.987748e-01  9.559020e+00 6 1 -1.000000e+00
-1.186199e+00  5.576505e-01 -2.106356e+00  2.136593e+02  5.000000e-01  8.094677e-01 -3.172900e-01  6.406116e-01  1.325908e-01
 4.171205e+00  6.552667e-01  2.108940e+00  0.000000e+00  0.000000e+00  3.110567e-01  1.691595e-02 -1.359696e-02  3.166269e-03
-2.222316e-02  2.405300e-03  1.240797e-03  2.443285e+02  1.000000e+00  3.021079e+01 -4.365534e+00  5.317786e+00  2.829651e+01
3 -2.198107e-01  2.872121e-01  1.014387e+00  5.828830e-01  1.995291e-01  4.136850e+00 6 1 -1.000000e+00
 1.831411e-01 -1.902144e-01 -3.461075e-01  9.709549e+01  5.000000e-01  5.151143e-01  2.722387e-01  1.746504e+00  2.669732e-01
-4.553790e-01  5.979938e-01  1.734622e+00  0.000000e+00  0.000000e+00  1.730702e-01  1.194737e-01  3.050320e-01  1.377301e-02
 1.616928e-03 -1.386559e-03  5.153058e-05  1.254655e+02  1.000000e+00  1.459972e+02 -2.750997e+01  2.935025e+01  1.453317e+02
3  1.456562e-01  5.732641e-03  6.633983e-01  3.631801e-01  1.987046e-01  4.155080e+00 6 3 -1.000000e+00
-2.251850e-01 -2.230493e-02 -6.666290e-01  3.133538e+01  5.000000e-01  6.197315e-01 -1.279890e+00 -8.106333e-02  3.868988e-01
 4.314797e-01  7.197524e-02  3.354874e+00  0.000000e+00  0.000000e+00  2.690532e-01 -4.793226e-01 -8.036942e-02  8.243195e-02
-2.746805e-03 -4.872136e-04  3.906294e-04  4.494103e+01  1.000000e+00  5.531145e+01 -1.644024e+01 -1.093076e+01  5.478436e+01
3 -3.713188e-02  6.171193e-01  1.558377e+00  5.791767e-01  1.164987e-01  4.868500e+00 6 1 -1.000000e+00
-1.990039e-01  1.316576e+00  1.530924e+00  0.000000e+00  0.000000e+00  1.877899e-01  8.052696e-02  7.039928e-04  1.040779e-03
-2.098106e-02 -2.315996e-01 -1.783507e-01  1.487611e+02  5.000000e-01  7.978675e-01  2.369440e+00 -1.831480e-01  2.126526e-01
-4.247082e-04 -1.557833e-03  1.078678e-05  1.685152e+02  1.000000e+00  3.269661e+02  3.649714e+01 -1.105251e+02  3.250609e+02
3 -1.690820e-01  3.739137e-01  1.085030e+00  5.687045e-01  1.063346e-01  6.623460e+00 6 1 -1.000000e+00
-9.893378e-02  8.759349e-01  2.290865e+00  0.000000e+00  0.000000e+00  2.712697e-01  2.495006e-01  1.796688e-01  1.427638e-02
 1.163940e-01 -1.875147e-01 -2.435983e-01  1.359946e+02  5.000000e-01  1.080679e+00  9.449214e-01  1.794088e+00  6.060155e-01
 4.624041e-03 -7.708329e-03  8.668892e-04  1.484993e+02  1.000000e+00  3.681604e+01  2.834715e+00  1.100923e+01  3.584401e+01
3  7.047909e-03  1.952926e-01  8.635524e-01  3.201969e-01  3.516743e-01  8.781630e+00 6 1 -1.000000e+00
-5.670205e-02 -2.238454e-01 -6.773643e-01  2.170352e+01  5.000000e-01  8.915941e-01  9.782927e-01 -7.287014e-01  4.875267e-01
-1.594819e-01  6.335688e-01  1.926113e+00  0.000000e+00  0.000000e+00  2.674096e-01  1.316648e-01  1.313602e-02  2.856866e-02
-7.995150e-04 -7.353319e-03  1.709039e-03  2.518702e+01  1.000000e+00  2.756737e+01  1.043093e+01 -3.449197e+00  2.657989e+01
3 -7.184597e-01  1.182296e+00  1.473426e+00  6.619469e-01  1.101825e-01  9.093600e+00 6 1  2.773976e-01
 8.107572e-01  1.131790e+00  1.808600e+00  0.000000e+00  0.000000e+00  2.485823e-01  7.371215e-02 -7.925475e-02  5.360288e-04
-5.196981e-02 -6.264934e-02 -1.992761e-01  2.346930e+02  5.000000e-01  2.963669e+00  6.100245e-01 -2.915824e+00  9.966000e-01
-1.522677e-02 -1.842297e-02  1.542181e-02  2.349915e+02  1.000000e+00  1.130810e+01  8.274650e-01 -6.381922e+00  8.078638e+00
1  4.820573e-02  3.257603e-02  0.000000e+00  2.601401e-01  0.000000e+00  2.812670e+00 0 2 -1.000000e+00
 3.826354e-01 -1.388498e-02  4.677911e+00  0.000000e+00  0.000000e+00  5.113614e-01 -1.414777e-01 -7.057730e-02  1.159515e-01
3  1.345539e+00 -2.658769e+00  1.084559e+01  2.755675e+00  8.098406e-01  6.198130e+00 6 3 -1.000000e+00
-3.243479e+00 -7.271695e+00  1.985520e+00  0.000000e+00  0.000000e+00  2.800305e-01  8.834560e-02  8.309448e-02  1.568295e-03
 3.641875e+00 -3.517979e+00 -3.234249e+00  6.738923e+02  5.000000e-01  6.885129e-01  3.453155e-02  6.364138e-01  5.379261e-03
 5.626331e+00 -1.030431e+00  3.993686e+00  6.242660e+02  0.000000e+00  3.941803e-01 -1.686751e-01  2.969359e-01  2.445264e-03
3 -2.375822e-02  1.584472e-01  6.968153e-01  3.779798e-01  3.199786e-01  6.168310e+00 6 1 -1.000000e+00
 9.972404e-02 -1.530722e-01 -6.537034e-01  2.034865e+01  5.000000e-01  1.193950e+00  5.110180e-01  1.142901e+00  7.275132e-01
 1.840607e-01  5.386206e-01  2.042960e+00  0.000000e+00  0.000000e+00  2.743851e-01  1.912195e-01 -2.159196e-02  2.397091e-02
 6.933150e-03 -1.489629e-02  1.820547e-02  2.169751e+01  1.000000e+00  9.326061e+00  1.166477e+00  3.610273e+00  8.463060e+00
3 -1.501319e+00 -4.375359e-01  9.713915e-01  4.107239e-01  2.778311e-01  4.145260e+00 6 1  2.922233e-01
 2.216161e-01 -7.278898e-01  1.885561e+00  0.000000e+00  0.000000e+00  2.568192e-01  1.187794e-01  8.867297e-02  6.272708e-03
-5.699543e-02  2.026891e-01 -5.238674e-01  5.598647e+01  5.000000e-01  7.572817e-01  1.196879e+00  7.316237e-01  2.103587e-01
-6.156285e-04  2.150724e-03  9.750426e-05  6.591240e+01  1.000000e+00  1.042528e+02  1.761480e+01  9.741792e+00  1.024430e+02
1 -1.285159e+00 -6.081930e+00  0.000000e+00  1.486237e+00  0.000000e+00  5.925540e+00 0 2 -1.000000e+00
-2.136610e+00 -7.946453e+00  3.453579e+00  0.000000e+00  0.000000e+00  3.835095e-01  2.422002e-01 -1.784514e-01  2.607542e-04
3  6.794705e-01  1.602874e+00  9.648352e-01  4.870371e-01  3.864307e-01  5.866640e+00 6 3  2.944313e-01
-2.112146e-01 -1.698541e-01 -1.239400e+00  3.168953e+01  5.000000e-01  1.059644e+00 -1.345151e-01 -8.901152e-01  2.869623e-01
 5.076079e-01  4.737306e-01  3.207302e+00  0.000000e+00  0.000000e+00  3.699824e-01  9.442998e-02 -2.760735e-01  2.379914e-02
-7.514476e-03 -6.307714e-03  2.150188e-03  3.570918e+01  1.000000e+00  2.905953e+01 -4.322362e+00 -1.742351e+01  2.588896e+01
5 -1.079850e+00  1.031995e+00  1.327515e+00  5.966338e-01  1.000000e+00  3.283250e+00 6 3  2.918874e-01
-3.998541e-01 -6.132451e-01  3.456703e+00  0.000000e+00  0.000000e+00  3.874911e-01  1.268755e-01 -2.641530e-01  6.800553e-03
 5.375677e-01 -8.846008e-02 -3.919764e+00  2.114228e+01  5.000000e-01  5.132006e-01 -6.610925e-01  2.346226e-01  5.104359e-02
-3.139082e-01  4.467352e-01 -3.045267e+00  2.182657e+01  5.000000e-01  5.433217e-01  2.241061e-01  6.976460e-01  8.036232e-02
 3.240596e-01  4.995194e-01  6.873660e+00  1.816662e+01  0.000000e+00  4.444357e-01  1.519953e-01 -3.742542e-01  1.225289e-02
 7.192496e-05  1.691072e-04  1.744914e-05  7.085845e+01  1.000000e+00  2.471095e+02 -3.275310e+00  5.700659e+01  2.443172e+02
3  2.851786e-01  3.704449e-01  9.384008e-01  4.107181e-01  1.335141e-01  5.349950e+00 6 1 -1.000000e+00
 5.437707e-01  5.967487e-01  1.414463e+00  0.000000e+00  0.000000e+00  1.332039e-01  7.547119e-02 -1.966156e-01  1.359356e-02
-7.839168e-02 -1.057539e-01 -1.888508e-01  8.342514e+01  5.000000e-01  1.267677e+00  7.144722e-01 -2.203716e+00  1.053783e+00
-1.075755e-02 -1.402821e-02  5.281349e-03  8.526881e+01  1.000000e+00  1.531695e+01  1.070823e+00 -3.805640e+00  1.499662e+01
3 -4.836108e-01 -3.983261e-01  4.031411e+00  1.664244e+00  4.624749e-01  3.588160e+00 6 3 -1.000000e+00
-2.335758e+00 -1.638747e+00  2.666754e+00  0.000000e+00  0.000000e+00  3.441549e-01 -7.742392e-02 -2.216994e-01  1.319150e-03
 6.411658e-01  1.079745e+00 -5.766267e+00  6.887497e+02  5.000000e-01  7.725955e-01  2.577811e-01 -3.983518e-01  1.976706e-02
 8.833946e-03  1.078178e-02  1.215360e-03  8.117695e+02  1.000000e+00  3.029975e+01  5.270148e+00 -2.810577e+00  2.650704e+01
3 -1.071534e-01  3.860819e-02  8.133540e-01  3.594202e-01  2.652603e-01  5.768540e+00 6 3 -1.000000e+00
 2.655388e-01 -1.337634e-01 -1.040152e+00  2.540151e+01  5.000000e-01  7.239579e-01 -8.232031e-01  5.999447e-01  3.734692e-01
-2.023019e-01  5.315709e-01  3.921252e+00  0.000000e+00  0.000000e+00  4.031950e-01  1.897187e-01  2.552693e-01  1.459222e-01
 5.206926e-03 -3.638602e-03  3.263163e-03  3.610425e+01  1.000000e+00  2.037029e+01  1.561115e-01  8.290507e+00  1.957969e+01
3  2.049836e+00 -3.138011e-01  4.629779e+00  1.879555e+00  1.202572e-02  5.334380e+00 6 2 -1.000000e+00
 4.199631e+00 -9.091119e-01  3.088728e+00  0.000000e+00  0.000000e+00  4.010804e-01 -1.771770e-01  5.962427e-02  1.278419e-03
-3.281543e-01  5.733194e-02 -3.714417e-02  1.124524e+03  5.000000e-01  2.360082e+00 -5.122139e+00  1.592370e+00  1.356256e+00
-1.210092e-02  2.565338e-03  6.306115e-05  1.158265e+03  1.000000e+00  1.359111e+02 -4.230924e+01  2.352261e+01  1.341136e+02
3 -2.525194e-01 -3.564882e-04  6.583709e-01  2.949940e-01  1.690931e-01  4.096050e+00 6 1 -1.000000e+00
-5.187639e-01 -1.386237e-01  1.746179e+00  0.000000e+00  0.000000e+00  1.975849e-01 -2.633838e-01 -4.266231e-02  2.352399e-02
 1.291702e-01 -2.186069e-02 -2.952669e-01  2.866316e+01  5.000000e-01  1.155559e+00 -1.751411e+00  5.861101e-01  8.257223e-01
 1.081644e-02 -1.342227e-03  4.000216e-03  3.020819e+01  1.000000e+00  1.794310e+01 -5.442462e+00  2.731645e+00  1.734958e+01
3  2.347650e-01 -1.975506e-01  8.215088e-01  2.646530e-01  2.673397e-01  5.521750e+00 6 1 -1.000000e+00
 5.468280e-01 -4.320336e-01  1.708546e+00  0.000000e+00  0.000000e+00  2.240128e-01 -4.644955e-02  1.212669e-01  7.786759e-03
-7.894884e-02  1.002070e-01 -4.567622e-01  4.262428e+01  5.000000e-01  1.036030e+00  1.361592e-01  1.473798e+00  5.918087e-01
-9.262897e-03  1.248768e-02  1.012624e-02  4.372049e+01  1.000000e+00  1.141254e+01  2.299824e+00  2.092495e+00  1.068368e+01
1  4.846426e+00  1.425875e+00  0.000000e+00  1.741986e+00  0.000000e+00  6.188810e+00 0 2  2.914451e-01
 3.161368e+00  3.087374e+00  3.921374e+00  0.000000e+00  0.000000e+00  3.666362e-01 -2.313306e-02 -3.815782e-01  4.125597e-03
3  3.050457e-01 -7.115373e-01  1.011436e+00  5.774595e-01  3.682907e-01  2.572340e+00 6 3  2.818361e-01
 6.089240e-01 -2.420075e-01  4.667085e+00  0.000000e+00  0.000000e+00  3.822435e-01 -2.293789e-01  3.387358e-01  2.881765e-02
-2.693275e-01  2.596672e-01 -1.718844e+00  3.028020e+01  5.000000e-01  6.145311e-01  8.462389e-02  8.504184e-01  8.525326e-02
-2.045390e-03  1.150935e-03  4.598638e-04  4.908664e+01  1.000000e+00  4.865840e+01 -9.826291e+00  4.583216e-01  4.647139e+01
3 -4.482495e-02  9.929864e-02  6.346829e-01  2.920923e-01  1.950628e-01  2.888900e+00 6 3 -1.000000e+00
 9.421597e-02 -2.264600e-01 -9.572219e-01  2.440990e+01  5.000000e-01  4.061459e-01  7.223676e-01  9.357017e-01  2.073238e-01
-8.188792e-02  3.833021e-01  4.907250e+00  0.000000e+00  0.000000e+00  2.410514e-01  4.987573e-01  3.513745e-01  7.246541e-02
 3.186145e-04 -1.093718e-03  1.444162e-04  4.573802e+01  1.000000e+00  8.623325e+01  1.844265e+01  3.791653e-01  8.568059e+01
3  1.724094e-01 -3.853454e-01  9.696649e-01  4.109505e-01  1.706386e-01  3.896210e+00 6 1 -1.000000e+00
 2.881397e-01 -7.202836e-01  1.432906e+00  0.000000e+00  0.000000e+00  1.386574e-01  1.335703e-01  1.618260e-01  7.462642e-03
-6.978556e-02  1.809043e-01 -2.445091e-01  3.834000e+01  5.000000e-01  5.338002e-01  1.394124e+00  1.537397e+00  3.118000e-01
-9.244174e-04  3.412017e-03  1.813920e-04  4.376370e+01  1.000000e+00  7.608707e+01  8.463386e+00 -7.315451e+00  7.559948e+01
3  2.644199e-01  4.224739e-01  1.311917e+00  3.841067e-01  2.101920e-01  5.862970e+00 6 1 -1.000000e+00
-4.296266e-02 -1.605346e-01 -3.487324e-01  1.583475e+02  5.000000e-01  1.544649e+00  1.197927e+00 -1.314968e+00  9.708560e-01
 4.595496e-01  1.051326e+00  1.659113e+00  0.000000e+00  0.000000e+00  2.097441e-01 -1.487193e-02 -1.468046e-01  6.365079e-03
-5.909460e-03 -3.497313e-02  1.609003e-02  1.599168e+02  1.000000e+00  1.077231e+01  5.719321e+00 -7.981572e-01  9.874413e+00
3  2.031539e+00 -2.693826e+00  3.024236e+00  1.730071e+00  6.535471e-01  5.797770e+00 6 1  2.928653e-01
-5.914343e-01 -2.094232e+00  2.798096e+00  0.000000e+00  0.000000e+00  3.281697e-01  3.056197e-01 -2.380395e-02  2.525312e-03
-4.758769e-01  9.277955e-01 -1.828687e+00  1.374498e+02  5.000000e-01  6.964294e-01  4.018271e-01  6.910357e-01  2.553961e-02
-1.019472e-03  3.927505e-03  1.361192e-04  1.899587e+02  1.000000e+00  8.746250e+01  5.417972e+00  9.995387e+00  8.127876e+01
3 -4.337298e-01  2.659684e+00  1.227744e+00  5.586373e-01  6.529476e-01  6.216940e+00 6 1  3.019921e-01
-2.925155e-01  7.597644e-02 -1.780022e+00  3.916519e+01  5.000000e-01  9.771587e-01 -5.444854e-01  5.156048e-01  1.681653e-01
 8.816934e-01  4.345678e-01  2.726133e+00  0.000000e+00  0.000000e+00  3.849584e-01 -1.033201e-01 -2.794830e-02  1.006720e-02
-1.956035e-02 -1.721616e-03  1.883314e-02  4.212089e+01  1.000000e+00  8.712746e+00 -2.522717e+00 -1.564109e-01  6.661162e+00
3  7.054860e-01  9.915922e-02  1.773214e+00  9.836978e-01  1.813288e-01  8.113510e+00 6 1  2.833600e-01
-4.976501e-02 -3.230312e-01 -3.460896e-01  1.702064e+02  5.000000e-01  1.031399e+00  1.613143e+00 -5.368242e-01  1.561645e-01
 2.198207e-01  1.429570e+00  1.908630e+00  0.000000e+00  0.000000e+00  2.040765e-01  3.261025e-01 -5.670392e-02  2.466252e-03
-3.775572e-04 -4.557004e-03  1.001687e-04  1.869222e+02  1.000000e+00  1.019998e+02  1.470855e+01  1.203911e+00  9.781261e+01
3 -5.217854e-02 -1.336563e-01  8.583620e-01  4.462030e-01  3.969278e-01  4.269160e+00 6 3 -1.000000e+00
-2.432977e-01 -5.198199e-01  1.808986e+00  0.000000e+00  0.000000e+00  2.211654e-01  1.595437e-01 -1.683246e-01  1.303350e-02
-1.229238e-03  3.037020e-01 -4.557468e+00  3.603221e+01  5.000000e-01  4.113039e-01  7.448941e-01  1.054322e-01  6.840810e-02
 4.042478e-04  8.131352e-04  6.761912e-05  5.960761e+01  1.000000e+00  1.232561e+02 -3.315251e+00 -1.211785e+01  1.217090e+02
2 -1.805749e+00 -1.430491e+00  4.751135e-02  1.048771e+00  2.595147e-01  7.647420e+00 6 1  2.893658e-01
 2.043591e-02  4.624540e-02  2.522412e-02  3.844717e+02  1.000000e+00  1.237073e+01  6.478202e+00 -6.905204e+00  9.051204e+00
 3.959449e-02  8.972272e-02 -9.719730e-02  3.843850e+02  5.000000e-01  5.827878e+00  3.868444e+00 -4.316469e+00  3.257077e+00
3  8.941798e-02  5.856229e-01  1.445529e+00  6.770942e-01  1.046468e-01  5.842170e+00 6 1 -1.000000e+00
-3.320602e-02  1.181739e+00  1.717482e+00  0.000000e+00  0.000000e+00  2.141081e-01  1.749520e-01 -6.906632e-02  3.032110e-03
-6.157688e-02 -2.635111e-01 -1.797289e-01  1.904476e+02  5.000000e-01  6.098704e-01  2.116146e+00 -1.112682e+00  2.054050e-01
-2.149069e-04 -1.082037e-03  6.230074e-06  2.338422e+02  1.000000e+00  4.031632e+02  2.260662e+01 -2.669131e+01  4.020327e+02
3  3.063087e-02  7.189713e-01  2.596921e+00  1.079456e+00  4.528905e-01  6.154250e+00 6 1 -1.000000e+00
 2.503898e-02 -5.771513e-01 -7.739687e-01  1.985403e+02  5.000000e-01  5.991486e-01  1.201927e+00  8.997439e-02  1.178388e-01
 1.102544e-01  2.018371e+00  1.708953e+00  0.000000e+00  0.000000e+00  2.312874e-01  7.137224e-02 -2.591360e-02  3.236090e-03
 1.287652e-04 -2.234665e-03  1.534586e-05  2.495466e+02  1.000000e+00  2.598902e+02  3.467044e+01  2.565083e+01  2.581590e+02
3 -1.337598e-01 -1.355340e-01  7.517459e-01  2.982342e-01  5.498966e-01  3.119380e+00 6 1 -1.000000e+00
-3.814545e-01 -3.601948e-01  1.774009e+00  0.000000e+00  0.000000e+00  2.017392e-01 -2.036046e-02 -2.703898e-01  1.926090e-02
 1.392905e-01  1.819736e-01 -9.755213e-01  5.796508e+01  5.000000e-01  4.460694e-01  2.342296e-01 -1.130075e+00  1.936950e-01
 1.051054e-03  1.419896e-03  1.432609e-04  8.027584e+01  1.000000e+00  8.600676e+01  1.311720e+01 -8.591766e+00  8.532692e+01
3 -2.015035e+00 -9.601950e-02  2.357316e+00  1.346192e+00  1.172036e-01  6.191070e+00 6 3  2.927266e-01
-7.186583e-01 -2.456163e-01 -6.887117e-01  2.136735e+02  5.000000e-01  8.705378e-01 -9.619115e-01 -7.372064e-01  2.817420e-02
 1.143086e+00  1.200361e+00  5.876197e+00  0.000000e+00  0.000000e+00  3.510528e-01 -5.855918e-02 -4.975190e-01  2.495044e-03
-4.050983e-03 -1.621219e-03  8.692119e-05  2.783150e+02  1.000000e+00  1.132595e+02 -2.600140e+01 -2.052904e+01  9.553143e+01
3  8.474348e-01 -2.102517e-01  1.001319e+00  4.605144e-01  5.074172e-01  6.153430e+00 6 1  2.849539e-01
 7.570518e-01  2.719260e-02  2.171227e+00  0.000000e+00  0.000000e+00  2.852922e-01 -2.080351e-01  8.342402e-02  9.069806e-03
-2.428856e-01  7.977269e-02 -1.101718e+00  4.053541e+01  5.000000e-01  7.081532e-01 -6.474318e-01  7.574167e-01  1.087054e-01
-3.287331e-03 -1.055925e-05  2.862524e-04  4.852649e+01  1.000000e+00  6.346031e+01 -1.798910e+01 -9.179462e+00  6.100771e+01
1 -1.158294e-01  2.731745e-02  0.000000e+00  1.769444e-01  0.000000e+00  6.222150e+00 0 2 -1.000000e+00
-3.092551e-01  5.162615e-02  3.740057e+00  0.000000e+00  0.000000e+00  3.990731e-01 -3.041615e-01  3.497500e-02  1.266960e-01
3  3.435569e-01  1.378664e-01  1.161006e+00  4.116949e-01  2.030455e-01  3.361660e+00 6 1 -1.000000e+00
-2.406828e-01 -1.402149e-01 -3.755800e-01  2.099486e+02  5.000000e-01  6.674251e-01 -1.005309e+00 -1.327595e+00  2.884384e-01
 8.300264e-01  3.086901e-01  1.849733e+00  0.000000e+00  0.000000e+00  2.430511e-01 -1.419837e-01 -1.104248e-01  8.461997e-03
-1.636387e-03 -1.222489e-03  3.119660e-05  2.659299e+02  1.000000e+00  1.994096e+02  6.148531e+00 -8.528651e+01  1.983782e+02
3 -6.384496e-02  6.189706e-01  1.306417e+00  6.591886e-01  4.486386e-01  6.362300e+00 6 1  2.935223e-01
 6.854624e-01 -6.296153e-01  2.703363e+00  0.000000e+00  0.000000e+00  2.785673e-01  1.120915e-01  3.714713e-01  5.334576e-03
-1.964205e-01  3.342349e-01 -1.212833e+00  3.835699e+01  5.000000e-01  6.294031e-01  4.885215e-01  8.504145e-01  6.491768e-02
-1.738314e-03  4.206673e-03  5.988768e-04  4.818182e+01  1.000000e+00  4.273455e+01  5.736757e+00 -6.250583e+00  3.950209e+01
1 -3.137146e+00  5.460300e-01  0.000000e+00  2.331436e+00  0.000000e+00  6.188540e+00 0 2 -1.000000e+00
-5.558925e+00 -5.582535e-01  4.898196e+00  0.000000e+00  0.000000e+00  4.607171e-01 -2.888169e-01  5.704363e-02  2.026212e-03
3  1.382603e+00  6.133397e-01  3.792259e+00  1.062313e+00  1.035701e-01  7.073480e+00 6 1 -1.000000e+00
 3.137655e+00  7.095783e-01  1.536618e+00  0.000000e+00  0.000000e+00  1.896288e-01  1.785346e-02 -7.485199e-02  2.411412e-03
-4.983291e-01 -3.678486e-01 -1.591476e-01  3.269276e+02  5.000000e-01  7.882216e-01 -9.722837e-01 -2.320127e+00  4.460701e-01
-5.844426e-03 -5.065799e-03  3.622416e-05  3.703916e+02  1.000000e+00  1.817234e+02  2.493764e+01 -6.658203e+01  1.809745e+02
3 -1.964710e-01  8.448079e-01  2.376869e+00  1.199770e+00  1.975516e-01  7.472820e+00 6 1 -1.000000e+00
 4.060092e-02 -4.525720e-01 -3.930261e-01  7.901882e+01  5.000000e-01  9.524013e-01  1.562296e+00  3.253585e-01  5.227822e-01
-7.957253e-01  1.772302e+00  1.989486e+00  0.000000e+00  0.000000e+00  2.492432e-01  2.154689e-01  1.206915e-01  1.312475e-02
 3.643270e-03 -3.045059e-02  3.478970e-03  8.362900e+01  1.000000e+00  1.840314e+01  3.895516e+00 -5.027934e-01  1.760972e+01
1  2.898519e+00 -8.135274e+00  0.000000e+00  3.655720e+00  0.000000e+00  5.347240e+00 0 2 -1.000000e+00
 5.205979e+00 -1.132772e+01  3.044646e+00  0.000000e+00  0.000000e+00  3.285326e-01  2.838356e-01  2.045980e-01  8.178825e-05
3  2.976248e-01 -8.195487e-02  7.299030e-01  3.168790e-01  1.737098e-01  2.268450e+00 6 1 -1.000000e+00
 5.592390e-01 -1.790431e-01  1.473492e+00  0.000000e+00  0.000000e+00  1.384915e-01 -2.129526e-01  1.348644e-01  2.752064e-02
-1.384270e-01  3.548117e-02 -2.559600e-01  4.465006e+01  5.000000e-01  1.019287e+00 -1.747943e+00  9.229996e-01  8.217912e-01
-9.327344e-03  2.564562e-03  2.064691e-03  4.750462e+01  1.000000e+00  2.419610e+01 -6.315336e+00  3.720412e+00  2.383056e+01
3  2.398772e-01 -3.332981e-01  1.850183e+00  6.685398e-01  2.737368e-01  3.858070e+00 6 1 -1.000000e+00
 8.856147e-01 -9.494625e-01  2.461443e+00  0.000000e+00  0.000000e+00  3.098716e-01  2.806394e-02  2.631045e-01  2.522133e-02
-2.918045e-01  4.777245e-01 -6.737877e-01  7.245982e+01  5.000000e-01  7.235667e-01  6.457728e-01  1.069364e+00  2.756313e-01
-1.164205e-03  1.654409e-03  1.580314e-05  1.070577e+02  1.000000e+00  2.911561e+02  5.026053e+01  1.355945e+02  2.895816e+02
1 -2.671791e-02 -1.608543e-01  0.000000e+00  1.621344e-01  0.000000e+00  3.605940e+00 0 2 -1.000000e+00
-4.846144e-02 -2.823344e-01  4.291827e+00  0.000000e+00  0.000000e+00  3.372232e-01  4.308803e-01 -1.435766e-01  9.351333e-02
3 -4.815538e-01  6.371790e-01  1.508450e+00  5.984674e-01  1.920400e-02  8.235990e+00 6 2 -1.000000e+00
-7.519087e-01  1.045715e+00  3.158134e+00  0.000000e+00  0.000000e+00  3.108681e-01  1.146847e-01  3.809298e-01  4.762493e-03
 1.267740e-01 -1.803922e-01 -6.064881e-02  2.877907e+02  5.000000e-01  1.343832e+00  1.147079e+00  3.910345e+00  6.653024e-01
 9.472290e-04 -1.556479e-03  5.849737e-06  3.268543e+02  1.000000e+00  4.450474e+02  9.748617e+01  1.293317e+02  4.433047e+02
3  2.907889e-01 -8.144009e-02  8.309737e-01  3.573152e-01  3.367189e-01  7.208660e+00 6 1 -1.000000e+00
 6.540480e-01 -3.512287e-01  1.610908e+00  0.000000e+00  0.000000e+00  2.017654e-01 -1.255844e-01  2.527952e-02  1.675265e-02
-9.307329e-02  1.253921e-02 -5.424231e-01  1.925126e+01  5.000000e-01  2.143594e+00 -1.734803e+00  3.766252e-01  1.589398e+00
-4.589570e-02  7.251331e-03  1.530594e-01  1.927464e+01  1.000000e+00  4.575200e+00 -2.434838e+00  5.658688e-01  3.883370e+00
5 -9.661741e-01  1.054475e-01  8.752600e-01  3.883359e-01  1.000000e+00  7.244280e+00 6 3  2.804585e-01
-1.128429e-01 -2.016101e-01 -1.182535e+00  2.923378e+01  5.000000e-01  1.010931e+00  3.856853e-01 -8.348696e-01  2.144432e-02
-2.756032e-01  5.015922e-01  2.718521e+00  0.000000e+00  0.000000e+00  3.757118e-01  1.338094e-01  6.311736e-02  7.447494e-04
 4.269339e-01 -2.044391e-02  7.088567e+00  1.107655e+01  0.000000e+00  4.278995e-01 -4.080700e-01 -1.403765e-01  1.965529e-03
 3.522332e-01  1.782312e-01 -6.604838e+00  1.141979e+01  5.000000e-01  5.109504e-01 -2.964909e-01 -5.501516e-01  3.975905e-03
-1.254449e-03 -2.804432e-03  1.367261e-03  3.482169e+01  1.000000e+00  3.035449e+01  6.957669e+00 -9.049155e+00  2.281050e+01
3  1.349173e-01  1.328432e-01  5.699788e-01  2.593163e-01  3.379474e-01  3.287520e+00 6 1 -1.000000e+00
-1.044132e-01 -1.111120e-01 -5.178311e-01  1.588678e+01  5.000000e-01  5.090474e-01  1.386293e-01 -1.467293e+00  3.568549e-01
 3.222287e-01  2.668464e-01  1.532283e+00  0.000000e+00  0.000000e+00  1.395067e-01 -5.184460e-03 -2.963120e-01  2.781481e-02
-2.202780e-03 -2.153282e-03  5.287916e-04  1.924580e+01  1.000000e+00  4.485258e+01 -2.475628e-01 -5.646490e+00  4.453186e+01
3  1.978040e+00  5.989835e-01  1.758950e+00  9.610994e-01  2.763118e-01  9.335020e+00 6 3  2.907255e-01
 4.800547e-01 -2.477373e-01 -1.306915e+00  9.186320e+01  5.000000e-01  9.690374e-01 -4.992531e-01  7.189338e-01  9.333253e-02
-1.256226e+00  3.374954e-02  4.729855e+00  0.000000e+00  0.000000e+00  3.862874e-01 -3.918084e-01  1.081958e-01  7.479594e-03
 2.108672e-02 -1.062711e-02  7.668177e-03  1.042177e+02  1.000000e+00  1.339008e+01 -2.449726e+00  4.135683e+00  9.086593e+00
3  4.093850e-01  2.520867e-01  6.315078e-01  2.706980e-01  1.730993e-01  2.263780e+00 6 1  2.779787e-01
 1.520738e-01  5.689033e-01  1.516030e+00  0.000000e+00  0.000000e+00  1.797213e-01  9.396819e-02 -6.640386e-02  7.502016e-03
-4.577556e-03 -4.286664e-02 -2.624237e-01  7.479726e+01  5.000000e-01  3.380369e+00  2.998728e+00 -6.960030e-01  2.830303e+00
-3.020043e-03 -2.816521e-02  1.213246e-01  7.480981e+01  1.000000e+00  5.645967e+00  3.588035e+00 -6.845927e-01  5.032011e+00
3  8.433800e-01  1.163486e-01  4.129192e+00  2.248296e+00  2.256629e-01  8.678340e+00 6 1 -1.000000e+00
 2.988428e+00 -1.081368e+00  2.518294e+00  0.000000e+00  0.000000e+00  3.399753e-01 -1.794920e-01  7.950457e-02  1.205813e-02
-1.092344e+00 -4.508697e-01 -5.682856e-01  1.720865e+02  5.000000e-01  1.014263e+00 -8.733903e-01 -9.985346e-01  3.930600e-01
-2.018944e-02 -5.655610e-03  6.071808e-04  2.095947e+02  1.000000e+00  4.619559e+01 -1.497899e+01 -1.308875e+01  4.461282e+01
5 -2.302132e-01 -1.638931e-02  3.400560e+00  1.482286e+00  1.000000e+00  5.845140e+00 6 3 -1.000000e+00
-1.298664e+00 -1.552351e+00  3.522141e+00  0.000000e+00  0.000000e+00  4.596345e-01 -2.962350e-02 -8.484749e-02  1.441727e-02
 9.409124e-01 -2.027252e-01 -1.336143e+00  8.325782e+01  5.000000e-01  6.979257e-01 -7.626200e-01  5.080182e-01  1.025373e-01
-8.674950e-01  9.499683e-01 -4.809809e+00  4.262478e+01  5.000000e-01  5.323974e-01 -4.093007e-02  6.518324e-01  3.613386e-02
 1.051744e-01  1.544913e+00  5.911766e+00  3.850721e+01  0.000000e+00  4.829960e-01  2.741290e-01  1.516319e-01  2.215920e-02
 2.617824e-03  3.047555e-04  1.469734e-04  1.435218e+02  1.000000e+00  8.562048e+01 -1.751297e+01 -7.068861e+00  8.372055e+01
3  2.467560e-01 -1.763823e+00  1.395040e+00  5.720772e-01  1.108656e-01  4.409160e+00 6 1  2.987340e-01
-1.105058e+00  4.114847e-01  2.055374e+00  0.000000e+00  0.000000e+00  2.368129e-01 -2.458778e-01  1.883329e-01  1.028083e-02
 1.720958e-01 -1.497763e-01 -2.278703e-01  1.002615e+02  5.000000e-01  1.931766e+00 -3.911629e-01  2.259124e+00  9.959653e-01
 1.998965e-02 -1.690495e-02  4.010656e-03  1.028475e+02  1.000000e+00  2.047773e+01 -5.649076e-01  1.138978e+01  1.831762e+01
1 -8.940741e-02  3.058531e+00  0.000000e+00  1.226458e+00  0.000000e+00  4.696940e+00 0 2  2.783165e-01
 2.608821e+00 -2.292961e-01  3.853014e+00  0.000000e+00  0.000000e+00  3.852464e-01 -3.408478e-01  4.698539e-02  2.663755e-03
3 -3.721426e-02 -1.922220e-01  7.908379e-01  4.243886e-01  1.888303e-01  2.674610e+00 6 3 -1.000000e+00
-8.008799e-02 -5.353841e-01  3.739876e+00  0.000000e+00  0.000000e+00  2.974314e-01  4.374330e-01 -1.867255e-01  1.918147e-02
 3.806950e-02  2.465771e-01 -7.062019e-01  4.446769e+01  5.000000e-01  5.907709e-01  1.178651e+00 -4.407678e-01  1.520110e-01
 2.042399e-04  1.662691e-03  1.273316e-04  6.286093e+01  1.000000e+00  9.024208e+01  1.007782e+01  3.012222e+00  8.863881e+01
3  7.793252e-01  3.533871e-01  5.341058e+00  2.428086e+00  7.972302e-01  4.131220e+00 6 3 -1.000000e+00
-1.266659e+00 -7.545195e-01 -2.933551e+00  1.852794e+02  5.000000e-01  9.237042e-01 -2.581709e-01 -5.292000e-01  2.495281e-01
 3.647137e+00  1.338687e+00  3.679680e+00  0.000000e+00  0.000000e+00  4.443397e-01 -1.459917e-01 -1.252276e-01  2.610884e-02
-9.866560e-02 -5.138442e-02  2.972465e-02  2.015817e+02  1.000000e+00  7.298675e+00 -1.233298e+00 -2.123717e+00  5.909448e+00
3  2.421577e-01  1.462754e-02  1.516474e+00  7.490286e-01  4.451588e-01  4.287540e+00 6 3 -1.000000e+00
-5.643311e-01  7.529482e-03 -1.439864e+00  2.461434e+01  5.000000e-01  5.099076e-01 -9.555319e-01  1.471709e-01  2.552182e-01
 9.212995e-01  3.118229e-01  3.234495e+00  0.000000e+00  0.000000e+00  2.927000e-01 -3.975494e-01 -1.818258e-01  7.866183e-02
-5.997481e-03 -7.990255e-04  8.751967e-04  3.865814e+01  1.000000e+00  3.550210e+01 -5.898373e+00 -3.606037e+00  3.485898e+01
3  4.804223e-02 -8.461774e-02  9.705911e-01  4.157870e-01  6.351298e-01  2.274480e+00 6 3 -1.000000e+00
 2.682802e-01 -4.967417e-01  3.224707e+00  0.000000e+00  0.000000e+00  2.848918e-01  1.794236e-01  4.111948e-01  7.887390e-02
-1.377046e-01  3.848611e-01 -5.077241e+00  1.346282e+01  5.000000e-01  4.348974e-01  5.054036e-01  5.107499e-01  1.893484e-01
-8.013697e-04  1.907564e-03  5.937317e-04  2.831639e+01  1.000000e+00  4.286490e+01  7.942370e+00  2.307849e+00  4.204682e+01
1  3.363486e-01  1.817354e-01  0.000000e+00  4.288940e-01  0.000000e+00  5.502190e+00 0 2 -1.000000e+00
 6.107179e-01  4.671050e-01  3.120050e+00  0.000000e+00  0.000000e+00  3.589324e-01 -1.598806e-01 -2.547514e-01  1.686772e-02
1 -2.429362e-01  1.664052e-01  0.000000e+00  4.948203e-01  0.000000e+00  3.351930e+00 0 2 -1.000000e+00
-5.497390e-01  4.326587e-01  3.083367e+00  0.000000e+00  0.000000e+00  3.490676e-01 -1.494482e-02  3.149109e-01  1.830127e-01
3 -6.836458e-01 -4.600412e-04  1.644566e+00  5.989017e-01  2.028623e-01  1.487200e+00 6 1 -1.000000e+00
-1.329529e+00 -3.042321e-02  1.755156e+00  0.000000e+00  0.000000e+00  1.840998e-01 -3.096732e-01 -6.767125e-03  1.322434e-02
 3.149014e-01 -9.343176e-03 -3.560550e-01  6.134155e+01  5.000000e-01  8.353193e-01 -1.682531e+00  6.902743e-02  4.781199e-01
 2.030431e-02 -6.468361e-04  2.956624e-03  6.504093e+01  1.000000e+00  1.951244e+01 -2.025169e+00  6.207683e-01  1.877359e+01
3  6.176933e-01  3.882898e-01  2.019547e+00  6.824625e-01  3.964706e-01  7.727530e+00 6 1 -1.000000e+00
 1.588726e+00  8.396719e-01  1.529493e+00  0.000000e+00  0.000000e+00  1.882617e-01  2.881006e-02 -6.540164e-02  5.489028e-03
-1.902779e-01 -1.162139e-01 -6.063988e-01  7.408386e+01  5.000000e-01  1.364740e+00 -5.701968e-01 -1.207059e+00  7.771548e-01
-5.577720e-02 -3.338873e-02  5.935995e-02  7.442106e+01  1.000000e+00  5.442389e+00 -8.397211e-01 -1.477603e+00  4.586025e+00
3 -1.965572e-01 -9.421006e-02  7.770526e-01  2.943489e-01  5.042818e-01  2.461680e+00 6 1 -1.000000e+00
-5.049901e-01 -2.655502e-01  1.967311e+00  0.000000e+00  0.000000e+00  2.277718e-01 -2.157143e-01 -2.037050e-01  3.312471e-02
 1.723621e-01  1.152447e-01 -9.920792e-01  1.471746e+01  5.000000e-01  6.819157e-01 -5.384651e-01 -9.051061e-01  3.814164e-01
 8.636643e-03  6.169085e-03  5.751474e-03  1.650257e+01  1.000000e+00  1.452558e+01  9.397158e-01 -2.861794e+00  1.390801e+01
5  9.101240e-04  3.814212e-03  8.061158e-02  3.941553e-02  1.000000e+00  4.746740e+00 6 3 -1.000000e+00
-2.689853e-02 -2.348050e-02  3.424457e+00  2.785511e-02  0.000000e+00  4.476717e-01  9.870712e-02 -5.750100e-02  2.192666e-01
 1.260231e-02 -1.165221e-02 -2.012851e+00  4.546635e-02  5.000000e-01  1.042879e+00  7.571151e-03  7.061084e-01  7.672455e-01
-2.156989e-02  6.916412e-03 -2.003148e+00  4.107049e-02  5.000000e-01  1.053683e+00 -4.152706e-01  5.741484e-01  7.951347e-01
 2.999166e-02  3.363109e-02  2.524481e+00  0.000000e+00  0.000000e+00  3.500960e-01  1.613874e-01 -1.443204e-02  1.361668e-01
-1.146635e-04 -7.931949e-04  1.374910e-01  5.024429e-02  1.000000e+00  3.783049e+00 -4.379948e-01  5.294542e-01  3.320159e+00
1  1.438360e-01 -1.166097e-01  0.000000e+00  5.386057e-02  0.000000e+00  3.111020e+00 0 2  3.055484e-01
 1.140114e-01 -1.716994e-02  3.388141e+00  0.000000e+00  0.000000e+00  3.777615e-01 -2.577966e-01  1.599206e-01  9.973888e-04
3  1.475525e+00 -1.204312e+00  1.356459e+00  8.012715e-01  1.712946e-02  7.688200e+00 6 2  2.952566e-01
-1.367397e-01  1.233153e+00  6.098732e+00  0.000000e+00  0.000000e+00  3.362212e-01  4.804907e-01  2.139216e-01  4.973877e-03
 4.654900e-02 -1.108655e-01 -1.044680e-01  1.248916e+02  5.000000e-01  3.701183e+00  2.992917e+00  2.812676e+00  1.859847e+00
 1.374496e-02 -3.126727e-02  9.423223e-03  1.252967e+02  1.000000e+00  1.497764e+01  6.334148e+00  7.009433e+00  1.202310e+01
3 -3.220465e+00 -1.597070e+00  2.232290e+00  1.064011e+00  3.885939e-01  3.767830e+00 6 1  3.024015e-01
-1.505957e-01 -1.910966e+00  1.879701e+00  0.000000e+00  0.000000e+00  2.566928e-01  1.412144e-01  2.376229e-02  2.231088e-03
 4.331553e-02  3.128865e-01 -7.304403e-01  1.385560e+02  5.000000e-01  1.250607e+00  1.122985e+00 -4.132150e-01  2.474401e-01
 1.203505e-03  3.462524e-02  1.067235e-02  1.410562e+02  1.000000e+00  1.114168e+01  3.021632e+00 -1.526787e-01  8.724599e+00
3  5.922395e-01 -4.069828e-02  2.214975e+00  7.249054e-01  3.665694e-01  8.213230e+00 6 1 -1.000000e+00
-4.129400e-01  1.189145e-01 -5.544923e-01  1.081919e+02  5.000000e-01  5.632475e-01 -1.013020e+00  9.838677e-01  1.750557e-01
 1.798215e+00  2.489333e-01  1.512653e+00  0.000000e+00  0.000000e+00  1.749025e-01  9.897370e-02  9.949826e-02  3.363687e-03
-2.621819e-03  9.500648e-05  3.111315e-05  1.301611e+02  1.000000e+00  1.827554e+02 -2.979902e+01 -2.507852e+00  1.815418e+02
3 -4.143250e-01  1.251744e-01  1.196123e+00  4.507207e-01  2.691680e-01  3.308130e+00 6 1 -1.000000e+00
 2.506831e-01 -3.826968e-02 -3.879486e-01  6.245806e+01  5.000000e-01  6.201183e-01 -1.584259e+00  4.605390e-01  3.194726e-01
-8.539487e-01  4.205322e-01  1.441288e+00  0.000000e+00  0.000000e+00  1.499941e-01 -1.531444e-01  7.233846e-02  8.787778e-03
 4.848592e-03 -1.063722e-03  2.867980e-04  7.124547e+01  1.000000e+00  6.063272e+01 -8.312760e+00 -4.298517e-01  5.981385e+01
3  1.588374e-01  2.158107e+00  9.123263e-01  4.495154e-01  4.827378e-01  5.159450e+00 6 1  2.941232e-01
-1.391601e-01  4.577968e-02 -1.075162e+00  4.150975e+01  5.000000e-01  1.754235e+00 -9.203323e-01  8.074351e-01  9.672593e-01
 7.633060e-01  1.795492e-01  2.227218e+00  0.000000e+00  0.000000e+00  2.994727e-01 -2.028471e-01 -2.451136e-02  2.476560e-02
-6.341046e-02  1.785469e-02  2.979613e-01  4.161697e+01  1.000000e+00  3.515191e+00 -1.326662e+00  1.100004e+00  2.466431e+00
3 -2.184096e-01 -1.244544e-01  9.416054e-01  4.325882e-01  4.982354e-01  3.240690e+00 6 1 -1.000000e+00
-6.140800e-01 -3.229548e-01  1.869981e+00  0.000000e+00  0.000000e+00  2.312575e-01 -1.141229e-01 -2.077888e-01  4.052332e-02
 2.168505e-01  1.199619e-01 -9.316905e-01  6.175073e+01  5.000000e-01  7.485011e-01 -5.303303e-01 -9.248347e-01  4.469714e-01
 1.063185e-02  5.624946e-03  4.245350e-03  6.937440e+01  1.000000e+00  1.697725e+01 -2.765722e+00 -3.474397e+00  1.633565e+01
2 -1.063339e+00  1.087263e-01  1.199471e+00  4.875765e-01  1.381343e-01  5.802040e+00 6 1  2.721710e-01
-9.524831e-01  1.950648e-01  1.921167e+00  0.000000e+00  0.000000e+00  2.628099e-01 -1.486417e-01  2.894895e-02  1.546736e-03
 2.300412e-01 -5.847768e-03 -2.653790e-01  1.665438e+02  5.000000e-01  6.994581e-01 -1.964071e+00 -3.074614e-02  9.471155e-02
3 -8.423940e-02 -6.323414e-01  1.643073e+00  7.868466e-01  2.454483e-01  2.322880e+00 6 1 -1.000000e+00
-3.055215e-01 -1.279004e+00  1.403365e+00  0.000000e+00  0.000000e+00  1.415135e-01  1.544647e-01 -2.380222e-02  3.658555e-03
-1.124214e-02  3.375011e-01 -3.444534e-01  8.359762e+01  5.000000e-01  4.951330e-01  1.776193e+00 -5.639151e-02  1.916548e-01
-5.439751e-04  3.928660e-03  9.778710e-05  9.755727e+01  1.000000e+00  1.055691e+02 -7.999652e-01  2.660390e+01  1.046441e+02
3 -5.516603e-01 -4.039028e-02  1.534564e+00  6.020002e-01  2.048286e-01  6.591480e+00 6 1 -1.000000e+00
-1.244051e+00  1.877502e-02  1.623331e+00  0.000000e+00  0.000000e+00  2.017143e-01 -1.287960e-01 -6.822203e-02  1.039780e-02
 2.903833e-01 -1.239978e-03 -3.325046e-01  8.839961e+01  5.000000e-01  8.428383e-01 -1.730098e+00 -1.973303e-01  4.577494e-01
 8.851296e-03 -6.768804e-04  4.652400e-04  9.703138e+01  1.000000e+00  4.967219e+01 -1.312973e+01  6.867576e+00  4.878977e+01
1 -4.590877e+00 -7.170291e+00  0.000000e+00  5.214338e+00  0.000000e+00  6.170560e+00 0 2  2.692349e-01
 6.773460e+00  7.524481e+00  3.494961e+00  0.000000e+00  0.000000e+00  3.628556e-01  2.236014e-02 -3.454371e-01  2.176341e-05
3 -7.338869e-02  9.366436e-02  5.787524e-01  3.510847e-01  1.797591e-01  5.860680e+00 6 3 -1.000000e+00
 1.199295e-01 -1.513930e-01 -9.102641e-01  1.699827e+01  5.000000e-01  6.159462e-01  3.847414e-01  1.047881e+00  2.028170e-01
-3.347375e-01  2.067023e-01  5.063801e+00  0.000000e+00  0.000000e+00  3.498510e-01 -6.397679e-02  4.702346e-01  4.388200e-02
 1.846042e-03 -1.813897e-03  8.574366e-04  2.356008e+01  1.000000e+00  3.561808e+01 -3.858456e+00  4.154113e+00  3.450686e+01
1  6.927151e+01  7.066284e+01  0.000000e+00  5.537285e+01  0.000000e+00  4.845700e+00 0 2 -1.000000e+00
 7.226250e+01  1.366867e+02  3.044746e+00  0.000000e+00  0.000000e+00  3.526165e-01  1.454474e-01 -2.636584e-01  1.779786e-04
1  5.854371e+01  3.337328e+01  0.000000e+00  5.406652e+01  0.000000e+00  3.602820e+00 0 2 -1.000000e+00
 1.258803e+02  5.512774e+01  4.628912e+00  0.000000e+00  0.000000e+00  4.600726e-01 -2.323159e-01 -1.466884e-01  2.461551e-04
3  3.352078e-01 -8.338725e-01  2.454409e+00  8.005994e-01  1.270308e-01  3.368110e+00 6 1 -1.000000e+00
 4.280127e-01 -1.965389e+00  1.675084e+00  0.000000e+00  0.000000e+00  2.165767e-01  1.976344e-02  1.279700e-01  4.000862e-03
-4.112780e-04  1.413812e-03  3.009111e-06  2.356367e+02  1.000000e+00  6.053424e+02  1.711518e+02  6.010610e+01  6.040200e+02
-1.676213e-01  4.156489e-01 -2.127873e-01  1.899693e+02  5.000000e-01  6.768410e-01  1.424907e+00  1.665413e+00  2.522679e-01
3  1.497947e+00  1.850598e-01  4.189619e+00  1.989044e+00  5.745141e-02  2.522180e+00 6 2 -1.000000e+00
 3.493412e+00  9.783433e-01  3.057702e+00  0.000000e+00  0.000000e+00  3.979209e-01 -1.687088e-01 -8.362768e-02  5.960556e-03
-5.747384e-01 -2.318517e-02 -1.756693e-01  8.615047e+02  5.000000e-01  1.503090e+00 -2.429557e+00 -2.070433e-01  7.797054e-01
-2.989091e-02 -1.622572e-03  7.076155e-04  9.018918e+02  1.000000e+00  4.176394e+01 -1.576359e+01 -1.048285e-01  4.053867e+01
1 -1.976021e+00  1.141620e+00  0.000000e+00  2.738939e+00  0.000000e+00  7.682410e+00 0 2 -1.000000e+00
-6.586840e+00  1.556994e+00  3.235628e+00  0.000000e+00  0.000000e+00  4.179188e-01 -1.457843e-01  9.223033e-02  1.083890e-03
3 -4.113735e-02  5.454328e-01  6.188258e-01  3.151652e-01  1.801917e-01  8.530480e+00 6 1  2.759627e-01
 4.272952e-01  3.721302e-01  2.110633e+00  0.000000e+00  0.000000e+00  2.951001e-01  8.045655e-02 -1.289148e-01  2.075538e-03
-6.792899e-03 -6.890603e-02 -3.803185e-01  3.235390e+01  5.000000e-01  2.075190e+00  1.939063e+00 -1.595100e-01  4.738583e-01
-2.297793e-03 -1.118604e-02  1.550184e-02  3.261945e+01  1.000000e+00  1.046214e+01  4.820583e+00 -1.336258e+00  7.553495e+00
3  4.520382e-01  3.723623e-01  1.514539e+00  8.029774e-01  1.253178e-01  9.984820e+00 6 1 -1.000000e+00
 9.716549e-01  6.502164e-01  1.838907e+00  0.000000e+00  0.000000e+00  1.984983e-01 -4.656489e-02 -3.105403e-01  2.784882e-02
-2.796258e-01 -2.030854e-01 -2.304477e-01  5.435294e+01  5.000000e-01  8.918721e-01 -4.271012e-01 -2.041729e+00  6.101907e-01
-6.658518e-03 -4.230813e-03  2.331022e-04  6.286577e+01  1.000000e+00  7.177453e+01 -1.581456e+01 -2.165572e+01  7.113477e+01
3  2.327202e-01 -3.762501e-02  1.112210e+00  4.806862e-01  4.236581e-01  3.612440e+00 6 1 -1.000000e+00
 7.525398e-01 -1.900344e-01  2.963284e+00  0.000000e+00  0.000000e+00  3.445136e-01 -2.822940e-01  1.118441e-01  1.093625e-02
-3.361352e-01  3.755875e-02 -1.255420e+00  9.757876e+01  5.000000e-01  6.090184e-01 -9.546526e-01  1.950682e-01  1.054020e-01
-1.955668e-03  2.791344e-04  1.288367e-04  1.354377e+02  1.000000e+00  8.933066e+01 -6.359092e+00  3.234877e-01  8.768756e+01
3 -2.688040e-01 -4.546141e-01  1.387703e+00  7.795034e-01  4.750317e-01  7.147340e+00 6 1 -1.000000e+00
-8.209745e-01 -8.552753e-01  1.434448e+00  0.000000e+00  0.000000e+00  1.392744e-01  1.687501e-01 -1.234484e-01  4.558899e-02
 1.263112e-01  1.588096e-01 -6.814081e-01  2.077028e+01  5.000000e-01  1.596638e+00  5.519021e-01 -1.232449e+00  1.406347e+00
 5.655285e-02  6.533201e-02  1.478447e-01  2.083507e+01  1.000000e+00  4.209580e+00  1.799133e-01 -1.872213e+00  3.970913e+00
3  1.760744e-01  3.061023e-01  1.511302e+00  7.806461e-01  3.227068e-01  3.608940e+00 6 1 -1.000000e+00
-2.819290e-01 -4.014739e-01 -8.426459e-01  3.570534e+01  5.000000e-01  5.016869e-01  3.446685e-01 -1.147283e+00  1.671878e-01
 2.806126e-01  1.001231e+00  2.611181e+00  0.000000e+00  0.000000e+00  2.587169e-01  2.794852e-01 -2.973554e-01  2.452519e-02
-1.928505e-03 -3.450848e-03  2.441869e-04  5.098236e+01  1.000000e+00  6.505897e+01  2.077814e+00 -2.002588e+00  6.395488e+01
3 -4.449211e-01  3.667246e-01  1.436890e+00  5.822934e-01  1.231118e-01  4.709210e+00 6 1 -1.000000e+00
-9.431392e-01  6.425927e-01  1.979803e+00  0.000000e+00  0.000000e+00  2.082899e-01 -1.245947e-01  3.258533e-01  2.874883e-02
 2.040839e-01 -2.225854e-01 -2.437371e-01  5.643307e+01  5.000000e-01  1.221493e+00 -8.851703e-03  2.037587e+00  8.767809e-01
 1.329242e-02 -1.512659e-02  2.024916e-03  6.035997e+01  1.000000e+00  2.560831e+01  3.389916e+00  1.001149e+01  2.490979e+01
1  8.062741e-01 -3.144235e-01  0.000000e+00  1.696179e-01  0.000000e+00  1.243030e+00 0 2  3.022029e-01
 4.216297e-02 -2.836090e-01  3.472897e+00  0.000000e+00  0.000000e+00  4.151732e-01  2.076066e-01  1.047752e-01  1.580250e-01
3  2.058948e-01  2.564736e-01  1.293669e+00  5.438777e-01  8.965314e-01  7.460760e+00 6 1 -1.000000e+00
-1.479786e-01 -1.965187e-01 -1.873993e+00  3.590211e+01  5.000000e-01  9.723398e-01  3.033847e-01 -6.650885e-01  5.688905e-01
 7.139603e-01  7.681789e-01  1.680093e+00  0.000000e+00  0.000000e+00  2.280872e-01  1.621580e-02 -1.953028e-02  2.648825e-02
-3.375666e-02 -3.822636e-02  8.995878e-02  3.656511e+01  1.000000e+00  4.572816e+00  1.210513e-01 -1.278341e+00  3.947646e+00
2  5.027099e-01 -2.663541e-01  1.498938e+00  5.802030e-01  1.261477e-01  6.402040e+00 6 1 -1.000000e+00
 1.038286e+00 -6.813711e-01  1.662547e+00  0.000000e+00  0.000000e+00  2.103747e-01 -1.092950e-01  1.003794e-01  1.092394e-03
-2.313862e-01  1.153406e-01 -2.097265e-01  1.543485e+02  5.000000e-01  6.850961e-01 -1.363095e+00  1.734719e+00  1.083755e-01
3  2.776031e-02  1.294109e-01  7.469707e-01  3.232748e-01  9.195431e-01  5.169000e+00 6 1 -1.000000e+00
 6.537254e-03 -2.624058e-01 -2.126113e+00  4.703989e+01  5.000000e-01  4.366406e-01  8.874518e-01 -1.204418e-02  4.629675e-02
 1.285331e-01  4.745353e-01  2.312141e+00  0.000000e+00  0.000000e+00  2.844187e-01  2.320760e-01 -1.603049e-01  5.200062e-03
 2.777510e-05 -2.532354e-04  5.632632e-06  8.886366e+01  1.000000e+00  4.448761e+02  3.749291e+01  1.344745e+02  4.432738e+02
3 -3.741589e-01 -1.145607e+00  1.032359e+00  5.005504e-01  9.666796e-01  2.247560e+00 6 1  2.981899e-01
-5.117134e-01 -6.002972e-01  2.279133e+00  0.000000e+00  0.000000e+00  2.766193e-01  7.824244e-02 -2.799901e-01  3.462495e-02
 1.112596e-01  2.229104e-01 -2.357692e+00  1.799454e+01  5.000000e-01  9.492311e-01  3.900666e-01 -5.239934e-01  3.991123e-01
 2.471851e-02  4.391861e-02  1.478505e-01  1.846936e+01  1.000000e+00  3.742685e+00  6.078655e-01 -6.238845e-01  2.658005e+00
3 -5.211366e-01 -7.435015e-01  2.220167e+00  7.265080e-01  1.131530e-01  7.417680e+00 6 1 -1.000000e+00
-5.359492e-01 -1.822270e+00  1.582897e+00  0.000000e+00  0.000000e+00  1.845233e-01 -7.306663e-02 -1.670648e-01  5.205564e-03
 3.394372e-03  7.652569e-03  1.967162e-04  2.391807e+02  1.000000e+00  7.413851e+01  1.623310e+01 -1.504347e+00  7.341233e+01
 1.928378e-01  2.748739e-01 -1.791095e-01  2.196956e+02  5.000000e-01  7.495288e-01  3.696677e-01 -2.347181e+00  4.032603e-01
3  3.790321e-02  1.245698e+00  3.242432e+00  1.669212e+00  1.375802e-02  8.221770e+00 6 2 -1.000000e+00
 1.039972e+00  2.712065e+00  7.176173e+00  0.000000e+00  0.000000e+00  4.746293e-01  3.251663e-01 -1.758728e-01  1.370271e-03
 5.073494e-03 -3.607762e-01 -9.872991e-02  5.983780e+02  5.000000e-01  1.763276e+00  3.270314e+00  1.275822e-01  4.984266e-01
-2.290297e-05 -5.703099e-03  3.340554e-05  6.361103e+02  1.000000e+00  1.816798e+02  5.198105e+01  2.827005e+00  1.788531e+02
3 -3.483130e-01  1.976735e-01  7.763338e-01  3.824498e-01  1.744534e-02  7.459130e+00 6 2 -1.000000e+00
-5.410068e-01  4.015095e-01  3.183502e+00  0.000000e+00  0.000000e+00  3.307022e-01 -1.500326e-01  3.336619e-01  5.935053e-03
 9.060834e-02 -4.988446e-02 -5.553726e-02  1.123054e+02  5.000000e-01  1.751596e+00 -2.364819e+00  3.602563e+00  1.018074e+00
 1.430752e-03 -8.174297e-04  1.872947e-05  1.227113e+02  1.000000e+00  2.558520e+02 -5.429696e+01  9.278781e+01  2.541942e+02
1 -4.207127e+00  2.805117e+00  0.000000e+00  2.377124e+00  0.000000e+00  3.283250e+00 0 2 -1.000000e+00
-6.770204e+00  3.828963e+00  3.121638e+00  0.000000e+00  0.000000e+00  3.642559e-01 -9.680298e-02  2.728646e-01  2.374575e-03
3  2.079477e+00 -5.451866e+00  3.712092e+00  2.540137e+00  8.500935e-03  3.116890e+00 6 2  2.816900e-01
 2.749296e+00 -2.231181e+00  4.003785e+00  0.000000e+00  0.000000e+00  3.934213e-01 -1.169885e-03  3.437625e-01  1.367455e-03
-1.514973e-01  8.507129e-02 -3.403592e-02  6.993474e+02  5.000000e-01  6.408035e+00 -3.967136e+00  6.549000e+00  3.853602e+00
-3.263075e-02  1.844280e-02  1.423665e-03  7.011330e+02  1.000000e+00  3.925609e+01 -1.481783e+01  2.327118e+01  3.542066e+01
1 -1.633276e-01  1.526643e+00  0.000000e+00  7.283655e-01  0.000000e+00  7.417050e+00 0 2  2.710297e-01
-1.056183e+00  1.249403e+00  3.046275e+00  0.000000e+00  0.000000e+00  3.582887e-01  1.414989e-01  2.519953e-01  2.953329e-03
3  4.772736e-02  8.369037e-02  2.470621e-01  8.351685e-02  2.259417e-01  5.353800e+00 6 1 -1.000000e+00
-6.770206e-03 -5.044565e-02 -3.893529e-01  5.572026e+00  5.000000e-01  1.148087e+00  1.396289e+00 -8.004192e-01  8.756883e-01
 1.130946e-01  1.655916e-01  1.723245e+00  0.000000e+00  0.000000e+00  1.920102e-01  6.790694e-02 -2.606443e-01  1.608422e-02
-6.283395e-04 -5.913749e-03  8.658343e-03  5.790327e+00  1.000000e+00  1.354835e+01  6.358407e+00  1.239447e+00  1.312739e+01
3  1.594669e-01  5.563631e-01  1.262707e+00  5.653077e-01  1.748736e-01  4.445680e+00 6 1  2.907890e-01
 8.383792e-01 -6.160279e-01  2.127426e+00  0.000000e+00  0.000000e+00  2.828996e-01  7.533870e-02  1.962282e-01  5.240137e-03
-8.671443e-02  2.434079e-01 -3.720307e-01  6.255978e+01  5.000000e-01  1.188133e+00  1.375068e+00  9.124321e-01  2.643213e-01
-2.274920e-03  5.040368e-03  3.531209e-04  6.934840e+01  1.000000e+00  5.747366e+01  1.316267e+01  1.356936e+01  5.396823e+01
1 -2.406818e+00 -1.041019e+00  0.000000e+00  4.172362e+00  0.000000e+00  8.691670e+00 0 2 -1.000000e+00
-5.155418e+00 -2.804551e+00  3.326962e+00  0.000000e+00  0.000000e+00  3.367680e-01 -1.397890e-01 -3.460653e-01  1.290340e-03
3 -5.944409e-01 -1.416079e-02  2.676385e+00  1.394991e+00  1.839243e-01  2.079750e+00 6 3 -1.000000e+00
-1.912229e+00 -7.603743e-01  3.682343e+00  0.000000e+00  0.000000e+00  4.206820e-01 -2.111897e-01 -1.394345e-01  1.789337e-03
 6.814276e-01 -1.000840e-01 -6.772723e-01  2.918959e+02  5.000000e-01  9.184834e-01 -1.169739e+00  3.389181e-01  8.056767e-02
 1.616924e-03 -3.428662e-04  9.289713e-06  3.893045e+02  1.000000e+00  3.474967e+02 -6.372076e+01  9.139854e+01  3.444136e+02
3  3.026455e-01 -2.166746e-01  8.430744e-01  2.910167e-01  1.372736e-01  3.232040e+00 6 1 -1.000000e+00
 5.523441e-01 -3.771242e-01  1.528768e+00  0.000000e+00  0.000000e+00  1.468914e-01 -1.132434e-01  2.466751e-01  1.053448e-02
-2.270770e-03  2.583963e-03  1.586727e-04  8.227256e+01  1.000000e+00  8.375673e+01  1.626980e+01  1.678363e+01  8.327793e+01
-1.279610e-01  1.208310e-01 -2.098594e-01  7.175509e+01  5.000000e-01  6.538992e-01 -4.270738e-01  2.168522e+00  4.314011e-01
1 -2.740776e-02 -3.847736e-02  0.000000e+00  6.330841e-02  0.000000e+00  7.737520e+00 0 2 -1.000000e+00
-6.812275e-02 -9.869912e-02  4.008852e+00  0.000000e+00  0.000000e+00  4.326220e-01  8.377108e-02 -2.558364e-01  7.161462e-02
3  1.539247e-01  2.734761e-02  5.744236e-01  2.808475e-01  1.193934e-01  9.799170e+00 6 1 -1.000000e+00
 3.417169e-01  3.652545e-01  1.791576e+00  0.000000e+00  0.000000e+00  2.316800e-01 -1.668997e-01  6.551498e-02  6.713652e-03
-1.072027e-01  6.877943e-03 -2.139023e-01  3.244017e+01  5.000000e-01  1.225355e+00 -2.119038e+00  4.852770e-01  7.290776e-01
-3.506743e-03 -2.303500e-04  6.497511e-04  3.569209e+01  1.000000e+00  4.393275e+01 -1.743213e+01  5.394341e-01  4.290846e+01
3 -1.228480e+00 -8.552851e-01  1.299576e+00  6.145513e-01  2.987522e-01  2.485770e+00 6 3  2.884522e-01
 2.422492e-01  1.876334e-03 -1.110750e+00  4.786573e+01  5.000000e-01  1.272721e+00 -9.720553e-01 -1.725624e-01  5.260475e-01
-9.736624e-01  4.606329e-01  3.717966e+00  0.000000e+00  0.000000e+00  4.633235e-01 -1.356031e-01  2.586845e-02  2.510199e-02
 4.685726e-02 -3.329962e-03  7.809644e-02  4.886028e+01  1.000000e+00  5.079435e+00 -1.934221e+00  3.096686e-01  3.882355e+00
1 -3.640534e+00 -3.891859e-01  0.000000e+00  1.757106e+00  0.000000e+00  3.847190e+00 0 2  2.707832e-01
 1.835986e+00  2.720395e+00  6.232017e+00  0.000000e+00  0.000000e+00  5.182138e-01 -8.387451e-02 -2.542072e-01  6.887994e-04
1 -1.023413e+00  1.320089e-01  0.000000e+00  8.057214e-01  0.000000e+00  6.405590e+00 0 2 -1.000000e+00
-1.677321e+00 -1.944908e-02  4.178379e+00  0.000000e+00  0.000000e+00  3.220185e-01 -4.652598e-01  6.216885e-02  2.275532e-02
3  2.885493e-01  1.040374e-02  9.309372e-01  3.719365e-01  2.569864e-01  6.548240e+00 6 1 -1.000000e+00
 7.787766e-01 -7.663940e-02  2.096919e+00  0.000000e+00  0.000000e+00  2.880761e-01 -1.714847e-01 -2.320591e-02  4.636761e-03
-1.501340e-01 -1.524474e-02 -5.388796e-01  7.556900e+01  5.000000e-01  1.159495e+00 -1.337996e+00 -3.015097e-01  3.375364e-01
-1.003450e-02 -8.573410e-04  3.454486e-03  7.852665e+01  1.000000e+00  1.868538e+01 -4.629648e+00 -1.363910e+00  1.681463e+01
3  2.162474e-01  5.104274e-02  5.635971e-01  2.594516e-01  1.328414e-01  8.357610e+00 6 1 -1.000000e+00
 4.182765e-01  1.112773e-01  1.795932e+00  0.000000e+00  0.000000e+00  1.951210e-01 -2.556869e-01 -1.601264e-01  6.802866e-03
-1.303852e-01 -1.761072e-02 -2.385741e-01  3.343804e+01  5.000000e-01  5.357250e-01 -1.963642e+00 -7.424490e-01  2.224738e-01
-5.736803e-04 -1.052331e-05  9.198527e-06  4.366399e+01  1.000000e+00  3.446103e+02 -8.133972e+01  5.233411e+01  3.437149e+02
3 -1.899538e-01  7.919120e-02  8.873959e-01  4.731094e-01  3.370522e-01  5.535900e+00 6 1 -1.000000e+00
 2.848041e-01 -5.323982e-02 -7.371353e-01  1.040592e+02  5.000000e-01  4.729433e-01 -1.187389e+00  4.738134e-01  1.406770e-01
-5.034881e-01  3.542732e-01  2.187006e+00  0.000000e+00  0.000000e+00  2.534907e-01 -1.518073e-01  2.774610e-01  1.123066e-02
 6.308413e-04 -1.394188e-04  1.249003e-05  1.707541e+02  1.000000e+00  2.930888e+02 -7.154056e+01 -1.157215e+01  2.920501e+02
3  2.358357e-01  1.993838e-01  8.857932e-01  4.756904e-01  1.625794e-01  4.459650e+00 6 1 -1.000000e+00
 5.733776e-01  3.621301e-01  2.042908e+00  0.000000e+00  0.000000e+00  2.154866e-01 -6.663679e-02 -3.486008e-01  6.122783e-02
-1.661296e-01 -1.254751e-01 -3.321347e-01  1.992393e+01  5.000000e-01  1.123649e+00 -2.911123e-01 -1.715042e+00  8.619535e-01
-1.150299e-02 -7.909910e-03  3.000657e-03  2.161701e+01  1.000000e+00  2.137022e+01 -4.149483e+00 -8.029146e+00  2.085026e+01
3  2.066827e+00 -1.918036e+00  1.781587e+00  7.500555e-01  1.246711e-01  9.364660e+00 6 1  2.816294e-01
 5.979302e-01 -1.477350e+00  1.958416e+00  0.000000e+00  0.000000e+00  2.666273e-01  8.703048e-02  1.401590e-01  5.458055e-03
-7.009153e-02  1.742553e-01 -2.441579e-01  2.309281e+02  5.000000e-01  2.327383e+00  1.743404e+00  1.678748e+00  1.062542e+00
-1.507933e-02  3.695254e-02  1.208413e-02  2.324429e+02  1.000000e+00  1.244241e+01  5.053649e+00  4.757744e+00  1.020365e+01
1  3.156664e-01 -6.425812e-02  0.000000e+00  1.506320e-01  0.000000e+00  9.360320e+00 0 2  2.847825e-01
-2.725224e-01  2.486416e-01  3.295182e+00  0.000000e+00  0.000000e+00  3.994013e-01 -4.896463e-02  2.341963e-01  2.146239e-02
3 -3.488973e-02  5.115072e-01  1.443317e+00  5.934986e-01  1.512081e-01  3.364780e+00 6 1 -1.000000e+00
-2.671334e-01  1.078731e+00  1.842575e+00  0.000000e+00  0.000000e+00  2.187042e-01  2.598531e-01  1.344527e-02  1.014150e-02
 2.119098e-02 -3.354952e-01 -2.786124e-01  1.309743e+02  5.000000e-01  6.186468e-01  1.931384e+00  6.635858e-02  2.543047e-01
 2.320451e-04 -1.485757e-03  1.030613e-05  1.705163e+02  1.000000e+00  3.251992e+02  7.741827e+01  4.562829e+01  3.240481e+02
3  2.237719e-02  1.652867e-03  4.669090e-01  2.747437e-01  7.456717e-01  3.621090e+00 6 3 -1.000000e+00
 2.658754e-01 -1.214739e-01  4.252762e+00  0.000000e+00  0.000000e+00  3.353853e-01 -2.879778e-01  3.516249e-01  7.251361e-02
-2.010162e-01 -1.255057e-01 -3.171164e+00  4.223555e+00  5.000000e-01  4.586587e-01 -2.832815e-01 -7.267349e-01  1.614812e-01
-2.975721e-04 -3.896340e-05  1.960843e-04  1.506970e+01  1.000000e+00  7.360770e+01 -1.138329e+01 -6.515577e+00  7.251464e+01
3  1.614320e-01 -1.341327e-01  6.759745e-01  2.664851e-01  2.310326e-01  9.945160e+00 6 1 -1.000000e+00
 3.265592e-01 -4.144104e-01  2.049329e+00  0.000000e+00  0.000000e+00  2.662586e-01 -4.558275e-02  2.198500e-01  3.473450e-03
-1.249386e-01  8.867136e-02 -4.734618e-01  3.376164e+01  5.000000e-01  6.147263e-01 -6.167337e-01  1.371196e+00  1.022016e-01
-4.711071e-04  4.598176e-04  2.124529e-05  4.260449e+01  1.000000e+00  2.186124e+02  1.689852e+01 -5.947902e-01  2.168981e+02
3 -1.604170e-03  5.517779e-03  1.011631e-01  4.959479e-02  2.851620e-01  5.740330e+00 6 3 -1.000000e+00
 1.067666e-02 -4.232252e-02 -6.150888e+00  2.407737e-01  5.000000e-01  6.741899e-01  4.083025e-01  3.194049e-01  4.478863e-01
 3.897783e-03  5.861324e-02  2.156980e+01  0.000000e+00  0.000000e+00  5.342004e-01  4.108765e-01  4.229224e-02  3.190546e-01
 1.775140e-04 -9.840649e-04  4.233506e-02  4.238805e-01  1.000000e+00  5.956410e+00  9.681836e-01 -8.681603e-02  5.531520e+00
3 -1.720666e-01  1.876825e-01  7.563451e-01  2.988237e-01  1.510316e-01  7.459130e+00 6 1 -1.000000e+00
-4.889745e-01  3.749444e-01  1.841556e+00  0.000000e+00  0.000000e+00  2.553885e-01  5.027095e-02  9.434054e-02  4.012779e-03
 9.013729e-02 -1.115610e-01 -2.781333e-01  8.487973e+01  5.000000e-01  7.223266e-01  5.218387e-01  1.843959e+00  2.363141e-01
 5.630275e-04 -6.102201e-04  1.586260e-05  1.021974e+02  1.000000e+00  2.567801e+02  3.322448e+00  4.869316e+01  2.554117e+02
3  5.188405e-01  1.733899e-01  2.607526e+00  1.410911e+00  1.920326e-01  4.452980e+00 6 3 -1.000000e+00
-6.765659e-01 -1.675000e-01 -1.081544e+00  1.244818e+02  5.000000e-01  9.152238e-01 -7.445010e-01 -6.144180e-01  3.605614e-01
 1.930900e+00 -1.498391e-01  5.632085e+00  0.000000e+00  0.000000e+00  4.601421e-01 -3.140655e-01 -1.235122e-01  4.895047e-02
-4.375972e-02 -6.469314e-03  1.260573e-02  1.383699e+02  1.000000e+00  1.041598e+01 -3.049879e+00  1.728305e-01  9.403341e+00
