# num_image x_src y_src, sep, ein, fr, zs, fs, flag_out, frac_sh_trunc
# x_img, y_img, mag, delay, n_i, kappa, gamma1, gamma2, kappa*
# zmin, zmax, log10Mhmin, log10Mhmax, log10mshmin, log10mshmax, n_bins: 0.10, 3.00, 10.00, 16.00, 9.00, 16.00, 100
1  8.186212e-01 -1.785511e+00  0.000000e+00  1.177328e+00  0.000000e+00  2.062670e+00 0 2 -1.000000e+00
 2.699593e+00 -2.822879e+00  3.678885e+00  0.000000e+00  0.000000e+00  4.266885e-01  1.002568e-01  2.163636e-01  7.904772e-03
2 -3.258713e-01 -1.036479e-02  1.008315e+00  3.864849e-01  1.372445e-01  7.633610e+00 6 1 -1.000000e+00
-7.515733e-01 -1.193217e-01  2.647505e+00  0.000000e+00  0.000000e+00  3.023857e-01 -3.263093e-01 -4.973712e-02  1.741817e-03
 2.494085e-01  2.068177e-03 -3.633554e-01  1.327088e+02  5.000000e-01  5.868299e-01 -1.709072e+00  4.369129e-02  4.227765e-02
1  1.030985e+01  6.147612e+00  0.000000e+00  5.666394e+00  0.000000e+00  8.070770e+00 0 2 -1.000000e+00
 1.619817e+01  7.192878e+00  3.701628e+00  0.000000e+00  0.000000e+00  4.054392e-01 -1.211214e-01 -2.620702e-01  1.221606e-03
3 -7.122968e-01  5.187085e-01  2.142009e+00  8.848268e-01  1.360444e-01  7.170430e+00 6 1 -1.000000e+00
-1.623272e+00  7.430312e-01  1.547738e+00  0.000000e+00  0.000000e+00  1.760580e-01 -3.882045e-03  1.810001e-01  1.468201e-02
 2.834394e-01 -2.330078e-01 -2.105611e-01  9.147644e+01  5.000000e-01  1.114638e+00 -3.396027e-01  2.155697e+00  7.896644e-01
 1.681433e-02 -1.291396e-02  1.168638e-03  9.696748e+01  1.000000e+00  3.191984e+01 -2.083315e+00  9.797942e+00  3.125860e+01
5  9.183246e-02  1.188356e-01  2.043378e+00  8.770526e-01  1.000000e+00  5.150890e+00 6 3 -1.000000e+00
-3.468358e-01 -6.617996e-01 -1.837821e+00  9.847574e+01  5.000000e-01  7.454661e-01  4.749365e-01 -6.191491e-01  6.859401e-02
 1.276969e+00  7.797984e-02  5.698293e+00  0.000000e+00  0.000000e+00  5.286558e-01 -2.014394e-01 -7.807903e-02  4.262789e-03
-5.063970e-03  1.041518e+00 -1.264906e+01  2.926123e+01  5.000000e-01  5.973541e-01  4.898931e-01 -3.443395e-02  1.756445e-02
-5.779670e-01  9.350705e-01  1.329692e+01  2.778890e+01  0.000000e+00  5.522620e-01  2.363915e-01  2.634066e-01  6.962983e-03
-2.694496e-04 -4.134926e-04  8.485437e-06  2.239071e+02  1.000000e+00  3.675547e+02  6.869930e+01 -1.085991e+02  3.651223e+02
3 -5.995847e-01  2.607066e-02  1.579107e+00  6.098503e-01  2.304415e-01  4.751360e+00 6 1 -1.000000e+00
-1.278219e+00  3.118388e-02  1.625267e+00  0.000000e+00  0.000000e+00  1.812925e-01 -2.339456e-01  1.636615e-02  1.051156e-02
 3.003382e-01 -1.048199e-02 -3.745290e-01  6.243552e+01  5.000000e-01  8.691979e-01 -1.630070e+00  1.732108e-01  4.342383e-01
 1.277088e-02 -3.384283e-05  1.050836e-03  6.715708e+01  1.000000e+00  3.265624e+01 -7.055257e+00 -8.468503e-01  3.154701e+01
1  3.284711e+00 -4.943650e-01  0.000000e+00  3.042913e+00  0.000000e+00  3.717200e+00 0 2 -1.000000e+00
 7.696271e+00  2.529785e+00  3.046531e+00  0.000000e+00  0.000000e+00  4.009406e-01 -1.697601e-01  4.256059e-02  7.863163e-04
3 -9.271359e-01  3.303219e-01  6.808019e-01  3.165122e-01  5.292071e-01  6.625650e+00 6 1  2.959120e-01
-4.927362e-01  2.244079e-02  2.753799e+00  0.000000e+00  0.000000e+00  3.427439e-01 -2.614199e-01  2.259605e-02  1.607660e-02
 1.879074e-01  3.711971e-02 -1.457330e+00  1.323487e+01  5.000000e-01  8.480318e-01 -7.862140e-01 -3.019076e-01  2.000072e-01
 6.831003e-03  1.263315e-03  4.382104e-03  1.512125e+01  1.000000e+00  1.683197e+01 -3.739222e+00 -2.910095e+00  1.476220e+01
5  5.861661e-03  3.189209e-02  1.001096e+00  4.841659e-01  1.000000e+00  4.988790e+00 6 1 -1.000000e+00
-2.635561e-01 -2.729379e-01 -1.419689e+00  9.168112e+00  5.000000e-01  5.915364e-01  9.145180e-02 -9.289019e-01  3.327758e-01
 3.899567e-01 -2.983194e-01  2.855447e+00  2.866735e+00  0.000000e+00  2.931590e-01 -8.542519e-02  3.769866e-01  1.179045e-01
 3.505658e-01  2.348758e-01 -2.032045e+00  6.163090e+00  5.000000e-01  5.342463e-01 -2.417600e-01 -8.065940e-01  2.933478e-01
-3.070458e-01  4.202764e-01  2.425616e+00  0.000000e+00  0.000000e+00  2.642035e-01  1.655590e-01  3.189361e-01  9.265515e-02
-3.329202e-04 -9.302934e-04  1.215164e-03  2.081657e+01  1.000000e+00  3.019431e+01 -3.099240e-02 -5.419701e+00  2.936058e+01
3 -1.377182e-01 -2.929155e-01  8.545616e-01  4.929692e-01  1.510530e-01  6.324530e+00 6 1 -1.000000e+00
-1.808232e-01 -6.929171e-01  1.724553e+00  0.000000e+00  0.000000e+00  2.165417e-01  1.312003e-01 -1.293560e-01  3.194932e-03
 8.935480e-02  1.178106e-01 -2.604990e-01  6.615796e+01  5.000000e-01  9.126918e-01  6.640274e-01 -1.845393e+00  3.381382e-01
 2.024398e-03  2.495590e-03  2.031432e-04  7.239699e+01  1.000000e+00  7.426633e+01 -9.326447e+00 -1.892974e+01  7.276997e+01
3  1.650812e+00 -1.458525e+00  2.605752e+00  1.284578e+00  1.227181e-01  3.229950e+00 6 1  3.052901e-01
 4.746920e-01  2.051007e+00  2.815797e+00  0.000000e+00  0.000000e+00  3.398702e-01  2.839444e-01 -2.769071e-03  4.332673e-03
 1.460520e-01 -5.339375e-01 -3.455491e-01  9.240503e+01  5.000000e-01  1.024164e+00  1.443896e+00  8.998288e-01  2.192812e-01
 1.481743e-03 -5.786728e-03  8.550894e-05  1.073921e+02  1.000000e+00  1.127933e+02  2.040840e+01  1.966101e+01  1.099796e+02
1 -1.882172e-01 -2.181898e-01  0.000000e+00  1.392811e-01  0.000000e+00  3.100990e+00 0 2  2.893609e-01
-1.719249e-01  2.695981e-01  3.380660e+00  0.000000e+00  0.000000e+00  4.373744e-01  1.066022e-01  9.686760e-02  8.986981e-03
3 -3.183200e-01 -1.628824e-01  1.144917e+00  3.776345e-01  2.024654e-01  5.369740e+00 6 1 -1.000000e+00
-8.859933e-01 -4.366092e-01  1.639962e+00  0.000000e+00  0.000000e+00  2.129027e-01  6.730715e-02  7.226134e-02  1.856714e-03
 1.441395e-01  6.305201e-02 -3.320355e-01  1.945536e+02  5.000000e-01  8.282341e-01 -1.089026e+00 -1.362076e+00  3.051451e-01
 2.552122e-03  9.041621e-04  1.113320e-04  2.107505e+02  1.000000e+00  9.833486e+01 -2.157370e+01 -5.148122e+00  9.707052e+01
3 -1.626543e-01  4.132005e-02  4.295343e-01  2.225923e-01  1.003394e-01  7.238690e+00 6 1 -1.000000e+00
-3.369581e-01  4.862008e-02  2.567827e+00  0.000000e+00  0.000000e+00  2.719131e-01 -3.277272e-01  1.824040e-01  2.884768e-02
 8.743356e-02 -1.764828e-02 -2.576543e-01  8.841166e+00  5.000000e-01  1.124490e+00 -1.757062e+00  8.996672e-01  7.204673e-01
 5.020304e-03 -8.417315e-04  1.703804e-03  9.529456e+00  1.000000e+00  2.681191e+01 -8.746771e+00  1.681246e+00  2.604882e+01
3 -1.332087e-01  1.512347e-01  1.095556e+00  7.179076e-01  4.835108e-01  4.137340e+00 6 3 -1.000000e+00
 3.081723e-01 -2.600709e-01 -1.576262e+00  3.214613e+01  5.000000e-01  4.093852e-01  5.035794e-02  9.903041e-01  1.076569e-01
-4.956656e-01  4.843004e-01  3.260035e+00  0.000000e+00  0.000000e+00  2.537684e-01  1.006135e-01  4.898912e-01  2.362468e-02
 1.980019e-03 -1.144021e-03  2.415949e-04  5.328735e+01  1.000000e+00  6.871091e+01 -2.091714e+01 -2.842829e+00  6.769737e+01
3  5.088723e-02 -1.300454e-02  3.790524e-01  1.700277e-01  9.980322e-01  9.385310e+00 6 1 -1.000000e+00
 2.587616e-01  7.779581e-03  2.387445e+00  0.000000e+00  0.000000e+00  3.039550e-01 -2.383316e-01  9.390882e-02  3.159991e-02
-1.129436e-01  8.204896e-02 -2.392153e+00  6.447251e+00  5.000000e-01  4.583587e-01 -1.202964e-01  8.348279e-01  1.125506e-01
-8.639825e-04  8.698384e-05  4.783029e-04  1.062031e+01  1.000000e+00  4.727818e+01 -4.581099e+00 -5.473414e+00  4.625896e+01
3  3.616386e-03  1.572036e-01  9.676217e-01  5.173471e-01  3.341266e-01  3.280620e+00 6 3 -1.000000e+00
 7.655415e-02  6.212612e-01  2.158025e+00  0.000000e+00  0.000000e+00  2.571982e-01  2.950714e-01  3.606510e-02  3.097632e-02
-1.974997e-01 -3.067400e-01 -6.458705e+00  1.590481e+01  5.000000e-01  5.174710e-01  4.162817e-01 -4.630050e-01  2.517210e-01
-3.213346e-03 -6.710417e-03  4.475835e-03  2.152543e+01  1.000000e+00  1.734120e+01 -1.873178e+00 -6.332783e+00  1.659312e+01
3 -8.049297e-02 -1.082689e-01  4.300173e-01  1.814270e-01  5.563675e-01  4.602290e+00 6 1 -1.000000e+00
-2.591397e-01 -2.571474e-01  1.941336e+00  0.000000e+00  0.000000e+00  2.590024e-01  1.510222e-02 -1.836848e-01  3.856511e-02
 2.851331e-02  6.249399e-02 -1.080096e+00  1.162562e+01  5.000000e-01  1.584262e+00  7.670582e-01 -8.239099e-01  1.153584e+00
 1.368834e-02  2.749799e-02  2.816151e-01  1.165774e+01  1.000000e+00  3.393892e+00  1.062260e+00 -1.025368e+00  2.865112e+00
3 -4.678882e-01 -4.623213e-01  2.158563e+00  1.090776e+00  1.623318e-01  6.553260e+00 6 1 -1.000000e+00
-1.439032e+00 -1.159850e+00  2.489761e+00  0.000000e+00  0.000000e+00  3.557883e-01  3.442342e-02 -1.103571e-01  4.974621e-03
 2.461314e-01  1.890810e-01 -4.041674e-01  2.350013e+02  5.000000e-01  1.241102e+00 -1.335878e-01 -1.585720e+00  4.963662e-01
 2.016103e-02  1.246677e-02  3.036959e-03  2.431677e+02  1.000000e+00  2.082789e+01 -5.486537e+00 -5.810884e+00  1.949208e+01
2 -3.562061e-01  6.150204e-01  1.798044e+00  7.894149e-01  4.538830e-02  5.779000e+00 6 2 -1.000000e+00
-6.945938e-01  1.213451e+00  3.534859e+00  0.000000e+00  0.000000e+00  3.244450e-01  2.056640e-01  3.621881e-01  4.909692e-03
 2.096817e-01 -3.406562e-01 -1.604412e-01  1.906801e+02  5.000000e-01  8.413381e-01  1.245683e+00  2.169391e+00  1.952332e-01
3 -1.154953e+00  1.076012e-01  1.547903e+00  7.298532e-01  1.629385e-01  6.644930e+00 6 1  2.902869e-01
-3.224203e-01  1.404943e+00  2.378923e+00  0.000000e+00  0.000000e+00  3.363844e-01  6.425289e-02 -1.260908e-01  5.259087e-04
-1.226875e-01 -1.300197e-01 -3.876182e-01  1.116593e+02  5.000000e-01  1.575219e+00  3.981048e-01 -1.658990e+00  4.411316e-01
-1.609712e-02 -1.526738e-02  9.498093e-03  1.132374e+02  1.000000e+00  1.337037e+01 -3.141431e+00 -6.154128e+00  1.136250e+01
3  2.918425e-02 -1.993384e-01  1.110703e+00  4.667156e-01  1.222781e-01  5.504580e+00 6 3 -1.000000e+00
-7.708415e-02 -7.281362e-01  6.293191e+00  0.000000e+00  0.000000e+00  3.901909e-01  4.510951e-01 -9.735726e-02  3.227748e-02
-8.036322e-02  3.825624e-01 -7.695193e-01  4.466438e+01  5.000000e-01  7.687687e-01  1.068169e+00  4.604298e-01  2.210088e-01
-4.168458e-04  2.092135e-03  1.008429e-04  6.971688e+01  1.000000e+00  1.086661e+02  3.640753e+01  1.870991e+01  1.065213e+02
3 -8.901726e-01  1.019665e+00  1.432855e+00  5.771505e-01  1.556508e-01  5.364540e+00 6 1  3.045814e-01
-1.021891e+00  6.644023e-01  1.485803e+00  0.000000e+00  0.000000e+00  1.729117e-01 -4.195639e-02  9.632275e-02  3.137399e-03
 1.840337e-01 -1.094332e-01 -2.312664e-01  4.397052e+01  5.000000e-01  1.100491e+00 -9.579233e-01  1.848377e+00  3.641574e-01
 4.374927e-03 -2.483753e-03  1.644634e-04  4.709936e+01  1.000000e+00  8.132266e+01 -1.215178e+01  1.495609e+01  7.879477e+01
3 -2.749988e-01 -2.760469e-02  9.258534e-01  3.899450e-01  2.515046e-01  3.742470e+00 6 1 -1.000000e+00
-6.504897e-01  4.845488e-03  2.184864e+00  0.000000e+00  0.000000e+00  2.041892e-01 -4.103896e-01 -8.485766e-02  2.016173e-02
 2.753461e-01  1.056390e-02 -5.495033e-01  2.955039e+01  5.000000e-01  4.479951e-01 -1.424585e+00 -3.083710e-01  1.911822e-01
 2.282930e-03 -2.239489e-04  1.306678e-04  4.040326e+01  1.000000e+00  9.030179e+01 -5.865955e+00  1.695295e+01  8.962356e+01
3  1.149495e+00  4.185213e-01  2.062741e+00  1.037592e+00  2.670344e-01  2.671760e+00 6 1  2.858284e-01
 4.051805e-01 -3.838556e-01 -7.423229e-01  1.469893e+02  5.000000e-01  8.461533e-01 -1.332511e-01  1.163201e+00  4.771073e-02
-6.386032e-01  1.395306e+00  2.779878e+00  0.000000e+00  0.000000e+00  3.021011e-01  1.969077e-01  2.975941e-01  3.085435e-03
 7.950777e-04 -1.150897e-03  1.154420e-05  1.917401e+02  1.000000e+00  2.978115e+02  2.870839e+01  2.548126e+01  2.926645e+02
1 -1.941212e+00 -3.948476e+00  0.000000e+00  9.696855e-01  0.000000e+00  3.602120e+00 0 2  2.974276e-01
-2.565929e+00 -2.700111e+00  3.476347e+00  0.000000e+00  0.000000e+00  3.773004e-01  2.826781e-01 -1.420902e-01  3.912574e-04
3 -2.072391e-01 -5.195333e-01  9.602651e-01  4.341550e-01  2.329090e-01  7.118030e+00 6 1  2.750806e-01
 4.488726e-02 -7.810623e-01  2.392859e+00  0.000000e+00  0.000000e+00  2.997034e-01  2.692244e-01  4.836888e-03  9.369873e-03
-7.517435e-03  1.777718e-01 -5.573184e-01  6.748154e+01  5.000000e-01  1.418827e+00  1.401018e+00  8.289327e-02  3.772884e-01
-9.219401e-04  1.716761e-02  7.702260e-03  6.970264e+01  1.000000e+00  1.389017e+01  5.971001e+00  8.195599e-01  1.113945e+01
1 -1.727766e+00 -1.238219e+00  0.000000e+00  9.300317e-01  0.000000e+00  8.239850e+00 0 2 -1.000000e+00
-1.892442e+00 -2.404532e+00  3.540807e+00  0.000000e+00  0.000000e+00  3.563265e-01 -9.184324e-02 -3.513672e-01  8.284814e-05
3 -4.176496e-01 -1.721593e-01  8.972857e-01  3.837397e-01  7.913749e-01  2.942410e+00 6 1  2.966612e-01
-9.435405e-02 -2.489233e-01 -1.906727e+00  1.135258e+01  5.000000e-01  8.404460e-01  5.721489e-01 -4.717646e-01  4.528613e-01
 2.798474e-01  5.666102e-01  2.409386e+00  0.000000e+00  0.000000e+00  3.120781e-01  1.551755e-01 -1.846984e-01  7.561506e-02
-7.881638e-03 -1.895048e-02  2.377810e-02  1.261965e+01  1.000000e+00  7.960818e+00  1.828748e+00 -1.747326e+00  7.068628e+00
1  1.272229e-01 -1.435717e-01  0.000000e+00  2.920456e-02  0.000000e+00  5.345160e+00 0 2  2.866917e-01
 6.306449e-02 -2.675335e-02  3.524340e+00  0.000000e+00  0.000000e+00  4.086799e-01 -2.131659e-01  1.431040e-01  2.490305e-03
3 -2.942384e-01 -1.611415e-02  1.229694e+00  5.473892e-01  4.230617e-01  6.594830e+00 6 1 -1.000000e+00
-9.439654e-01 -2.775048e-01  1.613621e+00  0.000000e+00  0.000000e+00  2.118480e-01 -3.816405e-02  1.653914e-03  2.334047e-02
 2.693438e-01 -7.743353e-02 -6.826610e-01  4.340767e+01  5.000000e-01  1.072783e+00 -9.158622e-01  7.945751e-01  6.644066e-01
 2.182826e-02 -2.287181e-03  9.064129e-03  4.630109e+01  1.000000e+00  1.268236e+01 -4.654369e+00  2.118790e+00  1.185448e+01
3  4.918403e-01 -1.808110e-02  1.157664e+00  4.907400e-01  1.163977e-01  2.217140e+00 6 1 -1.000000e+00
 9.030235e-01  5.621236e-02  1.977774e+00  0.000000e+00  0.000000e+00  1.961697e-01 -3.728936e-01  3.840033e-02  1.758184e-02
-2.526843e-01 -1.106277e-02 -2.302083e-01  8.875332e+01  5.000000e-01  7.464818e-01 -2.096913e+00  1.054503e-01  4.683236e-01
-6.448757e-03 -9.226813e-04  3.367632e-04  1.008775e+02  1.000000e+00  5.741466e+01 -1.003724e+01 -1.060292e+01  5.684608e+01
3 -1.490555e-01 -1.167557e-03  1.027484e+00  4.964388e-01  4.574338e-01  5.335660e+00 6 3 -1.000000e+00
-6.339376e-01  4.382238e-02  3.835186e+00  0.000000e+00  0.000000e+00  3.307664e-01 -4.323464e-01  1.437560e-02  1.846009e-02
 3.925996e-01 -2.811948e-04 -1.754344e+00  4.679330e+01  5.000000e-01  4.717755e-01 -9.194205e-01 -6.083444e-02  6.806042e-02
 4.491300e-04 -3.992221e-05  1.245209e-05  1.007656e+02  1.000000e+00  2.873382e+02 -2.844611e+01  2.953929e+01  2.854909e+02
3 -2.778706e-01  1.621131e-02  8.131163e-01  2.808632e-01  1.373405e-01  4.149770e+00 6 1 -1.000000e+00
 1.471998e-01 -2.686480e-02 -3.170725e-01  2.262940e+02  5.000000e-01  8.715900e-01 -1.779651e+00  5.642727e-02  4.346023e-01
-6.028235e-01  2.871784e-01  2.308660e+00  0.000000e+00  0.000000e+00  3.033534e-01 -2.275101e-01 -2.010096e-02  1.576963e-02
 6.467399e-03 -2.718947e-03  1.208454e-03  2.450776e+02  1.000000e+00  3.260906e+01 -3.499703e+00  1.262463e+01  3.187481e+01
3 -2.767213e-02  5.177088e-01  2.074893e+00  8.553254e-01  8.714521e-01  7.470670e+00 6 1 -1.000000e+00
-3.837865e-02 -5.185500e-01 -1.382219e+00  6.023341e+01  5.000000e-01  6.391498e-01  9.166931e-01 -1.155911e-01  2.911440e-01
-9.649845e-02  1.555529e+00  1.586110e+00  0.000000e+00  0.000000e+00  2.027453e-01  6.789222e-02  2.307093e-02  1.711847e-02
-7.184582e-04 -1.520807e-02  1.622635e-03  6.901539e+01  1.000000e+00  2.657795e+01  5.666624e+00 -2.416504e+00  2.565622e+01
1 -3.510840e-01 -5.474051e-02  0.000000e+00  5.004181e-01  0.000000e+00  3.103910e+00 0 2 -1.000000e+00
-8.206048e-01  2.854155e-02  4.013578e+00  0.000000e+00  0.000000e+00  3.894171e-01 -3.515374e-01 -8.866986e-03  5.470253e-02
2  8.080896e-01 -1.000979e-01  3.203208e+00  1.416103e+00  2.026731e-01  8.784510e+00 6 1 -1.000000e+00
 2.445833e+00 -7.909383e-01  2.637480e+00  0.000000e+00  0.000000e+00  3.704011e-01 -1.164183e-01  6.075988e-02  1.434454e-03
-6.651007e-01 -2.763652e-02 -5.345463e-01  4.181379e+02  5.000000e-01  8.575802e-01 -1.368794e+00 -1.320334e-01  1.032311e-01
3 -6.515050e-01  8.579444e-01  1.758224e+00  8.772026e-01  3.554950e-01  5.773120e+00 6 3  2.733620e-01
 4.021712e-01 -5.568365e-01 -2.746069e+00  1.108121e+02  5.000000e-01  6.144240e-01  1.799874e-01  6.931308e-01  1.602545e-02
-8.787133e-01  6.476084e-01  7.724635e+00  0.000000e+00  0.000000e+00  4.049952e-01 -1.108278e-01  4.607516e-01  2.930615e-03
 2.370196e-04 -4.091390e-04  6.081111e-06  2.130205e+02  1.000000e+00  4.211977e+02  1.055756e+02  3.124596e+01  4.150278e+02
1  2.141471e+00 -1.500526e+00  0.000000e+00  1.783068e+00  0.000000e+00  7.714290e+00 0 2 -1.000000e+00
 3.554369e+00 -2.777207e+00  3.041066e+00  0.000000e+00  0.000000e+00  3.637969e-01 -5.409101e-02  2.701785e-01  4.088873e-04
1  2.946546e-01  1.014232e-01  0.000000e+00  9.388764e-02  0.000000e+00  8.357610e+00 0 2  3.091274e-01
 3.498003e-02 -2.748768e-01  3.320841e+00  0.000000e+00  0.000000e+00  3.553255e-01  3.372565e-01 -2.710531e-02  1.153476e-03
3 -3.675212e-01  1.956129e-02  9.411753e-01  4.101209e-01  1.128482e-01  6.134850e+00 6 1 -1.000000e+00
-7.312704e-01 -1.151411e-01  1.808185e+00  0.000000e+00  0.000000e+00  2.035133e-01 -2.836099e-01 -3.026011e-02  6.070954e-03
 2.077551e-01 -5.156272e-02 -2.040503e-01  6.954321e+01  5.000000e-01  7.664597e-01 -2.057657e+00  8.493180e-01  3.785373e-01
 1.609296e-03 -5.192388e-04  2.327798e-05  8.589578e+01  1.000000e+00  2.284352e+02 -4.942859e+01  7.952683e+01  2.273293e+02
3 -3.992035e-01  3.811835e-01  2.867926e+00  1.640875e+00  1.470656e-01  3.368660e+00 6 3 -1.000000e+00
 7.232640e-01 -5.766960e-01 -6.367193e-01  1.644899e+02  5.000000e-01  1.028225e+00 -2.777957e-01  1.222365e+00  4.124204e-01
-3.371543e-01  2.087982e+00  4.329492e+00  0.000000e+00  0.000000e+00  4.290451e-01  2.633113e-01  1.602579e-01  2.321302e-02
 1.539777e-02 -1.275284e-02  1.278826e-03  2.071085e+02  1.000000e+00  3.213201e+01 -3.699018e+00  1.317391e+01  3.071762e+01
1 -6.844404e-01  1.223600e+00  0.000000e+00  1.901899e+00  0.000000e+00  6.197840e+00 0 2 -1.000000e+00
-2.496443e+00  3.118146e+00  3.183103e+00  0.000000e+00  0.000000e+00  4.108330e-01  1.382181e-01  1.177059e-01  7.460578e-03
3 -4.239301e-01  7.583460e-02  1.481647e+00  6.878003e-01  2.087385e-01  3.111090e+00 6 1 -1.000000e+00
-1.148195e+00 -8.727318e-02  1.807767e+00  0.000000e+00  0.000000e+00  2.344849e-01 -1.812293e-01 -9.141737e-04  6.494478e-03
 3.328508e-01 -1.294889e-01 -3.773506e-01  1.606345e+02  5.000000e-01  8.440704e-01 -1.135526e+00  1.176839e+00  2.487350e-01
 1.937098e-03 -5.624078e-04  2.430305e-05  2.028189e+02  1.000000e+00  2.161756e+02 -5.137109e+01  5.014407e+01  2.139343e+02
3  2.169957e-01  3.043287e-02  5.780095e-01  2.537055e-01  1.890163e-01  6.583540e+00 6 1 -1.000000e+00
 4.544805e-01  2.666055e-02  1.912387e+00  0.000000e+00  0.000000e+00  2.103612e-01 -3.092008e-01 -7.083458e-02  2.905692e-02
-1.216061e-01 -2.044819e-02 -3.614722e-01  2.838306e+01  5.000000e-01  9.402789e-01 -1.558952e+00 -5.828374e-01  6.475304e-01
-8.116609e-03 -1.124482e-03  3.191254e-03  3.043031e+01  1.000000e+00  1.936168e+01 -4.691288e+00 -1.336622e+00  1.883737e+01
2 -5.840898e-01  1.846580e-01  1.499684e+00  4.175507e-01  1.022561e-01  4.649070e+00 6 1 -1.000000e+00
-1.161758e+00  4.739360e-01  1.480110e+00  0.000000e+00  0.000000e+00  1.755754e-01 -5.942542e-02 -2.278410e-02  8.108537e-04
 2.311303e-01 -8.186582e-02 -1.513502e-01  2.795021e+02  5.000000e-01  4.789221e-01 -2.179654e+00  1.458706e+00  9.070309e-02
3  1.405510e-01  4.440481e-01  1.406146e+00  6.929120e-01  1.640570e-01  4.858410e+00 6 1 -1.000000e+00
-1.838483e-01  1.097799e+00  1.811622e+00  0.000000e+00  0.000000e+00  2.077857e-01  2.601040e-01 -8.920691e-02  2.309880e-02
-1.471267e-01 -3.078676e-01 -2.972093e-01  4.149203e+01  5.000000e-01  8.274617e-01  1.059244e+00 -1.507449e+00  4.715214e-01
-2.885852e-03 -8.266824e-03  6.143945e-04  4.816074e+01  1.000000e+00  4.243367e+01  6.745581e+00 -6.605107e+00  4.159047e+01
3 -1.250755e-01  1.047002e-01  1.195543e+00  6.159509e-01  4.793846e-01  4.174140e+00 6 1 -1.000000e+00
 2.753722e-01 -3.750086e-01 -1.436832e+00  1.534708e+01  5.000000e-01  5.616766e-01  3.681644e-01  8.675009e-01  1.778070e-01
-7.651704e-01  2.137141e-01  2.997244e+00  0.000000e+00  0.000000e+00  3.191621e-01 -2.698888e-01  2.388732e-01  4.718216e-02
 2.261589e-03 -1.880532e-03  4.431487e-04  2.599358e+01  1.000000e+00  4.921948e+01 -1.597870e+00  8.123182e+00  4.787111e+01
3  4.561935e-02 -1.353591e-01  5.606402e-01  3.431836e-01  1.868982e-01  7.213620e+00 6 3 -1.000000e+00
 1.143849e-02 -3.836238e-01  3.604476e+00  0.000000e+00  0.000000e+00  2.538748e-01  4.994377e-01  1.727194e-01  1.184052e-02
-6.852196e-02  1.712851e-01 -6.736699e-01  1.938616e+01  5.000000e-01  4.244275e-01  9.292131e-01  9.758346e-01  7.312855e-02
-1.219248e-04  6.686669e-04  6.575468e-05  3.014204e+01  1.000000e+00  1.280168e+02 -1.302223e+01 -2.748901e+01  1.269072e+02
3 -4.273769e-01  6.920382e-01  1.346060e+00  6.489792e-01  3.003862e-01  9.360320e+00 6 1  2.821451e-01
-1.017789e+00 -2.117313e-01  2.998600e+00  0.000000e+00  0.000000e+00  3.760603e-01 -1.763666e-01 -1.571834e-01  5.725972e-03
 3.111577e-01  2.228884e-03 -9.007379e-01  7.139751e+01  5.000000e-01  1.034336e+00 -1.050833e+00 -8.444342e-02  1.899746e-01
 8.491334e-03 -3.297360e-04  1.111597e-03  7.917055e+01  1.000000e+00  3.383362e+01 -1.222375e+01  5.386981e+00  3.114357e+01
3 -9.626116e-02 -2.897491e-01  9.748330e-01  4.765127e-01  9.587738e-02  8.732220e+00 6 2 -1.000000e+00
-2.772342e-01 -6.540121e-01  3.514221e+00  0.000000e+00  0.000000e+00  3.203397e-01  3.373945e-01 -2.520813e-01  1.018626e-02
 9.315363e-02  2.477152e-01 -3.369343e-01  8.765180e+01  5.000000e-01  6.566862e-01  1.391553e+00 -1.072093e+00  1.595322e-01
 2.381733e-04  5.088568e-04  3.817430e-06  1.285573e+02  1.000000e+00  5.326618e+02  5.281133e+01 -1.338617e+02  5.309062e+02
3  4.391570e-01  3.491254e-01  2.048862e+00  8.793235e-01  2.781816e-01  6.203830e+00 6 1 -1.000000e+00
 1.139572e+00  1.136761e+00  2.283864e+00  0.000000e+00  0.000000e+00  3.270602e-01 -2.333987e-02 -1.202031e-01  5.552585e-03
-3.791816e-01 -2.384569e-01 -6.353290e-01  2.860095e+02  5.000000e-01  7.018220e-01 -5.916169e-01 -1.145813e+00  1.908375e-01
-3.905702e-03 -2.780621e-03  1.376446e-04  3.394842e+02  1.000000e+00  8.704572e+01 -7.258527e+00 -9.278629e+00  8.587780e+01
3  3.041065e-01 -4.899102e-02  7.885571e-01  3.142475e-01  1.159763e-01  7.185970e+00 6 1 -1.000000e+00
 6.278674e-01 -2.467783e-01  1.531806e+00  0.000000e+00  0.000000e+00  1.847732e-01 -1.084829e-01  1.369415e-03  3.695487e-03
-1.230344e-01 -6.011216e-03 -1.776531e-01  9.418760e+01  5.000000e-01  1.096208e+00 -2.371283e+00 -1.233622e-01  6.069939e-01
-3.289014e-03 -1.861710e-04  1.794060e-04  1.017331e+02  1.000000e+00  8.178542e+01 -2.763651e+01 -1.373160e+01  8.061351e+01
1 -1.868147e+00 -8.672942e-01  0.000000e+00  1.856309e+00  0.000000e+00  4.457290e+00 0 2  2.911444e-01
 3.411403e+00  3.120642e-01  5.844636e+00  0.000000e+00  0.000000e+00  3.839755e-01 -4.511101e-01 -6.992023e-02  2.394167e-03
1  6.904371e-01 -2.988734e-01  0.000000e+00  1.632151e-01  0.000000e+00  3.345880e+00 0 2  2.955651e-01
 3.178085e-01 -3.790851e-01  3.238586e+00  0.000000e+00  0.000000e+00  4.022132e-01  5.567433e-03  2.203210e-01  2.660665e-02
3 -9.434789e-02 -8.723700e-02  8.013028e-01  4.138244e-01  7.126498e-01  3.790280e+00 6 1 -1.000000e+00
-4.192571e-01 -2.738113e-01  2.516315e+00  0.000000e+00  0.000000e+00  2.186741e-01 -1.131813e-01 -4.474970e-01  6.236738e-02
 2.043964e-01  2.293214e-01 -1.793251e+00  7.709343e+00  5.000000e-01  3.841790e-01  1.945745e-01 -9.481681e-01  1.972462e-01
 1.537731e-03  1.276364e-03  3.782471e-04  1.343170e+01  1.000000e+00  5.277602e+01 -3.387493e+00 -5.050424e+00  5.223411e+01
3  1.922352e-01 -5.476793e-02  4.993705e-01  2.086920e-01  1.116987e-01  5.529170e+00 6 1 -1.000000e+00
 3.953776e-01 -1.435808e-01  2.404595e+00  0.000000e+00  0.000000e+00  2.947027e-01 -2.500683e-01  1.379845e-01  1.072702e-02
-7.559742e-02  2.241139e-02 -2.685902e-01  2.495278e+01  5.000000e-01  1.264031e+00 -1.652809e+00  1.030087e+00  6.673347e-01
-6.885395e-03  2.085941e-03  3.796447e-03  2.582310e+01  1.000000e+00  1.791664e+01 -3.865266e+00  2.797935e+00  1.684711e+01
3 -5.298376e-02 -1.653263e-01  4.646281e-01  2.182193e-01  1.025893e-01  7.737260e+00 6 1 -1.000000e+00
-7.664904e-02 -3.438335e-01  2.318199e+00  0.000000e+00  0.000000e+00  2.484672e-01  3.178683e-01 -1.799776e-01  1.134848e-02
 4.341405e-02  1.050140e-01 -2.378224e-01  3.586423e+01  5.000000e-01  6.813915e-01  1.557692e+00 -1.371104e+00  3.079510e-01
 2.878968e-04  5.890843e-04  1.694653e-05  4.657848e+01  1.000000e+00  2.566555e+02  2.658697e+01 -7.512460e+01  2.556419e+02
3  5.869820e-01 -3.457111e-01  2.945262e+00  1.472874e+00  4.116664e-01  6.898370e+00 6 1 -1.000000e+00
 1.753289e+00 -1.530839e+00  2.519274e+00  0.000000e+00  0.000000e+00  3.424343e-01 -5.800925e-02  1.791307e-01  1.024650e-03
-6.337741e-01  1.944143e-01 -1.037101e+00  4.310818e+02  5.000000e-01  8.540053e-01 -8.483830e-01  5.155457e-01  6.341546e-02
-1.699452e-03  5.293753e-04  9.766294e-06  5.275866e+02  1.000000e+00  3.345090e+02 -9.374546e+01 -6.857855e+00  3.314169e+02
3 -1.451654e-01  7.357547e-02  8.745413e-01  5.030547e-01  3.372536e-01  4.307080e+00 6 1 -1.000000e+00
 3.122855e-01 -8.948640e-02 -9.705263e-01  4.361674e+01  5.000000e-01  4.568518e-01 -9.803019e-01  6.036448e-01  9.708629e-02
-4.189894e-01  3.901589e-01  2.877734e+00  0.000000e+00  0.000000e+00  2.582613e-01 -8.863360e-02  4.413896e-01  1.377114e-02
 2.728616e-04 -1.055890e-04  3.471147e-06  8.920465e+01  1.000000e+00  5.536252e+02 -1.205310e+02  5.270436e+01  5.518855e+02
3  1.407881e-01 -7.382957e-02  1.330823e+00  6.215001e-01  8.366736e-01  7.227690e+00 6 1 -1.000000e+00
 8.492562e-01 -2.764604e-01  2.137267e+00  0.000000e+00  0.000000e+00  2.831205e-01 -1.916106e-01  9.650992e-02  1.320744e-02
-2.627533e-01  4.546519e-01 -1.788195e+00  6.956837e+01  5.000000e-01  5.172502e-01  5.853915e-01  6.705128e-01  5.765335e-02
-2.657942e-04  1.491625e-04  3.891064e-06  1.608383e+02  1.000000e+00  5.190769e+02 -4.540543e+01  9.665846e+01  5.170868e+02
2  6.979318e-01  3.816622e-02  2.534787e+00  1.417704e+00  1.158066e-01  9.883430e+00 6 3  2.738341e-01
 4.437400e-01 -1.761766e-01 -4.885168e-01  5.438927e+02  5.000000e-01  1.479873e+00 -1.150984e+00  9.759746e-01  3.081967e-02
-1.938396e+00  6.901806e-01  4.218384e+00  0.000000e+00  0.000000e+00  3.527447e-01 -3.757036e-01  2.018133e-01  4.246021e-04
3 -5.094570e-02  6.247966e-02  5.090816e-01  2.634801e-01  9.034544e-01  4.286070e+00 6 1 -1.000000e+00
 1.703018e-01 -8.909196e-02 -1.702867e+00  1.322313e+01  5.000000e-01  4.275702e-01 -6.186280e-01  7.295342e-01  1.638673e-01
-1.675683e-01  2.917070e-01  1.884840e+00  0.000000e+00  0.000000e+00  2.223788e-01  1.304876e-01  2.389955e-01  2.913575e-02
 4.582165e-04 -4.759615e-04  9.319533e-05  2.362282e+01  1.000000e+00  1.059561e+02 -6.683992e+00  1.552279e+01  1.051558e+02
1 -2.542644e+00  3.676502e+00  0.000000e+00  7.756635e+00  0.000000e+00  2.682620e+00 0 2 -1.000000e+00
-9.310123e+00  1.162500e+01  3.092475e+00  0.000000e+00  0.000000e+00  3.805088e-01  2.590578e-02  2.444028e-01  5.023283e-04
4 -4.073983e-01 -1.648771e-01  1.050153e+01  3.849718e+00  1.000000e+00  6.608940e+00 6 3 -1.000000e+00
 4.229115e-01 -5.366740e+00  3.079272e+00  0.000000e+00  0.000000e+00  4.163377e-01 -4.198647e-02 -1.189402e-01  2.959304e-04
-2.233873e+00 -8.882700e-02 -1.788427e+00  5.620366e+02  5.000000e-01  9.360196e-01 -7.346826e-01 -1.532496e-01  9.453319e-03
 1.232595e+00  2.060778e-01 -7.580845e-01  7.837306e+02  5.000000e-01  1.176355e+00 -1.103714e+00 -3.633613e-01  4.926685e-02
-1.674800e+00  4.923143e+00  3.295788e+00  1.295029e+02  0.000000e+00  4.432654e-01 -6.950254e-02 -4.129461e-02  3.377685e-04
3 -6.558603e-02  4.401913e-02  5.074151e-01  2.701755e-01  5.195285e-01  7.437290e+00 6 3 -1.000000e+00
-2.824211e-01  1.550320e-01  2.200774e+00  0.000000e+00  0.000000e+00  2.590160e-01 -1.141074e-01  2.857467e-01  9.433637e-03
 1.506131e-01 -1.094513e-01 -4.236099e+00  1.193114e+01  5.000000e-01  3.659218e-01 -1.284689e-01  7.884270e-01  3.793010e-02
 1.670850e-04 -5.121778e-05  6.518541e-06  2.468563e+01  1.000000e+00  4.123537e+02 -1.195562e+02 -3.885374e+01  4.109677e+02
1 -3.225875e+00  1.017977e+00  0.000000e+00  3.415630e+00  0.000000e+00  7.473140e+00 0 2 -1.000000e+00
-5.712886e+00  5.182235e+00  4.342266e+00  0.000000e+00  0.000000e+00  4.445240e-01 -2.015813e-01  1.939691e-01  1.401629e-02
1  2.456044e+00  1.480800e+00  0.000000e+00  1.608088e+00  0.000000e+00  5.150970e+00 0 2 -1.000000e+00
 3.888348e+00  2.173458e+00  3.057355e+00  0.000000e+00  0.000000e+00  3.613191e-01 -1.488314e-01 -2.422445e-01  6.090609e-03
2 -3.521518e-01 -3.820692e-01  2.153179e+00  1.002706e+00  3.111874e-01  4.439210e+00 6 1 -1.000000e+00
-8.931154e-01 -1.243090e+00  2.573334e+00  0.000000e+00  0.000000e+00  3.190449e-01  3.209088e-02 -2.721563e-01  4.333756e-03
 4.546917e-01  4.360759e-01 -8.007892e-01  2.041749e+02  5.000000e-01  5.022918e-01 -9.614548e-02 -1.219524e+00  5.787572e-02
3  9.289869e-02  3.330959e-01  1.004242e+00  3.670673e-01  1.365799e-01  2.866020e+00 6 1 -1.000000e+00
 2.569629e-01  7.100404e-01  2.119594e+00  0.000000e+00  0.000000e+00  2.443660e-01  2.609693e-01 -1.763216e-01  9.687434e-03
-4.554854e-02 -2.475551e-01 -2.894939e-01  1.393010e+02  5.000000e-01  6.632625e-01  1.704686e+00 -8.134754e-01  2.715540e-01
-9.378708e-05 -1.089914e-03  9.797670e-06  1.863764e+02  1.000000e+00  3.476853e+02  1.335549e+02  1.699145e+01  3.464400e+02
3 -1.152818e-01 -2.177514e-01  1.295037e+00  6.295147e-01  6.296267e-01  4.858410e+00 6 1 -1.000000e+00
-4.844922e-01 -7.044545e-01  2.206707e+00  0.000000e+00  0.000000e+00  2.553505e-01  1.698895e-01 -2.692145e-01  5.162165e-02
 2.150005e-01  3.854217e-01 -1.389402e+00  2.227252e+01  5.000000e-01  5.252465e-01  6.358490e-01 -7.354055e-01  2.483999e-01
 2.744682e-03  3.774905e-03  4.455023e-04  3.236457e+01  1.000000e+00  5.061706e+01 -3.654748e-01 -1.473301e+01  4.984166e+01
3  2.827978e-02 -6.053169e-02  2.676245e-01  1.448556e-01  3.678204e-01  5.550180e+00 6 1 -1.000000e+00
 1.136890e-01 -1.485325e-01  2.176408e+00  0.000000e+00  0.000000e+00  2.341628e-01  1.918125e-01  3.004029e-01  3.520797e-02
-3.068352e-02  7.681043e-02 -8.005273e-01  3.226498e+00  5.000000e-01  5.072025e-01  9.747273e-01  7.361609e-01  2.496132e-01
-5.295042e-04  9.299888e-04  4.523770e-04  4.313565e+00  1.000000e+00  4.854846e+01  5.150371e-01  7.074236e+00  4.796160e+01
3 -1.611716e-01  4.599110e-02  9.956304e-01  5.979041e-01  1.450426e-01  7.432860e+00 6 3 -1.000000e+00
 3.285659e-01 -1.131362e-01 -8.971913e-01  3.279247e+01  5.000000e-01  8.311243e-01 -8.365912e-01  6.657504e-01  2.571115e-01
-6.556000e-01  3.751996e-02  6.185711e+00  0.000000e+00  0.000000e+00  4.145323e-01 -4.225945e-01  5.023344e-02  3.655187e-02
 2.549632e-03 -8.404900e-04  1.966843e-04  4.850587e+01  1.000000e+00  8.155852e+01 -2.911162e+01  2.361990e+01  7.929265e+01
3 -1.634005e+00 -1.154970e+00  2.689032e+00  1.048505e+00  4.219978e-01  6.022840e+00 6 1  2.740997e-01
-1.044586e+00 -1.944709e+00  1.901001e+00  0.000000e+00  0.000000e+00  2.688662e-01 -6.702102e-02 -6.345215e-02  1.164439e-03
 3.582963e-01  3.493733e-01 -8.022183e-01  5.558509e+02  5.000000e-01  7.749854e-01 -1.686944e-01 -1.126374e+00  7.354650e-02
 2.069836e-03  2.756933e-03  4.650167e-05  6.278103e+02  1.000000e+00  1.483524e+02  9.473301e+00 -1.088039e+01  1.440852e+02
1 -4.156418e+00  2.049805e+00  0.000000e+00  3.699563e+00  0.000000e+00  6.598790e+00 0 2 -1.000000e+00
-6.100736e+00  7.120782e+00  3.946753e+00  0.000000e+00  0.000000e+00  4.460911e-01 -8.376013e-02  2.154680e-01  6.615815e-04
3 -3.274977e-01 -2.517895e-02  1.323413e+00  6.159290e-01  3.360202e-01  4.776220e+00 6 1 -1.000000e+00
 3.563346e-01  6.186073e-02 -7.561769e-01  5.764841e+01  5.000000e-01  6.288491e-01 -1.117351e+00 -4.601313e-01  1.252700e-01
-9.665300e-01  9.995613e-02  2.250391e+00  0.000000e+00  0.000000e+00  2.906772e-01 -2.389723e-01 -4.079084e-02  6.449494e-03
 9.258865e-04  1.463100e-04  9.403440e-06  8.112042e+01  1.000000e+00  3.389471e+02 -7.626114e+01 -4.525953e+01  3.368353e+02
5 -4.614224e-01  1.984628e-01  1.054748e+00  3.963473e-01  1.000000e+00  4.710460e+00 6 3  2.900736e-01
 3.780694e-02 -5.149343e-01  4.581973e+00  0.000000e+00  0.000000e+00  4.697710e-01  2.089863e-01  1.386396e-01  5.328319e-03
 3.802196e-01  1.423805e-02 -4.023512e+00  3.595627e+00  5.000000e-01  7.224377e-01 -5.705605e-01  6.369993e-03  4.251084e-02
 1.729669e-01  5.311176e-01  4.674537e+00  1.236164e+00  0.000000e+00  4.675620e-01 -7.913528e-02 -2.516007e-01  6.375537e-03
-1.217181e-01  2.972461e-02 -1.134512e+00  1.010649e+01  5.000000e-01  1.594180e+00 -9.274888e-01  6.117608e-01  2.709850e-01
-2.582039e-02  5.181609e-03  1.462401e-01  1.027874e+01  1.000000e+00  4.272532e+00 -1.868019e+00  6.179820e-01  2.083042e+00
1 -1.256560e+00  1.896838e+00  0.000000e+00  2.036349e+00  0.000000e+00  7.187700e+00 0 2 -1.000000e+00
-1.123854e+00  5.537179e+00  4.012887e+00  0.000000e+00  0.000000e+00  4.719659e-01  1.364746e-01  1.048692e-01  6.362861e-04
1  1.883919e-03  1.392697e-02  0.000000e+00  4.824257e-03  0.000000e+00  2.087480e+00 0 2 -1.000000e+00
-1.699990e-03  2.411242e-02  4.560463e+00  0.000000e+00  0.000000e+00  4.566126e-01  2.747407e-01 -2.261520e-02  3.466164e-01
3 -5.076012e+00  2.890964e-01  4.124502e+00  1.933600e+00  1.486431e-01  3.735860e+00 6 1  2.841742e-01
-3.541925e+00  1.168354e+00  2.174674e+00  0.000000e+00  0.000000e+00  2.725382e-01 -2.397139e-01  1.090823e-01  3.411614e-04
 4.083182e-01 -1.785799e-02 -3.232504e-01  5.299958e+02  5.000000e-01  1.760378e+00 -1.909294e+00  1.623285e-01  2.058283e-01
 1.231747e-02  9.836680e-06  2.148507e-04  5.415927e+02  1.000000e+00  7.184482e+01 -1.768489e+01 -7.199876e+00  6.750284e+01
3 -3.471030e-02  6.918358e-02  4.329511e-01  1.850374e-01  2.554146e-01  7.364940e+00 6 3 -1.000000e+00
-1.527372e-01  2.925874e-01  1.842834e+00  0.000000e+00  0.000000e+00  2.625541e-01  1.418904e-02 -3.134518e-02  2.836013e-02
 7.993749e-02 -7.252786e-02 -7.215069e+00  5.844155e+00  5.000000e-01  7.532359e-01 -1.665902e-01  4.144141e-01  3.404939e-01
 6.576105e-03 -1.125136e-02  8.723024e-02  6.157843e+00  1.000000e+00  4.475212e+00  2.131154e-01  7.535034e-01  3.748019e+00
3 -3.879817e+00  6.256860e-01  6.709222e+00  3.560844e+00  8.751964e-01  5.494080e+00 6 3  2.722384e-01
 2.237003e+00 -4.421693e+00  2.763604e+00  0.000000e+00  0.000000e+00  3.515662e-01  1.563754e-01  1.848426e-01  1.635471e-04
-2.128126e+00  6.733347e-01 -3.157696e+00  1.495946e+03  5.000000e-01  9.631236e-01 -5.066749e-01  2.476428e-01  4.151868e-03
-5.579589e-03  5.064800e-03  1.218837e-04  1.720337e+03  1.000000e+00  9.510456e+01 -1.494089e+01  2.068566e+01  8.842532e+01
3  5.709673e-03  1.382949e-02  1.619510e-01  8.491286e-02  5.276315e-01  4.374840e+00 6 3 -1.000000e+00
-2.702180e-02 -5.657249e-02 -9.067676e+00  6.806556e-01  5.000000e-01  6.842368e-01  3.547755e-01 -2.900390e-01  3.888230e-01
 4.963314e-02  8.608846e-02  4.784392e+00  0.000000e+00  0.000000e+00  4.413105e-01  2.324499e-01 -2.215582e-01  1.871431e-01
-1.432927e-03 -2.546712e-03  5.949138e-02  9.028866e-01  1.000000e+00  5.230470e+00  1.751122e-01 -1.028131e+00  4.650264e+00
3 -2.703397e-01  3.522285e-02  8.845359e-01  3.594247e-01  2.275782e-01  4.884900e+00 6 1 -1.000000e+00
 2.197795e-01 -7.031158e-02 -4.459709e-01  8.426273e+01  5.000000e-01  6.529152e-01 -1.354852e+00  7.260460e-01  2.778831e-01
-6.558233e-01  5.508117e-02  1.959638e+00  0.000000e+00  0.000000e+00  2.388820e-01 -2.624118e-01  1.193239e-02  1.111083e-02
 1.906961e-03 -7.810954e-04  6.859712e-05  1.072871e+02  1.000000e+00  1.318186e+02 -1.724166e+01  4.731143e+01  1.307882e+02
1  2.013247e+00 -6.641758e-02  0.000000e+00  2.225552e+00  0.000000e+00  2.912510e+00 0 2 -1.000000e+00
 4.004076e+00  1.806984e-01  4.107647e+00  0.000000e+00  0.000000e+00  4.343992e-01 -2.737611e-01 -3.886886e-02  5.642614e-03
3  4.902268e+00 -2.273618e+00  4.507679e+00  2.261821e+00  5.966554e-02  6.633760e+00 6 2  2.796415e-01
 3.621894e+00  1.862938e+00  3.680580e+00  0.000000e+00  0.000000e+00  4.385846e-01 -1.035886e-01 -1.809981e-01  4.716133e-04
-3.765994e-01 -2.182192e-01 -2.196038e-01  6.390137e+02  5.000000e-01  1.851964e+00 -1.110203e+00 -2.011703e+00  2.601882e-01
-6.585717e-03 -3.591931e-03  6.281122e-05  6.628088e+02  1.000000e+00  1.317794e+02 -2.045204e+01 -2.764514e+01  1.276331e+02
3 -5.452519e-01  8.803397e-01  3.217721e+00  1.864647e+00  6.817762e-02  6.583540e+00 6 2 -1.000000e+00
-1.426726e+00  2.447458e+00  3.973352e+00  0.000000e+00  0.000000e+00  4.373532e-01  1.268442e-01  2.209192e-01  1.859130e-03
 2.394519e-01 -3.052826e-01 -2.708937e-01  5.640213e+02  5.000000e-01  1.523361e+00  7.371098e-01  1.849881e+00  4.463016e-01
 1.590516e-02 -1.609853e-02  1.090086e-03  5.810635e+02  1.000000e+00  3.399238e+01 -3.711224e+00  1.254453e+01  3.194851e+01
5  6.254481e-02 -7.404985e-01  7.190526e-01  2.928189e-01  1.000000e+00  6.812680e+00 6 3  2.701927e-01
 1.031949e-01 -2.357597e-01 -1.941333e+00  1.754290e+01  5.000000e-01  5.827930e-01  6.050082e-01  5.684512e-01  1.214957e-01
-4.055467e-01  2.212614e-03  2.874068e+00  0.000000e+00  0.000000e+00  3.579492e-01 -2.453396e-01  6.402276e-02  2.525787e-02
 3.009096e-01  1.362137e-01  5.731865e+00  1.141775e+01  0.000000e+00  4.466784e-01 -1.942883e-01 -3.065184e-01  4.180162e-02
 1.070082e-01  2.776547e-01 -4.466678e+00  1.236760e+01  5.000000e-01  5.385649e-01  5.565632e-01 -3.564265e-01  6.925421e-02
 5.008150e-04 -2.990087e-04  2.549702e-04  3.702968e+01  1.000000e+00  6.438884e+01 -2.972885e-01  9.799515e+00  6.228198e+01
3  2.878452e+00  6.808626e-01  1.709975e+00  7.427676e-01  1.330857e-01  2.829760e+00 6 1  3.059984e-01
 2.463752e-01  1.398344e+00  1.849135e+00  0.000000e+00  0.000000e+00  2.314396e-01  2.196605e-01  4.050815e-02  6.817596e-03
 4.084564e-02 -2.992338e-01 -2.460935e-01  7.233439e+01  5.000000e-01  1.059242e+00  1.896594e+00  6.855190e-01  4.337529e-01
 4.278288e-04 -6.654893e-03  1.758240e-04  7.937294e+01  1.000000e+00  8.043905e+01  2.477527e+01  3.040306e+00  7.861610e+01
1  1.126107e+00  9.184120e-01  0.000000e+00  2.010660e+00  0.000000e+00  9.385310e+00 0 2 -1.000000e+00
 3.122331e+00  1.658695e+00  3.497861e+00  0.000000e+00  0.000000e+00  4.046968e-01 -6.691895e-02 -2.530192e-01  1.112805e-02
3  3.245986e-01  1.831537e-01  1.693886e+00  1.398649e+00  8.745766e-02  5.842620e+00 6 2 -1.000000e+00
-5.309637e-01 -1.586390e-01 -6.718444e-01  5.776243e+01  5.000000e-01  9.960477e-01 -8.539681e-01 -8.713173e-01  5.133368e-01
 9.088254e-01  7.336929e-01  7.681939e+00  0.000000e+00  0.000000e+00  3.893315e-01 -3.488136e-02 -4.914507e-01  3.654136e-02
-1.878179e-02 -4.517291e-03  2.500957e-03  6.978721e+01  1.000000e+00  2.485295e+01 -1.262796e+01 -3.106565e+00  2.382158e+01
3 -9.814731e-02  1.566952e-01  5.483221e-01  2.319815e-01  1.068587e-01  3.332920e+00 6 1 -1.000000e+00
-2.694886e-01  3.254340e-01  2.493788e+00  0.000000e+00  0.000000e+00  2.866451e-01  1.007834e-01  3.126044e-01  3.793920e-02
 6.953249e-02 -1.055205e-01 -2.664831e-01  4.425450e+01  5.000000e-01  1.155119e+00  9.422468e-01  1.699652e+00  7.145004e-01
 2.267733e-03 -3.012896e-03  4.231313e-04  5.018302e+01  1.000000e+00  5.688787e+01  5.504960e+00  2.701511e+01  5.588046e+01
3  2.224386e-01 -9.924851e-02  9.932995e-01  5.336804e-01  1.694656e-01  7.203870e+00 6 1 -1.000000e+00
-2.796181e-01  1.410187e-01 -4.926369e-01  9.482500e+01  5.000000e-01  4.717163e-01 -7.183159e-01  1.339029e+00  1.112279e-01
 7.128440e-01  1.002416e-01  2.907002e+00  0.000000e+00  0.000000e+00  2.959693e-01 -3.695612e-01  1.228284e-01  2.238396e-02
-7.791412e-04  1.723737e-04  1.578149e-05  1.540219e+02  1.000000e+00  2.593589e+02 -5.309459e+01 -2.376762e+01  2.582213e+02
3  7.483057e-02 -2.079392e-01  9.246351e-01  4.439412e-01  2.660511e-01  1.124420e+01 6 1 -1.000000e+00
 4.330429e-01 -5.056150e-01  2.477522e+00  0.000000e+00  0.000000e+00  2.787045e-01  1.665422e-01  2.981639e-01  7.307686e-02
-8.255516e-02  2.619191e-01 -6.591473e-01  2.558106e+01  5.000000e-01  7.676763e-01  1.135847e+00  5.300350e-01  4.650915e-01
-3.812143e-03  8.107707e-03  2.276976e-03  3.085251e+01  1.000000e+00  2.322984e+01  3.678151e+00  6.438796e+00  2.257008e+01
3  1.532248e-01  8.868203e-02  2.249464e+00  8.630104e-01  2.116036e-03  6.122730e+00 6 2  2.677462e-01
-1.675398e+00 -1.423130e+00  3.141389e+00  0.000000e+00  0.000000e+00  3.090774e-01 -2.141439e-01 -3.364311e-01  9.804649e-04
 1.816636e-02  1.358760e-02  1.350813e-03  1.219833e+03  1.000000e+00  4.057991e+01 -8.339680e+00 -2.750861e+01  3.867615e+01
 4.219275e-02  2.944390e-02 -6.647291e-03  1.219377e+03  5.000000e-01  1.331228e+01 -7.993382e+00 -1.543163e+01  1.171420e+01
3  3.481729e-02  8.050995e-02  3.539174e-01  1.362440e-01  1.489274e-01  5.141190e+00 6 3 -1.000000e+00
-4.745333e-02 -1.132140e-01 -4.469052e-01  7.255270e+00  5.000000e-01  4.618022e-01  1.062617e+00 -1.182418e+00  2.599741e-01
 7.885395e-02  2.173975e-01  3.000826e+00  0.000000e+00  0.000000e+00  2.099684e-01  3.940287e-01 -3.683066e-01  4.719513e-02
-8.074099e-05 -2.191371e-04  5.567649e-06  1.337225e+01  1.000000e+00  4.606706e+02  1.448380e+02 -1.034892e+02  4.600812e+02
3  1.247476e-01 -1.628432e-01  5.840313e-01  2.911432e-01  1.546905e-01  5.860230e+00 6 1 -1.000000e+00
 2.758227e-01 -3.838117e-01  1.909621e+00  0.000000e+00  0.000000e+00  2.559182e-01  6.503118e-02  1.605133e-01  6.318724e-03
-7.782565e-02  8.097366e-02 -2.954003e-01  3.326368e+01  5.000000e-01  8.767697e-01  2.299555e-01  1.829629e+00  3.612926e-01
-1.324230e-03  1.210438e-03  1.136893e-04  3.771043e+01  1.000000e+00  1.002681e+02 -1.418422e+01  2.927558e+01  9.894156e+01
3 -4.380017e-01 -3.339895e-01  2.107569e+00  1.043708e+00  1.012070e-01  5.171770e+00 6 3 -1.000000e+00
-7.765778e-01 -1.530950e+00  3.646953e+00  0.000000e+00  0.000000e+00  4.374783e-01  2.822797e-02 -2.035493e-01  3.293502e-03
 3.712895e-01  2.366041e-01 -3.690971e-01  3.530827e+02  5.000000e-01  9.902037e-01 -7.836473e-01 -1.447518e+00  1.671420e-01
 1.622745e-03  1.200715e-03  1.774328e-05  4.356650e+02  1.000000e+00  2.450434e+02 -1.905448e+01 -5.324240e+01  2.427512e+02
5 -9.415365e-01  1.428213e+00  1.903710e+01  7.781298e+00  1.000000e+00  6.184180e+00 6 3 -1.000000e+00
 3.190116e+00 -6.378319e+00  3.493892e+00  3.210881e+03  0.000000e+00  4.602931e-01  5.313773e-02  4.739321e-02  3.491559e-03
-2.535473e+00 -3.065594e+00 -1.605634e+00  3.718688e+03  5.000000e-01  1.117656e+00 -5.932067e-02 -7.956952e-01  3.906784e-02
 3.568060e+00  4.570124e-01 -1.427259e+00  3.816147e+03  5.000000e-01  1.202640e+00 -7.461945e-01 -4.300006e-01  6.381970e-02
-5.938709e+00  1.032724e+01  1.898462e+00  0.000000e+00  0.000000e+00  2.715539e-01  2.930685e-02  5.506867e-02  8.357414e-04
 8.261621e-02 -9.984074e-02  1.890701e-02  4.101342e+03  1.000000e+00  8.323705e+00 -6.471210e-01  5.722383e-01  5.439835e+00
3  2.518795e+00 -8.803284e-01  1.713552e+00  7.974170e-01  5.099937e-01  3.239240e+00 6 3  2.798892e-01
-5.414833e-01 -3.325996e-01 -4.368238e+00  7.233407e+01  5.000000e-01  4.982231e-01 -4.286556e-01 -5.449401e-01  6.687448e-02
 5.247446e-01  1.008824e+00  2.227774e+00  0.000000e+00  0.000000e+00  3.065506e-01  1.205553e-01 -1.321358e-01  1.211884e-02
-4.015439e-04 -6.269495e-04  1.216207e-05  1.400928e+02  1.000000e+00  2.949149e+02  1.393272e+01 -6.299976e+01  2.932054e+02
3  2.711600e-03 -4.475860e-02  3.319283e-01  1.634029e-01  3.126830e-01  3.833810e+00 6 3 -1.000000e+00
-1.227539e-01 -1.906198e-01  3.336321e+00  0.000000e+00  0.000000e+00  3.266920e-01  1.903891e-01 -3.425847e-01  5.992369e-02
-4.406286e-02  1.318459e-01 -1.043211e+00  4.288547e+00  5.000000e-01  7.889407e-01  8.282067e-01  5.632039e-01  4.385562e-01
-5.320800e-04  2.268496e-03  2.784194e-03  6.313262e+00  1.000000e+00  2.146657e+01  5.657298e+00  5.263558e+00  2.061369e+01
1 -1.688141e+00  4.304227e+00  0.000000e+00  3.248532e+00  0.000000e+00  5.358000e+00 0 2 -1.000000e+00
-3.810228e+00  6.516652e+00  3.879683e+00  0.000000e+00  0.000000e+00  3.636329e-01  3.015986e-01  2.371674e-01  1.768730e-04
1 -4.665300e-02  1.103688e-01  0.000000e+00  2.624559e-02  0.000000e+00  7.725070e+00 0 2  2.870700e-01
 9.581856e-03  9.392643e-02  3.088245e+00  0.000000e+00  0.000000e+00  4.034396e-01  1.722143e-01 -4.917395e-02  1.259847e-03
2  9.231375e-02  8.017874e-01  1.909252e+00  8.426760e-01  1.255021e-02  1.241160e+01 6 2 -1.000000e+00
 6.591551e-01  1.546186e+00  6.319120e+00  0.000000e+00  0.000000e+00  4.543748e-01  3.164641e-01 -1.982611e-01  1.478550e-03
-1.578350e-02 -2.397882e-01 -7.930628e-02  5.333452e+02  5.000000e-01  1.572957e+00  3.552062e+00 -5.661080e-01  4.857932e-01
3 -2.267289e+00 -2.614401e+00  3.831016e+00  1.474649e+00  1.857537e-01  8.186970e+00 6 1  2.860221e-01
-3.377755e+00  3.365707e-01  2.430908e+00  0.000000e+00  0.000000e+00  3.574533e-01 -1.512464e-03  3.866605e-02  7.013501e-04
 4.305343e-01 -8.010521e-02 -4.515502e-01  3.924190e+02  5.000000e-01  1.422398e+00 -1.452066e+00  5.334027e-01  2.216187e-01
 9.308170e-03 -1.994428e-03  1.830071e-04  4.085970e+02  1.000000e+00  7.875547e+01 -2.082596e+01  1.216244e+01  7.537268e+01
3 -1.714287e+00 -1.577573e+00  1.994474e+00  7.530855e-01  1.132277e-01  7.173620e+00 6 1  2.750969e-01
-1.797550e+00  1.459360e-01  2.000497e+00  0.000000e+00  0.000000e+00  2.882361e-01  3.440024e-02 -7.448979e-02  1.315640e-03
 1.964055e-01  1.004426e-01 -2.265117e-01  3.475928e+02  5.000000e-01  1.643461e+00 -1.146131e+00 -1.874889e+00  5.553524e-01
 1.098396e-02  4.588688e-03  8.090122e-04  3.574927e+02  1.000000e+00  3.967934e+01 -9.275774e+00 -1.319001e+01  3.687053e+01
3  1.894473e-01  5.782295e-02  1.163348e+00  5.097212e-01  3.871874e-01  6.210830e+00 6 1 -1.000000e+00
-4.415952e-01 -8.007489e-02 -1.043942e+00  1.805616e+01  5.000000e-01  3.345793e-01 -1.151091e+00 -2.751034e-01  1.161086e-01
 5.815492e-01  4.735992e-01  2.696218e+00  0.000000e+00  0.000000e+00  2.107789e-01 -2.419137e-01 -4.398383e-01  4.413535e-02
-1.014146e-03 -4.963853e-04  5.050266e-05  3.637329e+01  1.000000e+00  1.437294e+02  8.560962e+00 -2.230371e+01  1.430030e+02
3 -3.548359e-01 -9.452765e-01  8.301001e-01  3.582823e-01  3.364451e-01  1.595720e+00 6 1  2.940409e-01
 5.653129e-01 -2.897914e-01  2.027551e+00  0.000000e+00  0.000000e+00  2.540187e-01 -1.239265e-01  2.189167e-01  2.005861e-02
-1.217936e-01  1.759887e-01 -6.821596e-01  3.531304e+01  5.000000e-01  9.053000e-01  4.420385e-01  1.131151e+00  4.070116e-01
-5.839043e-03  6.705119e-03  2.818623e-03  3.947958e+01  1.000000e+00  2.093183e+01  2.850991e+00  5.862304e+00  1.965826e+01
3  9.111117e-02  1.674847e-01  4.564402e-01  1.917023e-01  1.641452e-01  2.362490e+00 6 1 -1.000000e+00
 1.612856e-01  3.139918e-01  1.361789e+00  0.000000e+00  0.000000e+00  1.137987e-01  1.161219e-01 -1.937540e-01  1.096543e-02
-4.859887e-02 -9.133052e-02 -2.235312e-01  7.371808e+01  5.000000e-01  4.789343e-01  1.170141e+00 -1.837370e+00  3.161829e-01
-3.306335e-04 -6.634755e-04  2.416421e-05  9.246957e+01  1.000000e+00  2.072193e+02  2.479754e+01 -2.297732e+01  2.068099e+02
3 -2.685497e-02  2.244749e-01  9.391424e-01  5.212172e-01  3.761760e-01  4.457860e+00 6 1 -1.000000e+00
 4.353786e-02 -2.935922e-01 -9.440867e-01  4.116446e+01  5.000000e-01  4.730671e-01  1.061825e+00  4.576140e-01  1.367097e-01
 3.585542e-02  6.455187e-01  2.509694e+00  0.000000e+00  0.000000e+00  2.531141e-01  3.958893e-01  5.153040e-02  1.951230e-02
-6.019393e-05 -2.076263e-03  1.613503e-04  5.858621e+01  1.000000e+00  8.063188e+01  4.843055e+00 -1.095838e+01  7.961639e+01
3 -2.626480e-01  5.485311e-01  1.872249e+00  9.180215e-01  1.079895e-01  6.205900e+00 6 1 -1.000000e+00
-9.169765e-01  1.137018e+00  2.848141e+00  0.000000e+00  0.000000e+00  3.365951e-01  1.551925e-01  2.547844e-01  2.790539e-03
 1.674978e-01 -3.891637e-01 -3.075694e-01  2.294711e+02  5.000000e-01  7.281820e-01  1.310369e+00  1.268116e+00  9.416981e-02
 2.855965e-04 -5.678482e-04  1.727393e-06  3.132263e+02  1.000000e+00  7.643432e+02  2.511556e+01  5.616730e+01  7.619725e+02
2  5.630987e-01 -3.771381e-02  1.695944e+00  8.873938e-01  1.011668e-01  7.442250e+00 6 1 -1.000000e+00
 1.319312e+00 -1.991316e-01  2.559765e+00  0.000000e+00  0.000000e+00  3.289128e-01 -2.327775e-01  7.424168e-02  2.979820e-03
-3.659918e-01 -9.460660e-03 -2.589634e-01  2.263060e+02  5.000000e-01  7.975412e-01 -1.975484e+00 -1.672442e-03  1.736949e-01
2  2.396122e-01 -3.289619e-02  1.416901e+00  6.366648e-01  5.233782e-01  6.940080e+00 6 1 -1.000000e+00
 9.093991e-01 -3.851612e-01  2.599875e+00  0.000000e+00  0.000000e+00  3.423966e-01 -1.896606e-01  1.087986e-01  2.038718e-03
-4.710074e-01 -6.565017e-02 -1.360718e+00  1.425433e+02  5.000000e-01  5.200103e-01 -9.127715e-01 -3.635171e-01  2.421743e-02
3  1.991062e-01 -7.669087e-01  2.025099e+00  7.148466e-01  1.127752e-01  6.931160e+00 6 1 -1.000000e+00
 6.641421e-01 -1.605221e+00  1.619939e+00  0.000000e+00  0.000000e+00  1.973700e-01  1.536934e-01 -5.732402e-02  1.517242e-02
-2.291288e-02  3.529291e-02  4.318461e-03  9.713649e+01  1.000000e+00  2.141665e+01  3.809345e+00  1.306769e+01  2.072049e+01
-1.470135e-01  2.503258e-01 -1.826889e-01  9.518440e+01  5.000000e-01  2.037045e+00  1.649982e+00  1.956222e+00  1.608947e+00
3 -6.988178e-02 -2.606137e-01  1.505295e+00  7.616736e-01  4.363144e-01  9.275260e+00 6 1 -1.000000e+00
-3.647388e-01 -8.744922e-01  2.799831e+00  0.000000e+00  0.000000e+00  2.264952e-01  3.682496e-01 -3.248654e-01  4.344878e-02
 9.448119e-02  5.590454e-01 -1.221607e+00  2.893450e+01  5.000000e-01  3.952806e-01  1.031887e+00 -3.456714e-01  1.714128e-01
 5.229841e-04  2.173194e-03  9.878074e-05  5.236901e+01  1.000000e+00  1.024789e+02  1.261381e+01 -3.926988e+00  1.018104e+02
3  4.594842e-01  2.681740e-01  1.467580e+00  6.444942e-01  1.417624e-01  6.153880e+00 6 1 -1.000000e+00
 1.134000e+00  3.788715e-01  1.837745e+00  0.000000e+00  0.000000e+00  2.344828e-01 -1.021589e-01 -1.772991e-01  1.638716e-02
-2.315865e-01 -1.586818e-01 -2.605231e-01  1.475888e+02  5.000000e-01  1.131998e+00 -6.193701e-01 -1.863394e+00  6.734667e-01
-1.043155e-02 -6.472713e-03  8.507732e-04  1.595205e+02  1.000000e+00  3.797458e+01 -5.581191e+00 -1.267155e+01  3.696130e+01
3 -8.677332e-01  4.801783e-01  1.790324e+00  6.988163e-01  7.383968e-01  3.718360e+00 6 1  2.740856e-01
 4.152191e-01 -1.212741e-01 -1.299301e+00  2.508702e+02  5.000000e-01  7.988546e-01 -7.248854e-01  5.335213e-01  4.585042e-02
-1.373543e+00 -4.652546e-02  1.759625e+00  0.000000e+00  0.000000e+00  2.200638e-01 -1.998436e-01  7.748698e-03  1.301759e-03
 1.675145e-03 -3.854622e-04  2.423129e-05  2.971721e+02  1.000000e+00  2.085447e+02 -2.080912e+01  3.705138e+01  2.032858e+02
1 -1.844584e+00 -6.832480e-01  0.000000e+00  2.311612e+00  0.000000e+00  5.152350e+00 0 2 -1.000000e+00
-3.440112e+00 -1.407016e+00  3.128860e+00  0.000000e+00  0.000000e+00  3.735554e-01 -1.840629e-01 -1.973536e-01  4.641494e-02
3  2.106347e-01  9.528138e-01  1.179476e+00  5.577875e-01  2.298959e-01  3.872740e+00 6 1  2.894965e-01
 9.143846e-01  1.666944e-01  1.699444e+00  0.000000e+00  0.000000e+00  2.231925e-01 -1.210214e-01 -1.886595e-02  7.530846e-03
-2.524282e-01 -5.675191e-03 -3.906952e-01  7.427451e+01  5.000000e-01  8.471281e-01 -1.607069e+00  1.542048e-02  2.777201e-01
-1.953352e-03 -1.447889e-04  3.238721e-05  8.901005e+01  1.000000e+00  1.883639e+02 -6.442873e+01 -8.819294e+00  1.860762e+02
3  4.510958e-01  1.526951e-01  1.202324e+00  5.710559e-01  1.018389e-01  6.798080e+00 6 1 -1.000000e+00
 9.536915e-01  1.241227e-01  2.167423e+00  0.000000e+00  0.000000e+00  2.545736e-01 -2.482076e-01 -1.807654e-01  1.176276e-02
-2.324201e-01 -7.265818e-02 -2.207280e-01  1.439671e+02  5.000000e-01  8.344875e-01 -1.599083e+00 -1.414493e+00  3.998518e-01
-4.182588e-03 -8.191535e-04  1.339846e-04  1.649546e+02  1.000000e+00  9.050744e+01 -2.340648e+01 -4.154611e-01  8.948601e+01
3  4.549821e-01  5.357880e-01  1.696908e+00  7.128961e-01  1.158848e-01  1.869280e+00 6 1 -1.000000e+00
 1.085919e+00  1.039559e+00  1.858684e+00  0.000000e+00  0.000000e+00  2.409325e-01  3.556508e-02 -1.921029e-01  7.282539e-03
-1.186779e-01 -1.556165e-01 -2.153931e-01  1.880879e+02  5.000000e-01  1.771773e+00  6.163059e-01 -2.204195e+00  1.078682e+00
-2.075726e-02 -2.659929e-02  8.057378e-03  1.902406e+02  1.000000e+00  1.343946e+01  1.607224e+00 -5.295966e+00  1.231440e+01
3  2.589840e-01 -1.297523e-02  9.636647e-01  4.425600e-01  1.741756e-01  5.828290e+00 6 1 -1.000000e+00
 6.411049e-01 -2.841449e-01  2.706212e+00  0.000000e+00  0.000000e+00  2.860762e-01 -3.173974e-01  1.985596e-01  3.180475e-03
-2.955202e-01 -5.746647e-02 -4.713562e-01  6.205917e+01  5.000000e-01  5.804364e-01 -1.471494e+00 -3.636994e-01  1.348531e-01
-7.485351e-04 -2.785078e-04  8.003752e-06  9.518369e+01  1.000000e+00  4.148967e+02 -8.791508e+01 -1.965706e+02  4.132488e+02
3 -4.794199e-02 -8.114868e-03  5.864875e-01  2.352235e-01  9.063610e-01  6.916160e+00 6 3 -1.000000e+00
-3.380851e-01 -4.177508e-02  4.554585e+00  0.000000e+00  0.000000e+00  3.396443e-01 -4.646942e-01  2.387372e-02  7.857204e-02
 2.028938e-01  1.847408e-01 -5.025134e+00  8.527139e+00  5.000000e-01  5.963817e-01 -1.958281e-01 -5.688222e-01  2.796999e-01
 2.173407e-03  1.122893e-03  3.866601e-03  1.642657e+01  1.000000e+00  1.794814e+01  1.735584e+00 -5.059864e+00  1.711708e+01
3  3.760229e-01  8.091931e-01  3.143912e+00  1.306562e+00  1.974732e-01  7.686130e+00 6 1 -1.000000e+00
 1.673129e+00  1.889997e+00  2.028212e+00  0.000000e+00  0.000000e+00  2.753844e-01  4.752858e-02 -1.725215e-01  6.133908e-03
-1.957631e-01 -6.381307e-01 -4.005175e-01  1.200665e+02  5.000000e-01  1.074883e+00  1.397511e+00 -7.411756e-01  2.244550e-01
-3.696828e-03 -7.768235e-03  1.344000e-04  1.376891e+02  1.000000e+00  9.099878e+01  1.589051e+01 -2.016918e+01  8.805842e+01
3 -3.007153e-01  3.273029e-05  1.168001e+00  4.364437e-01  4.587142e-01  9.365660e+00 6 1 -1.000000e+00
 3.453471e-01  5.989880e-02 -7.616878e-01  3.125649e+01  5.000000e-01  3.834429e-01 -1.141417e+00 -6.246473e-01  1.763308e-01
-7.976266e-01  3.003950e-01  1.660485e+00  0.000000e+00  0.000000e+00  1.669536e-01 -3.026870e-01  1.063112e-02  2.403604e-02
 3.613104e-03 -5.492851e-04  3.277497e-04  4.224581e+01  1.000000e+00  5.681962e+01  1.332676e+00  7.933751e+00  5.620864e+01
2  9.804465e-02  4.164355e-01  1.423103e+00  7.270833e-01  3.197564e-01  6.184180e+00 6 1 -1.000000e+00
-6.693707e-02 -4.239531e-01 -5.384800e-01  5.780793e+01  5.000000e-01  2.839225e-01  1.449688e+00 -5.179305e-01  5.825838e-02
 2.639785e-01  9.601416e-01  1.684032e+00  0.000000e+00  0.000000e+00  1.605362e-01  2.813833e-01 -1.780726e-01  4.886141e-03
1 -4.883341e-01 -1.804036e+01  0.000000e+00  6.094076e+00  0.000000e+00  1.273310e+01 0 2 -1.000000e+00
 1.849031e+00 -2.373644e+01  3.312320e+00  0.000000e+00  0.000000e+00  3.064401e-01  4.051125e-01 -1.224990e-01  2.378508e-05
1 -3.156387e-01 -8.100006e+00  0.000000e+00  3.693489e+00  0.000000e+00  4.138960e+00 0 2  2.733084e-01
 6.330094e+00 -5.105005e+00  4.345282e+00  0.000000e+00  0.000000e+00  4.449631e-01  1.497196e-02  2.787599e-01  1.875591e-05
3  3.371501e-02 -9.688142e-02  4.240822e-01  1.864163e-01  4.095920e-01  7.432710e+00 6 1 -1.000000e+00
 1.150112e-01 -2.844073e-01  2.230300e+00  0.000000e+00  0.000000e+00  2.980236e-01  1.627715e-01  1.338133e-01  1.636854e-02
-3.494583e-02  1.122772e-01 -9.135129e-01  1.085189e+01  5.000000e-01  6.282516e-01  9.288066e-01  6.084327e-01  2.079439e-01
-3.829449e-04  1.117548e-03  2.016651e-04  1.396930e+01  1.000000e+00  7.289744e+01  1.162282e+01  8.685318e+00  7.178750e+01
3 -3.424204e-01  6.307535e-01  1.616156e+00  7.871094e-01  2.423195e-02  2.885050e+00 6 2 -1.000000e+00
-6.367857e-01  1.280849e+00  5.217848e+00  0.000000e+00  0.000000e+00  4.153892e-01  1.924041e-01  3.363043e-01  9.563031e-03
 8.581947e-02 -1.647655e-01 -1.264387e-01  2.618878e+02  5.000000e-01  2.289350e+00  1.786571e+00  2.525780e+00  1.385456e+00
 1.316421e-02 -2.475137e-02  4.033159e-03  2.656041e+02  1.000000e+00  1.911622e+01  5.103883e+00  7.362273e+00  1.773586e+01
3 -7.925705e-01  1.348110e-02  1.558510e+00  7.770256e-01  2.338920e-01  7.377160e+00 6 1 -1.000000e+00
-1.390352e+00 -6.449195e-02  1.866711e+00  0.000000e+00  0.000000e+00  1.743183e-01 -3.767329e-01 -6.419499e-02  3.756993e-02
 1.678535e-01 -3.367618e-02 -4.366087e-01  4.585610e+01  5.000000e-01  3.354729e+00 -2.618868e+00  9.882615e-01  2.981244e+00
 1.198463e-01 -2.428327e-02  2.441373e-01  4.586346e+01  1.000000e+00  4.901793e+00 -3.051972e+00  1.346623e+00  4.489472e+00
5  7.979180e-01  1.782548e+00  1.983239e+00  9.647799e-01  1.000000e+00  5.128060e+00 6 3  2.905554e-01
 8.236131e-02 -7.364649e-01 -1.310477e+00  5.183948e+01  5.000000e-01  7.363986e-01  8.881346e-01  2.092454e-01  2.391462e-02
-1.076413e+00  4.588772e-01  3.383054e+00  0.000000e+00  0.000000e+00  3.443206e-01 -2.181261e-01  2.945260e-01  4.774729e-03
 8.990004e-01  6.348840e-01  5.283704e+00  1.148449e+01  0.000000e+00  3.961615e-01 -8.517323e-02 -4.100064e-01  1.122459e-02
 2.072042e-01  1.012830e+00 -5.158834e+00  1.421249e+01  5.000000e-01  5.406405e-01  6.008476e-01 -2.093694e-01  1.188441e-02
 6.738302e-05 -3.875643e-04  7.349142e-06  1.120445e+02  1.000000e+00  3.743728e+02  5.148842e+01 -2.618929e+01  3.674588e+02
3 -7.932501e-02 -1.615681e-01  1.271179e+00  6.595516e-01  7.767941e-01  1.351870e+00 6 3 -1.000000e+00
-2.725786e-01 -7.433095e-01  3.274959e+00  0.000000e+00  0.000000e+00  2.900464e-01  3.294622e-01 -3.002355e-01  1.091153e-01
 2.626059e-01  4.097186e-01 -2.543969e+00  1.229408e+01  5.000000e-01  5.467619e-01  3.121957e-01 -7.078455e-01  3.152479e-01
 4.535474e-03  8.897492e-03  4.866658e-03  1.794355e+01  1.000000e+00  1.554278e+01  1.281786e+00 -2.090369e+00  1.491108e+01
3 -1.989488e-01  1.234585e+00  3.440441e+00  1.426192e+00  4.443954e-02  3.283250e+00 6 2 -1.000000e+00
-6.461719e-01  2.862486e+00  3.527709e+00  0.000000e+00  0.000000e+00  4.039336e-01  2.439104e-01  1.110531e-01  2.147663e-03
 6.128045e-02 -5.044336e-01 -1.567698e-01  6.335762e+02  5.000000e-01  1.250475e+00  2.453083e+00  6.510766e-01  3.191834e-01
 3.301236e-04 -3.465814e-03  1.001947e-05  7.148725e+02  1.000000e+00  3.313866e+02  9.661859e+01  3.806547e+00  3.288673e+02
3  3.081503e-01  2.314183e-01  1.128050e+00  4.729907e-01  1.055457e-01  8.252050e+00 6 3 -1.000000e+00
 6.447685e-01  6.625796e-01  3.185426e+00  0.000000e+00  0.000000e+00  3.693878e-01 -6.292722e-02 -2.824573e-01  6.372370e-03
-1.603143e-01 -1.275719e-01 -3.362079e-01  1.493527e+02  5.000000e-01  1.041055e+00 -5.465842e-01 -1.636240e+00  3.124610e-01
-5.006553e-03 -4.817637e-03  8.026759e-04  1.615219e+02  1.000000e+00  3.697789e+01  3.040683e+00 -6.271342e+00  3.538490e+01
3 -5.058898e-01 -1.105585e-01  1.356349e+00  4.941404e-01  3.051756e-01  6.373810e+00 6 1 -1.000000e+00
-1.154462e+00 -2.174859e-01  1.523970e+00  0.000000e+00  0.000000e+00  1.802640e-01 -1.163145e-01 -4.751030e-02  1.398804e-02
 1.766138e-01  4.312774e-02 -4.650785e-01  1.293630e+02  5.000000e-01  1.442594e+00 -1.342088e+00 -7.381489e-01  9.946018e-01
 4.432266e-02  1.003038e-02  3.490816e-02  1.304189e+02  1.000000e+00  6.990044e+00 -2.400577e+00 -1.212953e+00  6.314863e+00
5 -7.609412e-02 -2.292774e-02  8.584066e-01  2.906790e-01  1.000000e+00  4.709210e+00 6 3 -1.000000e+00
-4.346396e-01 -2.446836e-01  2.117615e+00  0.000000e+00  0.000000e+00  2.427602e-01 -2.443317e-01 -2.036782e-01  7.969048e-02
 2.311266e-01 -2.185465e-01 -2.091626e+00  4.900863e+00  5.000000e-01  6.453511e-01 -1.768460e-01  7.567022e-01  4.389575e-01
 2.654842e-01  2.519938e-01  4.371312e+00  4.075886e+00  0.000000e+00  3.661821e-01 -1.342261e-01 -3.936295e-01  1.806157e-01
-2.397377e-02  3.644695e-01 -2.126109e+00  4.461727e+00  5.000000e-01  7.392250e-01  7.199318e-01  1.415789e-01  5.479795e-01
 4.652354e-03  1.452799e-03  1.109026e-02  7.214703e+00  1.000000e+00  1.067201e+01  1.557466e+00  9.761271e-01  1.015122e+01
3  8.271870e-02 -4.595746e-02  7.822609e-01  4.206144e-01  7.798270e-01  1.670330e+00 6 3 -1.000000e+00
 3.488221e-01 -3.404610e-01  3.027838e+00  0.000000e+00  0.000000e+00  2.314156e-01 -3.776484e-02  5.089471e-01  4.828458e-02
-3.539369e-01  3.140482e-03 -2.361190e+00  1.232259e+01  5.000000e-01  4.123282e-01 -8.589566e-01  1.762585e-01  2.138256e-01
-1.671280e-03  4.311807e-04  6.026376e-04  2.483875e+01  1.000000e+00  4.304501e+01 -7.156872e+00 -7.562405e+00  4.244327e+01
3  1.131254e-01 -3.782519e-01  2.304957e-01  1.169087e-01  9.622310e-01  4.804020e+00 6 3  2.837647e-01
 1.735125e-01 -8.516956e-02  3.770404e+00  0.000000e+00  0.000000e+00  4.504017e-01 -7.627517e-02  1.761161e-01  4.873614e-02
-1.538399e-02  1.939776e-02  1.688336e+00  2.486411e+00  1.000000e+00  2.174284e+00  3.227362e-01  8.261269e-01  1.298487e+00
-2.436601e-02  3.303509e-02 -3.628000e+00  2.484024e+00  5.000000e-01  1.527553e+00  3.127318e-01  6.753852e-01  7.701889e-01
2 -2.935252e+00 -1.466952e+00  1.511528e-01  1.655160e+00  1.972835e-01  4.973880e+00 6 1  3.061229e-01
 2.691067e-01 -1.542418e-02 -5.811827e-01  2.146534e+02  5.000000e-01  2.503853e+00 -1.991551e+00  1.262052e-01  9.916872e-01
 1.181067e-01 -8.630479e-03  1.146578e-01  2.148046e+02  1.000000e+00  5.574283e+00 -3.469237e+00  4.084668e-01  3.587572e+00
3  6.613844e-01 -1.882057e-01  1.689770e+00  6.413063e-01  1.793141e-01  5.128060e+00 6 1 -1.000000e+00
 1.346983e+00 -1.924471e-01  1.598593e+00  0.000000e+00  0.000000e+00  1.647467e-01 -2.045120e-01  1.739909e-01  7.057615e-03
-3.190661e-01  8.969231e-02 -2.866504e-01  9.394555e+01  5.000000e-01  7.000178e-01 -1.550238e+00  1.084122e+00  3.008407e-01
-6.461563e-03  1.460100e-03  2.237923e-04  1.053733e+02  1.000000e+00  6.819140e+01 -6.796241e+00 -2.585494e-01  6.696892e+01
3 -5.885260e-01 -4.012301e-01  4.073972e+00  1.992780e+00  2.033162e-01  5.922830e+00 6 3 -1.000000e+00
-3.249663e+00 -9.407399e-01  7.956701e+00  0.000000e+00  0.000000e+00  5.921923e-01 -1.723519e-01 -1.045073e-01  4.678217e-03
 5.603926e-01  5.017321e-01 -1.617726e+00  2.946602e+02  5.000000e-01  1.285254e+00 -7.911023e-02 -8.326242e-01  1.914076e-01
 6.816831e-02  5.509742e-02  4.881898e-02  3.026749e+02  1.000000e+00  5.828395e+00 -7.401743e-02 -1.680503e+00  4.101032e+00
5 -9.026315e-03  1.049624e-02  4.579553e-01  1.977253e-01  1.000000e+00  3.528610e+00 6 3 -1.000000e+00
 5.342888e-02 -1.645321e-01 -4.427982e+00  1.214680e+00  5.000000e-01  7.164476e-01  4.298086e-01  3.485729e-01  2.582324e-01
-2.430023e-01 -4.643048e-03  6.521319e+00  0.000000e+00  0.000000e+00  5.159154e-01 -2.776049e-01  6.269137e-02  1.094922e-01
 1.965899e-01  1.237379e-01  9.164419e+00  4.031774e-01  0.000000e+00  5.637768e-01 -1.071416e-01 -2.639956e-01  1.415261e-01
 6.362107e-03  2.051677e-01 -8.545659e+00  5.800308e-01  5.000000e-01  6.419011e-01  4.928531e-01  4.846720e-02  2.130226e-01
 9.915079e-04 -1.402143e-03  2.125380e-02  2.306674e+00  1.000000e+00  7.938687e+00  8.413258e-01  6.222146e-01  6.497829e+00
3  7.537800e-01 -1.680910e-01  3.048626e+00  9.359677e-01  7.257649e-01  8.149650e+00 6 1 -1.000000e+00
 2.410296e+00 -6.037674e-01  1.788998e+00  0.000000e+00  0.000000e+00  2.517536e-01 -2.689786e-02  1.330371e-02  1.857903e-03
-5.455067e-01  1.427936e-01 -1.298392e+00  2.792388e+02  5.000000e-01  7.577181e-01 -8.406319e-01  3.496027e-01  1.171874e-01
-6.742111e-03  2.955655e-03  1.750295e-04  3.094083e+02  1.000000e+00  7.913427e+01 -2.728367e+00  1.960097e+01  7.716048e+01
3 -1.643325e-01 -3.954264e-01  8.549460e-01  3.861226e-01  9.510381e-01  6.580770e+00 6 3  2.716872e-01
 5.675125e-01 -1.508692e-01  3.008620e+00  0.000000e+00  0.000000e+00  3.562627e-01 -2.671027e-01  1.033226e-01  1.378773e-02
-2.531863e-01  8.868461e-02 -2.861312e+00  4.829045e+01  5.000000e-01  6.632662e-01 -5.716022e-01  3.689858e-01  1.137783e-01
-3.615349e-03  1.504114e-03  1.125746e-03  6.139602e+01  1.000000e+00  3.167468e+01 -1.365633e+00  7.125427e+00  2.986138e+01
3  1.306905e+00 -2.069291e-01  9.363553e+00  4.157926e+00  9.970615e-01  2.669840e+00 6 3 -1.000000e+00
 6.884757e+00 -2.709681e+00  3.268219e+00  0.000000e+00  0.000000e+00  4.229754e-01 -1.333536e-01  9.590147e-02  3.705330e-03
-2.316022e+00 -9.713491e-01 -3.258615e+00  1.214674e+03  5.000000e-01  1.031362e+00 -3.038619e-01 -4.642524e-01  1.317767e-01
-1.872810e-01 -1.433482e-02  4.689937e-02  1.288152e+03  1.000000e+00  6.026351e+00 -1.703840e+00 -1.019260e+00  4.119438e+00
3  2.145552e-01 -2.789661e-01  8.823163e-01  4.610155e-01  1.581042e-01  4.302330e+00 6 1 -1.000000e+00
 6.399025e-01 -3.935904e-01  2.340932e+00  0.000000e+00  0.000000e+00  2.523291e-01  8.688824e-03  3.629822e-01  4.191553e-02
-8.036455e-02  1.160148e-01 -3.701112e-01  3.311576e+01  5.000000e-01  1.732801e+00  7.421546e-01  1.639541e+00  1.297597e+00
-2.428662e-02  3.240005e-02  4.745975e-02  3.340619e+01  1.000000e+00  6.373420e+00  9.069452e-01  2.642084e+00  5.769462e+00
3  2.735308e-01  1.441621e-01  1.550975e+00  6.931580e-01  4.151638e-01  3.742220e+00 6 1 -1.000000e+00
-3.377233e-01 -3.354768e-01 -9.141347e-01  3.009342e+01  5.000000e-01  9.912819e-01  7.060417e-02 -1.043562e+00  6.983984e-01
 1.121603e+00  1.897763e-01  2.201865e+00  0.000000e+00  0.000000e+00  2.833766e-01 -2.284984e-01 -8.471855e-02  7.405432e-02
-2.599091e-02 -1.910299e-02  1.477224e-02  3.380676e+01  1.000000e+00  1.008676e+01 -3.300869e-01 -3.842615e+00  9.587894e+00
3 -1.720036e-01 -4.130351e-01  9.863946e-01  3.460353e-01  1.089812e-01  4.611870e+00 6 1 -1.000000e+00
-4.406170e-01 -7.215467e-01  1.486111e+00  0.000000e+00  0.000000e+00  1.638955e-01  1.360944e-01 -8.747534e-02  2.206553e-03
 2.176596e-04  3.599979e-03  1.506618e-04  5.979014e+01  1.000000e+00  8.746184e+01  2.189342e+01  1.894587e+01  8.638001e+01
 2.977283e-02  1.454641e-01 -1.619582e-01  5.529504e+01  5.000000e-01  8.070646e-01  2.111868e+00 -1.323508e+00  3.753830e-01
3  2.170248e-01  2.869306e-01  1.549282e+00  6.472545e-01  1.993073e-01  8.792140e+00 6 1 -1.000000e+00
-1.475200e-01 -3.699907e-01 -4.010851e-01  1.850872e+02  5.000000e-01  7.975367e-01  1.259934e+00 -9.730332e-01  1.555383e-01
 1.187813e+00  4.156055e-01  2.012396e+00  0.000000e+00  0.000000e+00  2.760981e-01  8.190382e-03 -1.644589e-01  3.671047e-03
-5.856610e-04 -9.192047e-04  1.078529e-05  2.521221e+02  1.000000e+00  3.156169e+02  4.943661e+01 -6.181403e+01  3.132227e+02
3 -4.028358e-01  5.365116e-02  1.108182e+00  6.394712e-01  1.207083e-01  7.713810e+00 6 1 -1.000000e+00
-8.634575e-01  2.614519e-01  2.442768e+00  0.000000e+00  0.000000e+00  2.788092e-01 -2.954272e-01  1.531900e-01  4.671812e-02
 2.097859e-01 -1.462074e-02 -2.948624e-01  4.658511e+01  5.000000e-01  1.669910e+00 -1.944383e+00  2.440604e-01  1.231345e+00
 3.173289e-02 -2.819083e-03  1.128306e-02  4.789430e+01  1.000000e+00  1.221781e+01 -6.042441e+00  8.364496e-01  1.151076e+01
3 -2.018702e-01  6.740186e-02  1.054269e+00  6.272379e-01  1.048639e-01  6.907680e+00 6 3 -1.000000e+00
 3.639424e-01 -9.932492e-02 -7.481661e-01  2.209083e+01  5.000000e-01  6.149613e-01 -9.788413e-01  7.257590e-01  3.461099e-01
-6.678894e-01  1.170218e-01  7.134637e+00  0.000000e+00  0.000000e+00  2.912454e-01 -5.237388e-01  2.964279e-01  9.022547e-02
 4.907631e-03 -1.075506e-03  6.775138e-04  3.232082e+01  1.000000e+00  4.126689e+01 -1.185325e+01  2.222215e+00  4.044949e+01
1  1.062202e+00  1.525106e+00  0.000000e+00  9.411000e-01  0.000000e+00  7.234680e+00 0 2  2.716068e-01
 1.213023e+00  1.239730e+00  6.082681e+00  0.000000e+00  0.000000e+00  4.721464e-01  9.351793e-02 -3.247809e-01  4.139081e-03
3 -5.286450e-02  1.912288e-01  7.742492e-01  4.132587e-01  3.699025e-01  3.870710e+00 6 1 -1.000000e+00
-1.254453e-01  5.441516e-01  2.040893e+00  0.000000e+00  0.000000e+00  2.703635e-01  1.942381e-01  6.826000e-02  3.619923e-03
 8.559725e-02 -2.007798e-01 -7.549315e-01  1.196966e+02  5.000000e-01  4.949567e-01  9.157562e-01  8.608617e-01  6.481808e-02
 1.403795e-04 -2.467776e-04  3.231721e-06  1.856096e+02  1.000000e+00  5.751131e+02 -7.365138e+01  1.214438e+02  5.735443e+02
5 -6.423387e-02  4.485760e-02  2.558319e+00  1.137147e+00  1.000000e+00  8.213670e+00 6 3 -1.000000e+00
-1.083795e+00 -7.544256e-01  2.894115e+00  0.000000e+00  0.000000e+00  3.627693e-01 -8.909923e-02 -2.293371e-01  4.060031e-02
 6.292985e-01 -5.706751e-01 -1.361733e+00  1.725945e+01  5.000000e-01  6.828072e-01 -3.354531e-02  9.131507e-01  1.182837e-01
-6.767581e-01  7.032172e-01 -2.120469e+00  1.034256e+01  5.000000e-01  6.101811e-01  6.002310e-02  7.873689e-01  8.211348e-02
 7.668048e-01  1.012006e+00  3.097299e+00  1.987661e+00  0.000000e+00  3.648355e-01  1.434675e-01 -2.449268e-01  4.079741e-02
 9.754600e-04 -6.112797e-04  2.539240e-04  3.987982e+01  1.000000e+00  6.446850e+01 -6.356352e+00  7.047058e+00  6.231840e+01
3 -4.861603e-01  9.343840e-01  4.058951e+00  1.845242e+00  1.602983e-01  4.154620e+00 6 3 -1.000000e+00
 2.089545e-01 -7.071551e-01 -5.961353e-01  4.546540e+02  5.000000e-01  1.124791e+00  1.099965e+00  6.950700e-01  2.286054e-01
-2.285900e+00  2.494529e+00  3.718912e+00  0.000000e+00  0.000000e+00  4.329779e-01  3.863582e-02  2.261094e-01  3.304823e-03
 8.232762e-03 -2.176301e-02  1.135685e-03  4.876642e+02  1.000000e+00  3.146110e+01  6.543171e+00  2.130671e+00  2.961441e+01
3 -6.966425e-01  1.384007e-01  2.517433e+00  1.183241e+00  1.955339e-01  3.105170e+00 6 3 -1.000000e+00
 6.533409e-01 -7.571749e-02 -6.171225e-01  1.085265e+02  5.000000e-01  7.713335e-01 -1.255314e+00  3.112843e-01  2.227734e-01
-1.750499e+00  6.719610e-01  3.156089e+00  0.000000e+00  0.000000e+00  3.253870e-01 -3.157853e-01  1.963023e-01  1.345567e-02
 1.160585e-02 -1.459314e-03  5.239362e-04  1.292460e+02  1.000000e+00  4.532844e+01 -7.477966e+00 -6.790931e-01  4.378543e+01
5 -6.404410e+00  2.337718e+00  4.461969e+00  2.213128e+00  1.000000e+00  2.468090e+00 6 3  2.868904e-01
-1.754266e+00 -2.171555e+00  3.831255e+00  0.000000e+00  0.000000e+00  4.220180e-01  5.238747e-02 -2.651559e-01  4.730312e-03
-5.107200e-01  1.504464e+00 -2.042210e+00  2.373462e+02  5.000000e-01  9.492503e-01  5.190276e-01  4.720715e-01  4.009326e-03
 1.579827e+00 -1.676359e+00 -7.738481e+00  8.458348e+01  5.000000e-01  6.214750e-01  2.090286e-02  5.216019e-01  1.182322e-03
 2.334374e+00 -3.848834e-01  8.360160e+00  7.792530e+01  0.000000e+00  4.768072e-01 -3.537861e-01  1.701506e-01  1.922393e-03
 7.184462e-04  3.933427e-03  2.018595e-04  3.436507e+02  1.000000e+00  7.498047e+01  9.276880e+00 -2.081126e+01  6.794974e+01
3 -4.699773e-01  2.905838e-01  1.951514e+00  7.970540e-01  3.027853e-01  4.858560e+00 6 1 -1.000000e+00
 3.867664e-01 -2.671581e-01 -7.036079e-01  1.254475e+02  5.000000e-01  6.956832e-01 -4.622319e-01  1.140262e+00  1.927231e-01
-1.286898e+00  7.364621e-01  2.323785e+00  0.000000e+00  0.000000e+00  3.014585e-01 -1.140250e-01  2.112489e-01  8.693545e-03
 5.407938e-03 -3.852756e-03  2.904837e-04  1.488578e+02  1.000000e+00  6.021758e+01  6.379040e-01  7.986330e+00  5.889222e+01
2  3.335150e-01  2.374184e-02  1.654897e+00  8.256917e-01  3.097792e-01  5.116690e+00 6 3 -1.000000e+00
-5.067303e-01  2.226563e-02 -1.015755e+00  1.046790e+02  5.000000e-01  6.323064e-01 -1.050645e+00  1.258297e-01  8.753782e-02
 1.127759e+00  2.813546e-01  3.278964e+00  0.000000e+00  0.000000e+00  3.845122e-01 -2.552693e-01 -9.321186e-02  7.215508e-03
3 -2.624247e-01  1.537503e+00  2.323600e+00  1.207193e+00  5.475151e-01  4.262860e+00 6 3  2.741308e-01
-1.492831e+00 -7.432906e-01  3.768650e+00  0.000000e+00  0.000000e+00  4.112381e-01 -2.138930e-01 -1.885294e-01  2.787957e-03
 7.793467e-01 -2.571576e-01 -2.063393e+00  2.058928e+02  5.000000e-01  8.205704e-01 -5.464826e-01  4.671087e-01  3.265579e-02
 2.201481e-03 -1.721359e-04  7.342678e-05  2.938500e+02  1.000000e+00  1.201281e+02 -1.934589e+01  1.407909e+01  1.156621e+02
3 -2.230410e-01  1.086776e-02  6.629425e-01  3.383329e-01  1.010726e-01  6.167620e+00 6 3 -1.000000e+00
-4.794612e-01 -9.181567e-02  3.166940e+00  0.000000e+00  0.000000e+00  2.651774e-01 -4.674830e-01 -7.524451e-02  1.926751e-02
 1.790830e-01 -1.557695e-02 -3.200908e-01  3.599725e+01  5.000000e-01  6.768077e-01 -1.754924e+00  3.857547e-01  2.686799e-01
 1.428206e-03 -2.593674e-05  5.964432e-05  4.696691e+01  1.000000e+00  1.333372e+02 -2.725592e+01 -2.048952e+00  1.321299e+02
2  3.660657e-01  1.517964e-01  1.183740e+00  4.047474e-01  2.306611e-01  9.949400e+00 6 1 -1.000000e+00
 8.281411e-01  4.180058e-01  1.635456e+00  0.000000e+00  0.000000e+00  2.104700e-01 -9.030221e-02 -6.126041e-02  2.071534e-03
-2.397496e-01 -9.272959e-02 -3.772362e-01  1.515369e+02  5.000000e-01  4.547057e-01 -1.330103e+00 -1.085831e+00  8.214699e-02
3  7.440665e-01 -4.353248e+00  2.438706e+00  1.181106e+00  8.480717e-01  5.533300e+00 6 1  2.922671e-01
 1.568751e+00 -5.980653e-01  2.596859e+00  0.000000e+00  0.000000e+00  3.489279e-01 -1.649889e-01  1.076707e-01  1.356836e-02
-7.862215e-01  3.549008e-02 -2.202323e+00  1.051471e+02  5.000000e-01  6.615651e-01 -7.527058e-01 -4.514635e-02  1.028151e-01
-3.904213e-03  8.790858e-04  1.195225e-04  1.505599e+02  1.000000e+00  9.658952e+01 -2.483679e+01  1.240414e+01  9.410025e+01
3 -4.991772e-01 -4.043691e-01  1.450807e+00  5.228128e-01  1.183549e-01  5.528060e+00 6 1 -1.000000e+00
-9.594509e-01 -7.000816e-01  1.506210e+00  0.000000e+00  0.000000e+00  1.601532e-01 -4.302671e-02 -1.989307e-01  4.138708e-03
 1.671725e-03  1.701084e-03  2.729491e-05  1.131009e+02  1.000000e+00  1.944049e+02  1.911589e+01 -2.007941e+01  1.933660e+02
 1.945398e-01  1.792065e-01 -1.782674e-01  9.725374e+01  5.000000e-01  6.389177e-01 -2.942515e-01 -2.377677e+00  2.839151e-01
3 -2.233343e-01  1.242222e-01  1.071286e+00  5.951054e-01  3.294434e-01  4.355390e+00 6 1 -1.000000e+00
 3.261349e-01 -1.140386e-01 -6.805531e-01  4.661841e+01  5.000000e-01  6.528687e-01 -9.988427e-01  7.695494e-01  4.154830e-01
-5.688754e-01  4.746972e-01  2.065767e+00  0.000000e+00  0.000000e+00  2.167614e-01 -7.488614e-02  3.518139e-01  5.146011e-02
 5.091776e-03 -2.276584e-03  5.789603e-04  6.161293e+01  1.000000e+00  4.494313e+01 -1.126216e+01  8.770882e+00  4.436422e+01
3  2.008945e+00 -2.185143e-01  1.606804e+00  8.792387e-01  1.159611e-02  6.415520e+00 6 2  2.829024e-01
 1.183329e+00 -7.835480e-01  6.295696e+00  0.000000e+00  0.000000e+00  3.084068e-01 -2.082436e-01  5.254494e-01  4.697220e-03
-8.839021e-03  7.067543e-03  3.385945e-04  2.198666e+02  1.000000e+00  6.084833e+01 -3.812041e+00  2.477712e+01  5.740242e+01
-1.505568e-01  1.123132e-01 -7.300559e-02  2.136202e+02  5.000000e-01  2.420893e+00 -1.284801e+00  3.750440e+00  1.010303e+00
3  4.398194e-01 -4.016313e-01  2.331550e+00  1.039017e+00  7.456737e-02  3.280620e+00 6 2 -1.000000e+00
 1.135394e+00 -1.604806e+00  4.882219e+00  0.000000e+00  0.000000e+00  5.092231e-01  5.780714e-02  1.808186e-01  2.866461e-03
-2.770944e-01  2.501873e-01 -3.640542e-01  5.727478e+02  5.000000e-01  1.222932e+00 -4.204766e-01  1.618562e+00  2.106010e-01
-2.625384e-03  3.533843e-03  6.966315e-05  6.363889e+02  1.000000e+00  1.305251e+02  2.775884e+01  4.063752e+01  1.282443e+02
1  5.115758e-02 -3.591983e-02  0.000000e+00  1.817725e-02  0.000000e+00  9.916580e+00 0 2  2.791335e-01
 1.986314e-02  6.035250e-02  3.627322e+00  0.000000e+00  0.000000e+00  3.792923e-01  2.543463e-01 -2.118976e-01  1.406153e-03
1 -5.916267e+00  4.549847e-02  0.000000e+00  3.666646e+00  0.000000e+00  3.242060e+00 0 2  2.829144e-01
 4.489217e+00 -5.789422e+00  4.642636e+00  0.000000e+00  0.000000e+00  4.097325e-01  2.350648e-02  3.639619e-01  1.413094e-03
3  1.840335e-01 -2.703236e-01  7.521642e-01  3.137430e-01  1.339178e-01  5.352120e+00 6 1 -1.000000e+00
 3.466050e-01 -5.324746e-01  1.639712e+00  0.000000e+00  0.000000e+00  1.966238e-01  6.856688e-02  1.756385e-01  2.009460e-03
-6.683433e-02  9.587156e-02 -2.195866e-01  4.168969e+01  5.000000e-01  6.986280e-01  7.393510e-01  2.024400e+00  2.169058e-01
-1.237537e-03  1.811938e-03  1.711122e-04  4.540806e+01  1.000000e+00  7.798471e+01 -3.429540e+00 -8.412169e+00  7.676458e+01
3 -3.287746e+00 -1.207815e+00  1.540894e+00  6.625589e-01  3.175215e-01  5.552160e+00 6 1  3.005113e-01
 9.471990e-01 -8.237614e-01  1.864035e+00  0.000000e+00  0.000000e+00  2.553064e-01 -2.085239e-02  1.329026e-01  1.532642e-03
-2.760459e-01  1.132697e-01 -5.918712e-01  1.000627e+02  5.000000e-01  8.244811e-01 -8.467279e-01  1.001706e+00  1.173413e-01
-4.338553e-03  1.209181e-03  2.341046e-04  1.114411e+02  1.000000e+00  6.996630e+01 -1.885358e+01 -1.137097e+01  6.752371e+01
3 -8.012364e-02  1.532162e-01  5.248776e-01  3.168128e-01  2.154221e-01  5.352120e+00 6 1 -1.000000e+00
 8.006023e-02 -1.077007e-01 -4.619446e-01  3.525561e+01  5.000000e-01  5.862843e-01  5.236979e-01  1.435849e+00  2.379994e-01
-1.020195e-01  3.845832e-01  2.144369e+00  0.000000e+00  0.000000e+00  2.424060e-01  2.238073e-01  2.398361e-01  1.142834e-02
 1.223373e-03 -1.636519e-03  3.242861e-04  4.266693e+01  1.000000e+00  5.723161e+01 -6.798624e+00  5.663575e+00  5.640605e+01
3 -5.820946e+00 -3.531389e+00  3.093942e+00  1.327589e+00  3.608293e-01  5.545690e+00 6 1  2.960637e-01
-3.459203e-02 -6.580015e-01 -8.545478e-01  2.211164e+02  5.000000e-01  1.134173e+00  1.062024e+00 -2.455947e-01  2.352696e-01
-4.520473e-01  2.407649e+00  2.368288e+00  0.000000e+00  0.000000e+00  3.160538e-01  2.053474e-01  5.804315e-02  8.005952e-03
 1.497682e-03 -2.335820e-02  1.247641e-03  2.379114e+02  1.000000e+00  3.312382e+01  1.500797e+01  2.277711e+00  3.021007e+01
3 -2.252682e-01  1.398266e-01  1.578945e+00  6.998397e-01  5.548423e-01  1.041470e+01 6 3 -1.000000e+00
 3.245165e-01 -3.967295e-01 -1.690311e+00  4.756654e+01  5.000000e-01  8.600194e-01  1.692077e-01  7.632631e-01  2.544383e-01
-1.079370e+00  3.258827e-01  3.046471e+00  0.000000e+00  0.000000e+00  3.612770e-01 -2.420366e-01  1.453843e-01  3.357209e-02
 1.628103e-02 -1.312178e-02  1.174052e-02  5.589381e+01  1.000000e+00  1.051355e+01  4.763859e-01  2.259552e+00  9.076315e+00
3 -1.419945e-01 -8.996930e-02  9.897540e-01  5.551801e-01  3.086068e-01  7.214060e+00 6 3 -1.000000e+00
-3.267643e-01 -6.187410e-01  3.411097e+00  0.000000e+00  0.000000e+00  3.550491e-01  1.059945e-01 -3.340150e-01  1.444431e-02
 3.307314e-01  1.210646e-01 -1.052688e+00  4.197432e+01  5.000000e-01  6.679039e-01 -7.977101e-01 -6.510727e-01  1.005653e-01
 1.283130e-03  7.059783e-04  1.241573e-04  6.540458e+01  1.000000e+00  9.125020e+01 -8.559442e+00 -4.187834e+00  8.905665e+01
3  2.356639e-01 -5.354802e-01  1.562106e+00  7.772714e-01  7.009071e-02  8.469380e+00 6 2 -1.000000e+00
 2.012272e-01 -1.164081e+00  3.911018e+00  0.000000e+00  0.000000e+00  2.572736e-01  4.626884e-01  2.861364e-01  6.256635e-02
-1.541753e-01  3.570585e-01 -2.741260e-01  4.249761e+01  5.000000e-01  1.084132e+00  1.229818e+00  1.463757e+00  7.675512e-01
-7.890800e-03  2.035307e-02  2.318069e-03  4.698536e+01  1.000000e+00  2.316712e+01  6.081734e+00  4.795846e+00  2.254305e+01
3  9.931764e-01  3.591586e-01  1.265413e+00  8.468375e-01  2.495373e-02  9.093600e+00 6 2  2.810815e-01
-9.146228e-01 -4.890081e-01  3.791632e+00  0.000000e+00  0.000000e+00  3.341914e-01 -3.345631e-01 -2.600576e-01  5.789979e-03
 3.173297e-03  9.398653e-06  2.126228e-05  1.517132e+02  1.000000e+00  2.720326e+02 -1.623457e+02  8.420430e+00  2.703454e+02
 2.512366e-01  2.968384e-03 -9.461536e-02  1.304500e+02  5.000000e-01  1.748623e+00 -3.331211e+00 -1.804914e-01  1.057769e+00
3 -1.329592e-01  2.176923e-03  5.479162e-01  2.442086e-01  4.937695e-01  3.598220e+00 6 1 -1.000000e+00
-3.756471e-01 -1.366628e-02  1.945123e+00  0.000000e+00  0.000000e+00  2.135922e-01 -3.229573e-01  5.425487e-03  2.707789e-02
 1.722277e-01 -6.930832e-03 -9.604424e-01  2.548704e+01  5.000000e-01  4.674261e-01 -1.143909e+00  1.276454e-01  2.086323e-01
 1.347839e-03 -6.307376e-06  1.595849e-04  3.598175e+01  1.000000e+00  8.114298e+01 -1.249907e+01 -6.438355e-01  8.041365e+01
5  3.084937e-01 -2.087346e-01  1.058252e+00  5.683360e-01  1.000000e+00  3.896210e+00 6 3 -1.000000e+00
 4.283543e-01 -6.555126e-01  7.502775e+00  0.000000e+00  0.000000e+00  2.948868e-01  1.565130e-01  5.825842e-01  1.092304e-01
 6.269305e-01 -4.438425e-01 -1.360466e+01  1.192686e-01  5.000000e-01  3.384622e-01 -2.704998e-01  6.617902e-01  1.543136e-01
 7.384625e-01 -2.123030e-01  8.959183e+00  3.833580e-02  0.000000e+00  2.815256e-01 -5.199593e-01  3.663749e-01  1.017756e-01
-1.359452e-02  9.909927e-03  1.957528e-03  4.481458e+01  1.000000e+00  2.803529e+01 -4.163388e+00  1.423815e+01  2.761211e+01
-2.349981e-01  1.690246e-01 -2.008836e-01  3.992060e+01  5.000000e-01  1.525894e+00 -7.869252e-01  2.152979e+00  1.280902e+00
3 -3.049731e-02 -3.652409e-01  9.366108e-01  3.481448e-01  1.198601e-01  6.885870e+00 6 1 -1.000000e+00
-2.094279e-01 -7.239345e-01  1.591672e+00  0.000000e+00  0.000000e+00  1.853030e-01  1.858067e-01 -3.060925e-02  7.640394e-03
-6.241131e-06  1.563627e-03  2.184589e-05  7.530503e+01  1.000000e+00  2.269553e+02  7.139717e+01  1.352867e+01  2.259113e+02
-5.993486e-03  1.903161e-01 -1.907780e-01  6.266654e+01  5.000000e-01  7.913506e-01  2.291226e+00  1.884474e-01  4.234604e-01
3  6.303796e-03  3.024848e-02  2.249794e-01  1.200036e-01  2.414625e-01  3.852930e+00 6 3 -1.000000e+00
 1.679614e-04 -9.057830e-02 -1.795948e+00  2.465007e+00  5.000000e-01  6.241898e-01  8.236757e-01 -1.400024e-01  2.379093e-01
 7.255683e-02  1.224372e-01  7.437792e+00  0.000000e+00  0.000000e+00  3.810941e-01  2.601267e-01 -4.253587e-01  5.836778e-02
 1.061232e-05 -1.365230e-03  3.176332e-03  3.774816e+00  1.000000e+00  1.929303e+01  3.055515e+00  3.235771e+00  1.835433e+01
1 -4.261570e-02 -1.727769e+00  0.000000e+00  2.056025e+00  0.000000e+00  8.469380e+00 0 2  2.780157e-01
 3.756324e+00  1.711382e+00  3.301117e+00  0.000000e+00  0.000000e+00  3.794642e-01 -7.819449e-02 -2.757218e-01  7.392832e-04
3 -3.371769e-01 -1.101774e-01  6.836400e-01  3.573691e-01  1.154098e-01  7.446850e+00 6 1 -1.000000e+00
-5.952916e-01 -1.247853e-01  2.129143e+00  0.000000e+00  0.000000e+00  2.059314e-01 -3.613800e-01 -1.740025e-01  5.025872e-02
 7.049412e-02  3.043401e-02 -2.457240e-01  1.466887e+01  5.000000e-01  3.776011e+00 -2.382320e+00 -2.469898e+00  3.430548e+00
 4.343852e-02  1.873814e-02  1.066437e-01  1.467577e+01  1.000000e+00  6.482847e+00 -3.066138e+00 -3.359075e+00  6.093268e+00
3  1.847755e-01 -9.754399e-02  8.284562e-01  2.944283e-01  9.350768e-01  5.519570e+00 6 1 -1.000000e+00
 5.445995e-01 -2.285164e-01  1.759076e+00  0.000000e+00  0.000000e+00  2.040343e-01 -1.461183e-01  2.091190e-01  1.363870e-02
-1.947778e-01  1.451959e-01 -1.644872e+00  2.542758e+01  5.000000e-01  4.307413e-01 -2.846346e-01  9.224906e-01  1.445085e-01
-3.022901e-03  1.802047e-03  8.631550e-04  3.219272e+01  1.000000e+00  3.528671e+01  3.417728e+00 -2.314564e+00  3.451222e+01
3 -3.896578e-01 -3.644580e-02  1.141555e+00  5.289332e-01  1.646181e-01  7.247500e+00 6 1 -1.000000e+00
-8.476384e-01 -2.669887e-01  2.334077e+00  0.000000e+00  0.000000e+00  2.594219e-01 -3.287134e-01 -1.094009e-01  1.895421e-02
 2.602459e-01  8.220121e-03 -3.842313e-01  1.004634e+02  5.000000e-01  8.842622e-01 -1.616864e+00 -4.175763e-02  4.228564e-01
 8.736965e-03  7.148417e-04  9.600907e-04  1.122820e+02  1.000000e+00  3.427539e+01 -8.041426e+00 -1.009231e+00  3.315130e+01
3  1.735389e-01 -7.643798e-02  6.450232e-01  2.947457e-01  4.818807e-01  7.703650e+00 6 1 -1.000000e+00
 4.210815e-01 -1.945886e-01  1.455224e+00  0.000000e+00  0.000000e+00  1.497756e-01 -1.177187e-01  1.477990e-01  7.408200e-03
-1.768250e-01  4.740894e-02 -7.012445e-01  3.168545e+01  5.000000e-01  3.228106e-01 -1.107528e+00  8.111746e-01  1.288630e-01
-5.261646e-04  6.502521e-05  1.095163e-05  4.674714e+01  1.000000e+00  3.196318e+02 -8.596931e+01 -5.315009e+01  3.190929e+02
3 -1.956440e-01 -2.340185e+00  3.535977e+00  1.912103e+00  7.945609e-01  2.666410e+00 6 3  2.739159e-01
 7.194700e-01 -1.020479e-01 -3.235460e+00  4.792932e+02  5.000000e-01  1.210643e+00 -5.840321e-01  1.111405e-01  1.043177e-01
-2.679515e+00  8.726514e-01  4.072010e+00  0.000000e+00  0.000000e+00  4.649198e-01 -1.031540e-01  1.734679e-01  3.363988e-03
 9.105611e-02 -2.508173e-02  7.696179e-02  4.895269e+02  1.000000e+00  5.177872e+00 -1.921334e+00  8.772859e-01  3.035242e+00
3  5.205807e-01 -2.014928e-01  1.264804e+00  6.800871e-01  1.964845e-02  6.397010e+00 6 2  2.712112e-01
 1.749859e-01 -1.056457e+00  3.251862e+00  0.000000e+00  0.000000e+00  2.550358e-01  4.848049e-01  1.114437e-01  1.875678e-03
-2.381519e-05  7.844882e-04  2.305426e-06  3.918904e+02  1.000000e+00  6.617597e+02  2.319410e+01 -4.802204e+01  6.595960e+02
-1.895046e-02  1.933894e-01 -6.389405e-02  3.341830e+02  5.000000e-01  9.152472e-01  3.860254e+00  8.697899e-01  2.533678e-01
5 -4.987720e-02 -7.114903e-02  1.328181e+00  5.886568e-01  1.000000e+00  9.359730e+00 6 3 -1.000000e+00
 2.868537e-01 -5.896572e-01 -9.449522e+00  5.323401e+00  5.000000e-01  4.391835e-01  4.206633e-01  4.933386e-01  6.357664e-02
 5.450358e-01 -4.003991e-01  9.022139e+00  5.188435e+00  0.000000e+00  3.857973e-01 -6.537993e-02  5.119882e-01  4.895944e-02
-7.668776e-01 -1.931600e-01  3.033573e+00  0.000000e+00  0.000000e+00  3.150286e-01 -3.291076e-01 -1.767193e-01  6.185887e-02
 1.740843e-01  5.353382e-01 -1.797964e+00  1.255943e+01  5.000000e-01  5.705905e-01  7.636643e-01 -3.967290e-01  2.194613e-01
 1.246875e-03  1.749736e-03  4.942155e-04  2.804374e+01  1.000000e+00  4.915342e+01  5.433283e+00 -1.630405e+01  4.770511e+01
1 -4.937697e+00  2.281649e+01  0.000000e+00  5.735557e+00  0.000000e+00  1.089870e+01 0 2 -1.000000e+00
 2.055527e+00  3.385087e+01  3.195902e+00  0.000000e+00  0.000000e+00  3.645188e-01  2.741553e-01  1.255966e-01  1.856677e-04
1 -8.462465e-02 -1.164376e-02  0.000000e+00  1.461879e-01  0.000000e+00  4.666440e+00 0 2 -1.000000e+00
-1.906262e-01 -8.202925e-02  3.437137e+00  0.000000e+00  0.000000e+00  4.246018e-01 -1.363611e-01 -1.467956e-01  2.578635e-01
3  1.990285e-01 -1.070298e+00  1.318879e+00  5.893658e-01  4.061657e-01  1.561850e+00 6 1  2.861967e-01
-7.909863e-01 -5.965987e-01  2.587708e+00  0.000000e+00  0.000000e+00  3.334359e-01  8.823372e-03 -2.403902e-01  1.187949e-02
 1.347544e-01  3.427866e-01 -1.051038e+00  7.749156e+01  5.000000e-01  1.026591e+00  8.050788e-01 -5.513578e-01  2.720361e-01
 7.750356e-03  1.427479e-02  4.272379e-03  8.671949e+01  1.000000e+00  1.908932e+01  5.655643e+00 -7.821484e+00  1.627933e+01
1  1.350464e-01  1.322388e-01  0.000000e+00  2.561185e-01  0.000000e+00  4.625820e+00 0 2 -1.000000e+00
 2.420363e-01  3.376654e-01  3.513849e+00  0.000000e+00  0.000000e+00  3.306361e-01  6.282243e-02 -3.993909e-01  9.451099e-02
3  5.733628e-01 -2.724683e-01  1.696315e+00  7.031336e-01  1.522340e-01  5.160140e+00 6 1 -1.000000e+00
 1.457448e+00 -1.517671e-01  1.732220e+00  0.000000e+00  0.000000e+00  2.140609e-01 -1.367572e-01  1.473219e-01  1.962757e-02
-2.106395e-01  1.564046e-01 -2.637026e-01  4.973362e+01  5.000000e-01  2.009752e+00 -6.127943e-01  2.106237e+00  1.537071e+00
-4.823493e-02  3.359017e-02  1.978748e-02  5.034674e+01  1.000000e+00  9.929212e+00 -1.304593e+00  5.243268e+00  9.200537e+00
1 -3.375082e-01 -2.452894e-01  0.000000e+00  2.848475e-01  0.000000e+00  6.862190e+00 0 2 -1.000000e+00
-3.694993e-01 -4.707486e-01  3.116893e+00  0.000000e+00  0.000000e+00  2.379322e-01 -6.329560e-02 -5.058741e-01  6.602597e-02
1  5.500765e-01  3.551265e+00  0.000000e+00  2.165487e+00  0.000000e+00  1.908410e+00 0 2 -1.000000e+00
 2.188704e+00  7.559898e+00  4.031314e+00  0.000000e+00  0.000000e+00  4.767289e-01  1.389488e-01 -8.029820e-02  1.640273e-03
3 -3.818286e-01  5.318553e-02  7.914416e-01  3.293715e-01  1.057309e-01  2.663690e+00 6 1 -1.000000e+00
-7.010766e-01  9.714858e-02  1.709651e+00  0.000000e+00  0.000000e+00  2.016328e-01 -2.182160e-01  6.969411e-02  1.315127e-02
 2.774320e-02  1.019143e-03  2.358658e-02  8.349624e+01  1.000000e+00  9.101860e+00 -4.773873e+00 -6.732601e-01  8.492892e+00
 8.446574e-02  6.964917e-04 -1.807629e-01  8.317742e+01  5.000000e-01  2.373655e+00 -2.710662e+00  2.671110e-01  1.913854e+00
2 -1.205808e+00 -1.025994e+00  1.667918e+00  7.625184e-01  5.531610e-01  8.194920e+00 6 3  2.679604e-01
 2.102868e-01 -1.126337e+00  3.741431e+00  0.000000e+00  0.000000e+00  4.315173e-01  2.137821e-01  1.009573e-01  1.950017e-03
-4.242844e-02  5.223248e-01 -2.069614e+00  1.741836e+02  5.000000e-01  7.985455e-01  7.173348e-01  9.589946e-02  1.888147e-02
3 -6.365177e-01 -7.525845e-02  2.410103e+00  1.366986e+00  3.336344e-02  8.172680e+00 6 2  2.987424e-01
-2.898767e-01  2.237774e+00  3.625119e+00  0.000000e+00  0.000000e+00  3.769606e-01  3.261062e-01  7.732884e-02  1.763735e-03
 2.121598e-02 -1.521668e-01 -1.209464e-01  1.227309e+02  5.000000e-01  3.369555e+00  3.634072e+00  8.224582e-01  1.560133e+00
 7.623203e-03 -4.719989e-02  1.312626e-02  1.229514e+02  1.000000e+00  1.204307e+01  6.405473e+00  2.176276e+00  9.462609e+00
3  9.930851e-02  4.137079e-01  1.686334e+00  9.199267e-01  7.151794e-01  7.670460e+00 6 1 -1.000000e+00
-1.325594e-01 -3.636804e-01 -1.371192e+00  1.264878e+02  5.000000e-01  5.721093e-01  7.637265e-01 -5.736767e-01  1.060106e-01
 3.059436e-01  1.264643e+00  1.917270e+00  0.000000e+00  0.000000e+00  2.748308e-01  6.470984e-02 -1.038954e-02  3.571709e-03
-1.532053e-03 -3.787367e-03  2.483981e-04  1.505576e+02  1.000000e+00  6.515641e+01 -7.549809e+00 -5.766299e+00  6.393774e+01
3 -3.128054e+00 -5.501953e+00  5.039991e+00  2.756788e+00  5.197915e-02  5.509130e+00 6 2  2.720153e-01
 4.741294e-01 -4.728016e+00  3.929994e+00  0.000000e+00  0.000000e+00  4.455965e-01  2.277044e-01 -3.256842e-02  4.269885e-04
 3.245574e-03  4.271200e-02  3.925204e-03  1.568753e+03  1.000000e+00  1.965970e+01  9.619519e+00 -9.409434e-01  1.533459e+01
 6.014446e-02  2.949443e-01 -2.042778e-01  1.562717e+03  5.000000e-01  3.026645e+00  2.575888e+00 -1.538630e+00  5.083325e-01
