# num_image x_src y_src, sep, ein, fr, zs, fs, flag_out, frac_sh_trunc
# x_img, y_img, mag, delay, n_i, kappa, gamma1, gamma2, kappa*
# zmin, zmax, log10Mhmin, log10Mhmax, log10mshmin, log10mshmax, n_bins: 0.10, 3.00, 10.00, 16.00, 9.00, 16.00, 100
3 -2.041605e+00  2.985788e+00  1.088498e+00  6.491912e-01  3.000403e-01  6.413840e+00 6 1  3.248333e-01
 5.448891e-02  9.430853e-01  2.031621e+00  0.000000e+00  0.000000e+00  2.412573e-01  2.775444e-01  8.026016e-02  2.243217e-02
 5.465570e-02 -1.454128e-01 -6.095681e-01  2.217508e+01  5.000000e-01  1.742129e+00  1.077048e+00  1.015494e+00  1.075668e+00
 2.006724e-02 -5.863900e-02  1.327111e-01  2.224683e+01  1.000000e+00  4.350216e+00  1.375670e+00  1.340267e+00  3.433012e+00
3 -4.300980e-01  4.810531e-01  8.147002e-01  4.359557e-01  2.711905e-01  7.456520e+00 6 3  2.833589e-01
 3.263442e-01 -4.641688e-01  4.724158e+00  0.000000e+00  0.000000e+00  3.964295e-01  1.872090e-01  3.428881e-01  9.109013e-03
-5.371289e-02  2.564511e-01 -1.281147e+00  2.672933e+01  5.000000e-01  8.599900e-01  8.397550e-01  3.081638e-01  6.308154e-02
-9.851569e-04  3.012967e-03  8.979884e-04  3.401360e+01  1.000000e+00  3.472476e+01  3.256377e+00  3.627071e+00  3.058776e+01
3  6.770610e-01  4.993692e-01  1.597914e+00  6.580082e-01  1.181954e-01  6.619330e+00 6 1 -1.000000e+00
 1.416598e+00  5.135412e-01  1.745217e+00  0.000000e+00  0.000000e+00  2.079061e-01  1.775744e-04 -2.332767e-01  7.275995e-03
-7.785946e-02 -5.208086e-02 -2.062766e-01  1.409997e+02  5.000000e-01  4.028065e+00 -1.165484e+00 -3.557905e+00  3.424521e+00
-5.558953e-02 -3.632255e-02  1.110784e-01  1.410118e+02  1.000000e+00  6.177409e+00 -1.512304e+00 -3.939016e+00  5.521431e+00
1  9.422386e-02  8.581726e-02  0.000000e+00  8.427793e-02  0.000000e+00  3.234720e+00 0 2  2.955088e-01
-1.030647e-01  4.038752e-02  6.603803e+00  0.000000e+00  0.000000e+00  4.780464e-01 -2.643201e-01  2.261473e-01  3.791158e-03
3  4.493800e-01  3.311341e-01  6.770813e-01  3.105161e-01  1.575093e-01  2.657970e+00 6 1  2.875555e-01
 4.244423e-01 -4.231733e-01  1.734784e+00  0.000000e+00  0.000000e+00  2.295138e-01  2.510845e-02  1.287557e-01  6.877237e-03
-5.412584e-02  5.579604e-02 -2.732447e-01  5.184489e+01  5.000000e-01  1.879161e+00  2.706566e-01  2.087916e+00  9.786572e-01
-1.143327e-02  1.072058e-02  1.312214e-02  5.229876e+01  1.000000e+00  1.121203e+01 -5.699847e-01  5.268158e+00  9.650909e+00
3  4.736554e-01  5.595192e+00  7.403584e+00  5.270627e+00  4.944648e-01  7.735140e+00 6 3  2.870138e-01
 6.444102e-01  6.210239e+00  3.052952e+00  0.000000e+00  0.000000e+00  3.951067e-01  1.716573e-01 -9.422232e-02  5.759633e-03
-1.498160e+00 -8.765410e-01 -1.509577e+00  2.102936e+02  5.000000e-01  1.369620e+00 -4.929699e-01 -7.456787e-01  2.558674e-01
-2.392594e-01 -1.815021e-01  1.258530e-01  2.152151e+02  1.000000e+00  4.375909e+00 -9.351258e-01 -1.605156e+00  2.296749e+00
3 -5.906998e-02  3.856754e-02  1.602868e-01  8.108796e-02  2.182133e-01  2.924000e+00 6 1 -1.000000e+00
-1.192243e-01  6.214583e-02  1.801720e+00  0.000000e+00  0.000000e+00  1.830033e-01 -9.691622e-02  3.210385e-01  3.460422e-02
 2.347360e-02 -1.085534e-02 -3.931592e-01  6.245612e+00  5.000000e-01  1.438463e+00 -8.810038e-01  1.399850e+00  1.203532e+00
 6.296323e-03 -2.679285e-03  4.035645e-02  6.309785e+00  1.000000e+00  6.550563e+00 -1.983570e+00  1.447418e+00  6.245597e+00
3  6.095403e-02 -2.687812e-01  7.982423e-01  3.280855e-01  1.409529e-01  2.879300e+00 6 1 -1.000000e+00
 2.544771e-02 -5.772584e-01  1.871366e+00  0.000000e+00  0.000000e+00  1.780590e-01  3.661266e-01  8.467250e-02  9.052339e-03
-7.773704e-02  2.142867e-01 -2.637745e-01  5.457922e+01  5.000000e-01  4.747885e-01  1.601186e+00  1.226037e+00  2.211449e-01
-1.332993e-04  3.075317e-04  1.266942e-06  8.709875e+01  1.000000e+00  9.649268e+02  1.626403e+02  3.367505e+02  9.640902e+02
3 -1.421727e-03 -2.340038e-01  1.590571e+00  8.469205e-01  4.966228e-01  4.694110e+00 6 3 -1.000000e+00
-3.618793e-01 -1.021432e+00  3.499361e+00  0.000000e+00  0.000000e+00  3.889598e-01  2.668244e-01 -1.280953e-01  1.990732e-02
-1.432245e-01  5.540386e-01 -1.737863e+00  4.662899e+01  5.000000e-01  6.098533e-01  7.188083e-01  4.592913e-01  1.161721e-01
-7.891120e-05  2.849425e-03  2.296482e-04  7.404975e+01  1.000000e+00  6.747872e+01  7.694990e+00  2.391894e+00  6.602421e+01
3  1.512918e-01  5.100942e-02  5.548465e-01  2.395009e-01  2.246568e-01  4.875270e+00 6 1 -1.000000e+00
-1.474238e-01 -8.439563e-02 -5.049888e-01  4.813392e+01  5.000000e-01  6.313389e-01 -8.578798e-01 -1.174817e+00  3.837298e-01
 3.895824e-01  5.517175e-02  2.247823e+00  0.000000e+00  0.000000e+00  2.134906e-01 -3.931572e-01 -1.383820e-01  3.150244e-02
-2.410286e-03 -1.386496e-03  4.404687e-04  6.179850e+01  1.000000e+00  5.102977e+01 -8.098629e-01 -1.523198e+01  5.046702e+01
5 -3.093517e-02  6.938521e-02  2.248169e+00  9.091945e-01  1.000000e+00  4.409160e+00 6 3 -1.000000e+00
-5.170033e-02 -8.102405e-01 -2.013002e+00  3.583533e+01  5.000000e-01  6.122549e-01  7.958158e-01 -1.174477e-01  7.169971e-02
 1.096032e+00  4.299255e-02  4.481559e+00  1.273946e+01  0.000000e+00  4.358279e-01 -3.025343e-01 -6.022041e-02  1.929786e-02
-1.126238e+00  3.832562e-01  3.506653e+00  0.000000e+00  0.000000e+00  4.003992e-01 -1.826854e-01  2.024226e-01  1.520148e-02
 3.290789e-01  8.615698e-01 -3.456453e+00  2.155821e+01  5.000000e-01  5.600154e-01  5.513312e-01 -4.230062e-01  5.055293e-02
 1.668084e-04 -4.805741e-04  5.119689e-05  9.830042e+01  1.000000e+00  1.427610e+02  2.314959e+01  5.277590e+00  1.397228e+02
3  1.842712e-01 -2.856498e-02  4.123552e-01  1.329019e-01  1.150206e-01  2.889620e+00 6 1 -1.000000e+00
 3.579917e-01 -3.644929e-02  1.596945e+00  0.000000e+00  0.000000e+00  1.956539e-01 -1.055210e-01  9.819615e-02  4.723863e-03
-5.318273e-02 -5.265238e-03 -1.836816e-01  1.825793e+01  5.000000e-01  1.245118e+00 -2.340844e+00  1.572660e-01  8.221770e-01
-5.399946e-03 -1.148264e-03  2.574333e-03  1.872855e+01  1.000000e+00  2.288358e+01 -6.062675e+00 -7.326980e+00  2.218295e+01
3  3.855789e-02 -4.699547e-01  1.656425e+00  5.856380e-01  2.094259e-01  5.163640e+00 6 1 -1.000000e+00
 4.460477e-02 -1.279042e+00  2.251416e+00  0.000000e+00  0.000000e+00  3.200373e-01  1.283579e-01  4.133455e-02  5.288955e-03
-9.939087e-03  3.764842e-01 -4.715048e-01  1.886987e+02  5.000000e-01  6.646548e-01  1.478531e+00  2.174202e-01  1.690710e-01
 1.110285e-04  1.218346e-03  7.385003e-06  2.483306e+02  1.000000e+00  3.908160e+02  1.101363e+02 -6.646012e+01  3.894549e+02
3  6.956551e-02  4.819811e-01  1.273327e+00  5.808631e-01  1.263373e-01  6.385680e+00 6 1 -1.000000e+00
 2.109657e-01  9.943830e-01  1.932510e+00  0.000000e+00  0.000000e+00  2.413117e-01  2.263701e-01 -8.308317e-02  4.040546e-03
-2.069808e-02 -2.576922e-01 -2.441482e-01  1.732639e+02  5.000000e-01  6.710373e-01  2.015765e+00 -3.752064e-01  2.015337e-01
-6.156371e-05 -1.309223e-03  1.228016e-05  2.123765e+02  1.000000e+00  2.896786e+02  3.882644e+01  1.989067e+01  2.882627e+02
3 -3.708246e-02 -5.213445e-01  1.337646e+00  6.119866e-01  1.539500e-01  5.781650e+00 6 1 -1.000000e+00
-8.192543e-02 -1.055827e+00  1.594027e+00  0.000000e+00  0.000000e+00  1.841477e-01  1.918595e-01 -3.824677e-02  4.155178e-03
 1.466533e-02  2.783273e-01 -2.454003e-01  1.448555e+02  5.000000e-01  5.537907e-01  2.054992e+00 -2.260176e-01  1.818020e-01
 5.362851e-05  1.044753e-03  6.870810e-06  1.830451e+02  1.000000e+00  3.841503e+02  3.537743e+01  3.051794e+00  3.828990e+02
5  1.410723e+00 -9.307124e-01  4.388957e+00  1.959901e+00  1.000000e+00  6.900570e+00 6 3 -1.000000e+00
 1.634906e+00 -2.889420e+00 -1.535979e+01  1.959018e+02  5.000000e-01  6.295717e-01  8.417998e-02  4.418551e-01  9.497215e-04
 3.719988e+00  3.566599e-01  3.294227e+00  0.000000e+00  0.000000e+00  3.926043e-01 -2.350270e-01  1.006502e-01  8.385093e-04
 1.188874e+00 -3.228924e+00  1.542580e+01  1.948465e+02  0.000000e+00  5.585975e-01  1.244961e-01  3.383939e-01  7.005131e-04
-1.520618e-01  9.801581e-02 -1.753599e-02  1.335537e+03  5.000000e-01  5.337888e+00 -3.031443e+00  8.164142e+00  3.529761e+00
-1.537912e-02  9.014375e-03  1.919766e-04  1.347862e+03  1.000000e+00  8.841017e+01 -2.516014e+01  4.240916e+01  8.565595e+01
3 -1.547634e-01 -1.559403e-01  2.065062e+00  1.083566e+00  3.848868e-01  7.163550e+00 6 3 -1.000000e+00
-9.363651e-01 -7.942654e-01  6.530017e+00  0.000000e+00  0.000000e+00  4.013197e-01 -5.929356e-02 -4.491808e-01  2.369182e-02
 5.747527e-01  6.132161e-01 -2.513317e+00  4.044062e+01  5.000000e-01  5.194219e-01  7.817172e-02 -7.891293e-01  6.476139e-02
 6.251358e-04  5.598111e-04  1.795579e-05  1.002295e+02  1.000000e+00  2.399186e+02 -1.559920e+01 -3.385879e+01  2.380342e+02
3  4.376577e-01  3.335467e-01  1.510701e+00  6.547570e-01  2.352251e-01  4.572610e+00 6 1 -1.000000e+00
 8.911083e-01  7.969201e-01  1.406202e+00  0.000000e+00  0.000000e+00  1.523608e-01 -2.864051e-02 -8.084818e-02  5.561652e-03
-2.785406e-01 -1.591865e-01 -3.307740e-01  1.205990e+02  5.000000e-01  5.006806e-01 -8.582842e-01 -1.592445e+00  2.429018e-01
-2.264395e-03 -1.217075e-03  3.987516e-05  1.465561e+02  1.000000e+00  1.622036e+02 -2.955546e+01 -5.900442e+00  1.615375e+02
3 -1.625197e-01 -1.814555e-01  7.332846e-01  2.482020e-01  1.954319e-01  6.141840e+00 6 1 -1.000000e+00
-4.925000e-01 -3.498839e-01  1.533442e+00  0.000000e+00  0.000000e+00  1.895145e-01  6.615095e-02 -1.956945e-02  5.839896e-03
 7.083800e-02  1.195377e-01 -2.996834e-01  8.176487e+01  5.000000e-01  7.361647e-01  9.750446e-01 -1.567084e+00  3.842331e-01
 1.248590e-03  1.738842e-03  1.297545e-04  9.333837e+01  1.000000e+00  9.138997e+01  1.334213e+01 -1.689595e+01  9.058866e+01
1  1.106890e-01 -7.977618e-01  0.000000e+00  1.848858e-01  0.000000e+00  3.727920e+00 0 2  3.151025e-01
-3.864186e-01  4.907003e-01  3.742836e+00  0.000000e+00  0.000000e+00  3.808771e-01  1.507531e-01  3.056299e-01  4.367967e-03
2 -2.922324e-01 -9.007428e-02  8.672520e-01  3.587920e-01  1.289955e-01  6.430830e+00 6 1 -1.000000e+00
-7.001056e-01  1.110495e-01  1.710480e+00  0.000000e+00  0.000000e+00  1.915054e-01 -2.401062e-01 -1.066830e-01  2.291443e-03
 1.669696e-01  9.354042e-02 -2.206441e-01  8.082932e+01  5.000000e-01  6.524998e-01 -9.865878e-01 -1.918225e+00  1.269193e-01
1  1.436519e+00 -1.476510e+00  0.000000e+00  1.813343e+00  0.000000e+00  3.087500e+00 0 2 -1.000000e+00
 3.765327e+00 -3.439320e+00  3.527182e+00  0.000000e+00  0.000000e+00  4.411872e-01 -5.827165e-02  1.592600e-01  4.395026e-03
3 -2.982954e-01  7.283235e-01  1.315953e+00  5.724581e-01  2.077782e-01  5.349290e+00 6 3  2.703854e-01
-8.056773e-01 -7.898480e-02  4.203830e+00  0.000000e+00  0.000000e+00  4.619231e-01 -2.215793e-01 -5.050805e-02  3.333185e-03
 5.043675e-01  4.557447e-02 -2.023229e+01  7.060334e+01  5.000000e-01  6.549739e-01 -4.071263e-01 -5.212578e-02  1.267263e-02
 5.998791e-04  1.247085e-04  4.545008e-05  1.271724e+02  1.000000e+00  1.503022e+02 -7.015207e+00 -1.548444e+01  1.459919e+02
3  1.063108e-01  3.000863e-01  7.377077e-01  5.486063e-01  1.504600e-01  7.716310e+00 6 1 -1.000000e+00
-2.030324e-02  6.394436e-01  1.570091e+00  0.000000e+00  0.000000e+00  1.639802e-01  2.115629e-01 -1.313944e-01  5.791286e-03
-1.132890e-01 -9.238034e-02 -2.362358e-01  2.824179e+01  5.000000e-01  1.448777e+00  2.175697e-01 -2.094546e+00  1.181697e+00
-1.430527e-02 -1.106594e-02  6.226189e-03  2.916334e+01  1.000000e+00  1.751538e+01 -6.080248e+00 -8.670437e+00  1.709518e+01
3  4.389783e-01  1.493092e-01  1.514599e+00  7.139827e-01  1.497992e-01  6.985950e+00 6 3 -1.000000e+00
 1.120247e+00  2.811620e-01  3.185282e+00  0.000000e+00  0.000000e+00  3.307834e-01 -2.894859e-01 -2.238412e-01  6.945111e-03
-3.409065e-01 -1.176380e-01 -4.771526e-01  1.483898e+02  5.000000e-01  7.977632e-01 -1.145674e+00 -9.077979e-01  1.726912e-01
-2.670909e-03 -9.666798e-04  6.091042e-05  1.809102e+02  1.000000e+00  1.312254e+02 -1.655842e+01 -1.633807e+01  1.291896e+02
5 -1.867268e-01  6.462335e-02  1.220638e+00  9.167978e-01  1.000000e+00  7.457150e+00 6 3 -1.000000e+00
-8.160482e-01 -5.345511e-01  4.469122e+00  0.000000e+00  0.000000e+00  4.966055e-01 -8.296532e-02 -1.508815e-01  1.007252e-01
-6.298061e-01  4.048707e-01 -2.073994e+01  3.876143e+00  5.000000e-01  5.610997e-01 -9.924271e-02  4.806252e-01  5.112081e-02
 2.848719e-01 -2.561539e-02 -1.385751e+00  3.267776e+01  5.000000e-01  1.485988e+00 -8.937748e-01  3.987252e-01  7.438545e-01
-4.081837e-01  6.159288e-01  1.755460e+01  3.757148e+00  0.000000e+00  5.005877e-01  1.311920e-01  4.186122e-01  3.296853e-02
 7.524707e-02 -2.333375e-03  2.010632e-01  3.332862e+01  1.000000e+00  4.113046e+00 -2.171612e+00 -3.993560e-02  3.063585e+00
3  8.403803e-01  4.514513e-02  2.199855e+00  7.931049e-01  1.740751e-01  4.864340e+00 6 1 -1.000000e+00
 1.804915e+00  2.438850e-01  1.700584e+00  0.000000e+00  0.000000e+00  2.087348e-01 -1.881532e-01 -5.163146e-02  4.390075e-03
-3.800160e-01 -1.193217e-02 -2.960293e-01  2.782846e+02  5.000000e-01  8.741159e-01 -1.840963e+00  6.887703e-02  2.862702e-01
-9.197109e-03 -1.648485e-03  3.029350e-04  3.029415e+02  1.000000e+00  5.925883e+01 -5.374725e+00 -8.010335e+00  5.763341e+01
1 -9.384912e-03  1.662330e-02  0.000000e+00  6.994668e-03  0.000000e+00  5.294330e+00 0 2 -1.000000e+00
-1.825704e-02  3.692994e-02  3.260788e+00  0.000000e+00  0.000000e+00  4.303086e-01  5.044562e-02  1.238114e-01  3.374807e-02
1 -2.193126e+00  5.147391e-01  0.000000e+00  2.248665e+00  0.000000e+00  4.279320e+00 0 2  2.915989e-01
 2.789360e+00 -2.479609e+00  4.901685e+00  0.000000e+00  0.000000e+00  4.972946e-01 -1.319112e-01  1.769200e-01  8.642263e-03
3 -1.866325e-01  1.468633e+00  1.273819e+00  4.715991e-01  2.945925e-01  5.850850e+00 6 1  3.019289e-01
 2.401242e-01  5.131765e-02 -4.587940e-01  4.885879e+01  5.000000e-01  8.045755e-01 -1.279700e+00 -7.616998e-01  2.722653e-01
-1.019971e+00  2.377983e-01  1.557385e+00  0.000000e+00  0.000000e+00  1.875193e-01 -1.332975e-01 -1.596064e-02  6.139982e-03
 6.847051e-03 -1.873753e-05  6.577721e-04  5.346908e+01  1.000000e+00  4.033677e+01 -5.202830e+00  1.696097e-01  3.873075e+01
3 -2.408106e-02  1.269598e-01  6.495652e-01  3.420996e-01  3.687663e-01  4.197120e+00 6 1 -1.000000e+00
 1.059319e-01 -1.993488e-01 -9.571709e-01  2.100107e+01  5.000000e-01  7.426929e-01  6.432205e-01  8.349969e-01  4.450371e-01
 4.901781e-02  4.477182e-01  2.595603e+00  0.000000e+00  0.000000e+00  2.802034e-01  3.594482e-01 -6.030834e-02  5.207811e-02
 2.315550e-03 -5.647832e-03  3.145703e-03  2.670509e+01  1.000000e+00  1.991220e+01  2.256581e+00  5.889414e+00  1.925808e+01
3 -4.990043e-01  6.880832e-01  1.027270e+00  4.087310e-01  4.271649e-01  5.535170e+00 6 1  2.837338e-01
-6.659201e-01 -4.971139e-01  1.735588e+00  0.000000e+00  0.000000e+00  2.369231e-01  1.341083e-02 -7.702655e-02  3.359695e-03
 1.474678e-01  1.303287e-01 -7.413824e-01  6.571284e+01  5.000000e-01  8.455155e-01 -9.141655e-02 -1.168050e+00  1.770240e-01
 2.034895e-03  1.684402e-03  1.435534e-04  7.339622e+01  1.000000e+00  8.688080e+01 -4.516407e+00 -1.972474e+01  8.443601e+01
3  2.280960e-01 -2.158649e-01  1.047179e+00  4.796298e-01  1.247714e-01  1.120210e+00 6 1  2.969454e-01
-7.881710e-01 -5.155218e-01  2.564987e+00  0.000000e+00  0.000000e+00  2.842882e-01 -1.262640e-01 -3.262441e-01  1.710575e-02
 7.151263e-02  8.241410e-02 -3.200370e-01  6.005609e+01  5.000000e-01  4.101492e+00  3.911669e-01 -3.548363e+00  2.690073e+00
 4.503033e-02  5.238050e-02  1.393509e-01  6.007494e+01  1.000000e+00  6.677697e+00  7.198340e-01 -4.953983e+00  4.959063e+00
3  1.412435e-01  2.512158e-01  9.778599e-01  9.011633e-01  6.152007e-01  2.067820e+00 6 1 -1.000000e+00
 3.319558e-01  6.910041e-01  1.831614e+00  0.000000e+00  0.000000e+00  2.244315e-01  1.770120e-01 -1.555849e-01  6.585478e-03
-2.270156e-01 -1.113430e-01 -1.126810e+00  5.820934e+01  5.000000e-01  8.213282e-01 -2.890388e-01 -9.142435e-01  3.871754e-01
-1.631260e-02 -8.246177e-03  1.021494e-02  6.224082e+01  1.000000e+00  1.291353e+01 -6.364542e+00 -1.878587e+00  1.198873e+01
3  1.671086e-02  2.436957e-01  9.165160e-01  3.404276e-01  2.423769e-01  4.759910e+00 6 1 -1.000000e+00
-2.754603e-02 -2.681649e-01 -5.051133e-01  5.399266e+01  5.000000e-01  7.052219e-01  1.381867e+00 -3.963480e-01  4.157646e-01
-3.420338e-02  6.483269e-01  2.083999e+00  0.000000e+00  0.000000e+00  2.373300e-01  3.190590e-01  4.505323e-03  4.510193e-02
-1.178806e-04 -3.144277e-03  1.631518e-04  7.105850e+01  1.000000e+00  8.630296e+01  3.385613e+01 -1.047397e+00  8.552288e+01
1  1.621371e+01 -1.052352e+01  0.000000e+00  3.884256e+00  0.000000e+00  5.524950e+00 0 2  2.784983e-01
 1.286847e+01 -5.805059e+00  3.133399e+00  0.000000e+00  0.000000e+00  3.078720e-01 -2.342363e-01  3.240868e-01  3.410163e-05
3  9.506280e-01 -1.707639e+00  2.519367e+00  1.122194e+00  4.925763e-01  7.705030e+00 6 3  2.827725e-01
-1.178084e+00 -1.313113e+00  1.856902e+00  0.000000e+00  0.000000e+00  2.482855e-01  3.207821e-02 -1.597319e-01  4.937914e-03
 2.397845e-01  7.694004e-01 -3.769775e+00  1.836959e+02  5.000000e-01  6.115803e-01  5.960983e-01 -2.465855e-01  3.869953e-02
 2.922092e-03  3.493059e-03  1.777345e-04  2.440435e+02  1.000000e+00  7.754344e+01 -1.141482e-01 -1.524845e+01  7.280068e+01
3  1.631569e-01 -2.958995e-01  1.310453e+00  5.084507e-01  1.797901e-01  3.717320e+00 6 1 -1.000000e+00
 8.773149e-01 -6.272841e-01  2.015438e+00  0.000000e+00  0.000000e+00  2.879654e-01  4.410670e-02  9.422177e-02  8.540147e-03
-8.320209e-02  2.641723e-01 -3.623556e-01  1.299868e+02  5.000000e-01  1.042192e+00  1.488906e+00  7.380100e-01  3.732962e-01
-2.389383e-03  4.568072e-03  2.991995e-04  1.483922e+02  1.000000e+00  6.270241e+01  1.310183e+01  1.712534e+01  6.108126e+01
5 -1.048625e+00  6.997912e-01  3.054320e+00  1.270448e+00  1.000000e+00  5.344260e+00 6 3  2.789467e-01
 2.110843e-01 -8.134527e-01 -2.288770e+00  1.001539e+02  5.000000e-01  8.133512e-01  5.198191e-01  4.489340e-01  2.030497e-02
-1.467450e+00 -4.177635e-01  7.615401e+00  5.995733e+01  0.000000e+00  6.009090e-01 -1.529690e-01  6.753734e-02  6.280438e-03
-1.191690e+00  2.978248e-01 -5.538075e+00  6.298011e+01  5.000000e-01  6.859219e-01 -2.976921e-01  4.365692e-01  9.525132e-03
 8.892492e-01  1.525131e+00  3.909707e+00  0.000000e+00  0.000000e+00  4.507367e-01  1.079273e-01 -1.851170e-01  3.449073e-03
-1.275449e-03 -5.154838e-03  8.205896e-04  1.353786e+02  1.000000e+00  3.653471e+01  4.876300e+00 -4.505691e+00  3.168819e+01
2  2.567267e-01  1.182941e+00  2.170813e+00  1.148134e+00  1.578341e-01  6.371420e+00 6 1  2.757449e-01
 4.519996e-01 -1.284610e-01 -4.545097e-01  2.747368e+02  5.000000e-01  1.143387e+00 -1.314060e+00  7.028368e-01  3.813737e-02
-1.275949e+00  1.185549e+00  2.879668e+00  0.000000e+00  0.000000e+00  3.443477e-01 -9.368883e-02  2.717353e-01  7.569229e-04
2  8.852982e-01  1.212727e-01  5.566922e+00  2.160590e+00  5.574893e-01  6.197450e+00 6 3 -1.000000e+00
-1.129443e+00 -3.468903e-01 -4.948481e+00  1.324951e+03  5.000000e-01  8.933953e-01 -2.764280e-01 -3.701815e-01  1.766415e-02
 4.436995e+00 -2.734567e-01  2.758725e+00  0.000000e+00  0.000000e+00  3.868596e-01 -7.794986e-02 -8.589939e-02  4.724077e-04
3  3.846515e-01 -5.884012e-01  1.585212e+00  6.301817e-01  1.337810e-01  5.315180e+00 6 1 -1.000000e+00
 6.502668e-01 -1.211319e+00  1.486452e+00  0.000000e+00  0.000000e+00  1.690131e-01  1.011702e-02  1.330191e-01  4.971510e-03
-7.608261e-03  1.283266e-02  1.561625e-03  9.972180e+01  1.000000e+00  2.666211e+01  2.721433e+00  3.283181e+00  2.577794e+01
-1.130137e-01  1.780332e-01 -1.988591e-01  9.632688e+01  5.000000e-01  1.064830e+00  8.584488e-01  2.072668e+00  6.202664e-01
3  8.357980e-02  5.370491e-01  1.448570e+00  5.382338e-01  1.281827e-01  3.854580e+00 6 1 -1.000000e+00
 5.633391e-02  1.102346e+00  1.753482e+00  0.000000e+00  0.000000e+00  1.942767e-01  2.703002e-01 -7.638028e-02  1.375385e-02
-5.830147e-02 -3.416809e-01 -2.247659e-01  9.829068e+01  5.000000e-01  6.537564e-01  1.978452e+00 -8.091261e-01  3.315177e-01
-1.694572e-04 -1.437986e-03  7.214774e-06  1.305492e+02  1.000000e+00  3.959324e+02  1.300355e+02 -2.139874e+01  3.948969e+02
3  5.678496e-02  8.736401e-01  7.777888e-01  3.468178e-01  1.571378e-01  4.864340e+00 6 3  2.788686e-01
-9.452567e-02 -2.292042e-01 -7.443786e-01  2.995043e+01  5.000000e-01  7.493129e-01  8.043609e-01 -8.713495e-01  2.665630e-01
 2.129833e-01  4.852141e-01  4.737106e+00  0.000000e+00  0.000000e+00  3.658447e-01  2.809537e-01 -3.348412e-01  3.804305e-02
-1.012776e-03 -2.658327e-03  3.327495e-04  4.057840e+01  1.000000e+00  5.884750e+01  1.517547e+01 -1.052495e+01  5.736318e+01
3 -1.496538e-01  1.515781e-01  5.779389e-01  2.172452e-01  1.415691e-01  4.776880e+00 6 1 -1.000000e+00
-2.835829e-01  3.472276e-01  1.840033e+00  0.000000e+00  0.000000e+00  2.239232e-01 -9.638288e-03  2.423507e-01  1.176582e-02
 8.774559e-02 -9.563636e-02 -2.604919e-01  6.032770e+01  5.000000e-01  6.741659e-01 -3.033925e-02  1.985986e+00  3.283735e-01
 6.481513e-04 -8.594769e-04  3.335437e-05  7.445600e+01  1.000000e+00  1.822297e+02  2.996877e+01  4.432831e+01  1.813525e+02
3  1.424017e+00 -7.575843e-01  6.135788e+00  3.357677e+00  1.763740e-01  5.488640e+00 6 3 -1.000000e+00
 3.756916e+00 -4.091347e+00  3.065677e+00  0.000000e+00  0.000000e+00  4.043976e-01 -5.474799e-02  1.598523e-01  3.985190e-03
-5.994981e-01  2.294809e-01 -5.407057e-01  5.319112e+02  5.000000e-01  2.141368e+00 -1.394868e+00  1.098408e+00  9.445316e-01
-1.814256e-01  7.627200e-02  5.675543e-02  5.336389e+02  1.000000e+00  6.787168e+00 -2.954913e+00  2.672141e+00  5.143113e+00
3 -3.796511e-01  2.697109e-01  3.189353e+00  1.464073e+00  2.888903e-01  5.351780e+00 6 3 -1.000000e+00
 7.557469e-01 -6.094768e-01 -2.102602e+00  1.116901e+02  5.000000e-01  9.428134e-01 -2.090099e-01  6.596866e-01  2.631480e-01
-1.688152e+00  1.439749e+00  7.278203e+00  0.000000e+00  0.000000e+00  5.329535e-01 -9.202946e-02  2.688242e-01  4.070614e-02
 3.363697e-02 -2.898832e-02  1.177829e-02  1.293827e+02  1.000000e+00  1.115065e+01 -1.210090e-01  4.256651e+00  9.750166e+00
1 -4.866789e-01 -7.089488e-01  0.000000e+00  1.697616e-01  0.000000e+00  1.090300e+01 0 2  2.819916e-01
-4.092333e-01 -2.567447e-01  3.984429e+00  0.000000e+00  0.000000e+00  4.107968e-01 -1.851053e-02 -3.095816e-01  2.296996e-03
3  1.613628e-01 -7.911957e-02  1.162235e+00  5.621805e-01  9.147331e-01  9.308860e+00 6 1 -1.000000e+00
 6.441567e-01 -3.928840e-01  2.394226e+00  0.000000e+00  0.000000e+00  2.889154e-01 -1.335354e-01  2.648358e-01  3.093507e-02
-4.058892e-01  1.053068e-01 -2.617404e+00  4.791895e+01  5.000000e-01  5.237181e-01 -7.094526e-01  3.249300e-01  1.455137e-01
-2.059403e-03  9.716059e-04  1.946469e-04  7.656560e+01  1.000000e+00  7.484686e+01 -1.194592e+01  1.315850e+01  7.340815e+01
3 -1.532170e-01 -1.364236e-01  5.563560e-01  2.409788e-01  2.151757e-01  4.776880e+00 6 1 -1.000000e+00
-2.612108e-01 -3.615105e-01  1.782017e+00  0.000000e+00  0.000000e+00  2.127409e-01 -3.869619e-02 -2.389927e-01  8.858456e-03
 9.542928e-02  6.550226e-02 -3.834466e-01  1.604484e+01  5.000000e-01  6.747884e-01 -5.851012e-01 -1.539917e+00  3.126900e-01
 2.678271e-03  2.019555e-03  7.737814e-04  1.785802e+01  1.000000e+00  3.707497e+01 -2.954329e+00 -5.662504e-01  3.626775e+01
3  4.052315e-01 -5.731324e-01  1.689872e+00  8.905875e-01  1.044000e-01  3.721180e+00 6 1 -1.000000e+00
 5.139824e-01 -1.283238e+00  1.593903e+00  0.000000e+00  0.000000e+00  1.893129e-01  3.863636e-02  1.683157e-01  1.887237e-03
-7.068161e-04  6.147473e-04  3.120311e-06  2.237814e+02  1.000000e+00  5.839188e+02 -1.304364e+02  4.795634e+01  5.827385e+02
-2.244667e-01  2.367488e-01 -1.664035e-01  1.763859e+02  5.000000e-01  5.472492e-01  2.143032e-01  2.483656e+00  1.608439e-01
2 -1.012655e+00  9.181773e-01  2.559479e+00  1.110145e+00  9.345778e-03  6.972330e+00 6 2 -1.000000e+00
-2.119233e+00  9.850212e-01  3.013360e+00  0.000000e+00  0.000000e+00  3.532804e-01 -6.069031e-02  2.875891e-01  4.232372e-04
 1.725323e-01 -1.546027e-01 -2.816219e-02  4.419838e+02  5.000000e-01  1.243393e+00 -2.874937e-01  5.956945e+00  2.769444e-01
3 -2.542634e-01  2.597410e-01  1.036926e+00  6.593522e-01  1.057616e-01  3.871870e+00 6 1 -1.000000e+00
-5.622481e-01  5.579225e-01  2.429206e+00  0.000000e+00  0.000000e+00  2.961085e-01  4.173737e-02  2.864684e-01  6.384232e-03
 1.945811e-01 -1.508964e-01 -2.569167e-01  1.432828e+02  5.000000e-01  6.859033e-01 -1.522836e-01  1.991928e+00  2.373193e-01
 9.685371e-04 -5.000826e-04  7.585627e-06  1.894570e+02  1.000000e+00  4.197371e+02 -1.713263e+02  1.189948e+02  4.185511e+02
1  1.395089e+00  2.488382e+00  0.000000e+00  9.319732e-01  0.000000e+00  1.827040e+00 0 2  3.013200e-01
 1.345993e+00 -9.903845e-01  4.187025e+00  0.000000e+00  0.000000e+00  3.471365e-01 -7.834423e-02  4.257462e-01  8.424774e-03
3 -1.763956e-01  4.482353e-01  1.259699e+00  6.345439e-01  1.485121e-01  6.397010e+00 6 1 -1.000000e+00
-4.448874e-01  9.500252e-01  1.923442e+00  0.000000e+00  0.000000e+00  2.451021e-01  1.840528e-01  1.268618e-01  1.330467e-02
 1.060786e-01 -1.827933e-01 -2.856543e-01  1.101006e+02  5.000000e-01  1.277406e+00  1.201490e+00  1.460859e+00  7.710843e-01
 1.045199e-02 -1.539250e-02  3.069222e-03  1.144498e+02  1.000000e+00  2.120720e+01  1.252170e+00  8.997092e+00  2.025752e+01
3 -2.095349e-01 -4.269381e-02  8.484609e-01  4.140174e-01  2.531141e-01  2.325240e+00 6 1 -1.000000e+00
-5.586056e-01 -1.092200e-01  2.613922e+00  0.000000e+00  0.000000e+00  2.189308e-01 -4.415456e-01 -1.803875e-01  2.779669e-02
 2.734981e-01  5.657904e-02 -6.616206e-01  4.000755e+01  5.000000e-01  4.688866e-01 -1.226833e+00 -5.370322e-01  1.869684e-01
 1.320546e-03  2.590321e-04  5.721812e-05  6.124741e+01  1.000000e+00  1.348616e+02 -1.975139e+01 -7.199891e+00  1.338376e+02
1 -2.398159e+00 -3.428547e-01  0.000000e+00  4.270652e+00  0.000000e+00  3.087220e+00 0 2 -1.000000e+00
-6.041926e+00  6.337664e-01  1.412493e+01  0.000000e+00  0.000000e+00  5.547415e-01 -3.506201e-01 -6.725933e-02  8.494472e-05
1  2.855248e-01 -1.104974e-01  0.000000e+00  6.021655e-02  0.000000e+00  8.738570e+00 0 2  2.865610e-01
 3.869042e-02  1.062474e-01  5.755719e+00  0.000000e+00  0.000000e+00  5.463472e-01  1.601717e-01 -8.003555e-02  1.815550e-02
3  2.246962e-01  6.854814e-02  5.562390e-01  2.106928e-01  1.034038e-01  4.272560e+00 6 1 -1.000000e+00
 4.739704e-01  1.179198e-01  2.223622e+00  0.000000e+00  0.000000e+00  2.820673e-01 -1.978611e-01 -1.629773e-01  3.219897e-03
-6.713252e-02 -1.095767e-02 -2.299311e-01  1.854071e+01  5.000000e-01  1.341696e+00 -1.857370e+00 -1.008000e+00  5.615044e-01
-7.248096e-03 -3.776808e-04  3.910034e-03  1.892162e+01  1.000000e+00  1.775045e+01 -4.567168e+00  1.991595e+00  1.634979e+01
1  2.277406e+00 -2.309734e+00  0.000000e+00  7.387745e+00  0.000000e+00  4.451310e+00 0 2 -1.000000e+00
 1.052731e+01 -4.934818e+00  6.856475e+00  0.000000e+00  0.000000e+00  4.312082e-01 -2.339128e-01  3.506585e-01  2.542318e-04
3 -1.649673e+00  2.232476e-01  1.911255e+00  9.836915e-01  2.456119e-01  4.791500e+00 6 1  2.824872e-01
 7.078258e-01 -1.342131e+00  2.409509e+00  0.000000e+00  0.000000e+00  2.593875e-01  1.999426e-01  3.057901e-01  3.289137e-03
-1.847581e-01  3.478956e-01 -5.918041e-01  2.176228e+02  5.000000e-01  1.025832e+00  7.621684e-01  1.053335e+00  1.441442e-01
-2.122840e-03  3.446630e-03  5.720624e-05  2.425913e+02  1.000000e+00  1.422967e+02  1.716314e+01  4.679286e+01  1.379929e+02
3  2.254599e-01 -3.287390e-01  1.025305e+00  4.220972e-01  6.787452e-02  8.124420e+00 6 2 -1.000000e+00
 6.648449e-01 -4.808604e-01  3.191112e+00  0.000000e+00  0.000000e+00  3.025285e-01 -2.016656e-02  4.155592e-01  3.128659e-03
-9.874682e-02  2.033757e-01 -2.165952e-01  1.138093e+02  5.000000e-01  8.544198e-01  1.141534e+00  1.826199e+00  1.800368e-01
-4.853819e-04  1.534543e-03  2.852935e-05  1.382929e+02  1.000000e+00  1.975918e+02  5.800574e+01 -1.523314e+01  1.955324e+02
3  2.591983e-02  8.135143e-01  2.003365e+00  1.015976e+00  1.023412e-01  3.587420e+00 6 1 -1.000000e+00
-3.222214e-01  1.755305e+00  1.872038e+00  0.000000e+00  0.000000e+00  2.503614e-01  1.650341e-01 -2.333728e-02  4.139387e-03
-2.631125e-02 -2.260851e-01 -1.915867e-01  2.552074e+02  5.000000e-01  1.427243e+00  2.231437e+00 -6.502262e-01  7.824371e-01
-1.277282e-03 -2.319346e-02  2.806166e-03  2.604128e+02  1.000000e+00  2.068113e+01  5.468719e+00 -1.040134e+00  1.958965e+01
3 -6.312925e-01 -5.432427e-02  1.140625e+00  3.426278e-01  1.031632e-01  4.285370e+00 6 1 -1.000000e+00
-1.061994e+00  5.819033e-02  1.403063e+00  0.000000e+00  0.000000e+00  1.434017e-01 -1.208102e-01 -8.024539e-02  6.128610e-03
 3.891166e-02  3.345950e-03  4.221641e-02  3.172328e+01  1.000000e+00  7.155497e+00 -3.697526e+00 -7.286794e-01  6.749562e+00
 7.750011e-02  7.410434e-03 -1.447445e-01  3.170142e+01  5.000000e-01  2.931655e+00 -3.182673e+00 -7.145715e-01  2.583208e+00
3 -5.188031e-01  8.338887e-01  2.546728e+00  9.394243e-01  1.363364e-01  2.943570e+00 6 1 -1.000000e+00
-1.199359e+00  1.771849e+00  1.477057e+00  0.000000e+00  0.000000e+00  1.766185e-01  3.058182e-02 -2.085870e-04  1.853378e-03
 2.128220e-01 -3.474826e-01 -2.013767e-01  2.655434e+02  5.000000e-01  5.774265e-01  1.060802e+00  2.004766e+00  2.099392e-01
 8.509757e-04 -1.346998e-03  4.434157e-06  3.155112e+02  1.000000e+00  4.788169e+02  2.008394e+01  4.882191e+01  4.777704e+02
3 -8.099531e-02 -5.833190e-01  5.546787e-01  2.524817e-01  2.123523e-01  4.445450e+00 6 1  2.863441e-01
 4.241451e-01 -1.014287e-01  2.442010e+00  0.000000e+00  0.000000e+00  2.934084e-01 -2.994111e-01  1.122163e-02  2.333962e-02
-1.164114e-01  2.293810e-02 -5.185664e-01  1.868653e+01  5.000000e-01  1.074202e+00 -1.326422e+00  4.177355e-01  5.230592e-01
-7.886286e-03  1.644791e-03  4.217217e-03  1.993015e+01  1.000000e+00  1.758530e+01 -5.196812e+00  3.307909e+00  1.636951e+01
3  4.352738e-01 -3.401185e-01  1.299054e+00  6.849692e-01  1.310115e-01  5.141190e+00 6 1 -1.000000e+00
 7.313882e-01 -8.222111e-01  1.794809e+00  0.000000e+00  0.000000e+00  2.132484e-01 -3.970234e-02  2.454373e-01  1.859320e-02
-1.829688e-01  1.005523e-01 -2.351405e-01  7.872176e+01  5.000000e-01  1.493290e+00 -1.038474e+00  1.848698e+00  1.136280e+00
-2.551560e-02  1.426194e-02  7.227396e-03  8.064745e+01  1.000000e+00  1.409235e+01 -3.841423e+00  4.276747e+00  1.354432e+01
3  2.422631e-01 -1.163876e-01  1.577527e+00  7.249593e-01  4.005581e-01  2.887410e+00 6 1 -1.000000e+00
 1.147410e+00 -8.400578e-02  2.824239e+00  0.000000e+00  0.000000e+00  3.625770e-01 -2.206308e-01  5.960201e-02  2.163259e-02
-3.678828e-01  3.547196e-01 -1.131272e+00  6.655260e+01  5.000000e-01  7.867948e-01  3.270460e-02  9.635081e-01  2.129970e-01
-6.263282e-03  3.682756e-03  1.116196e-03  8.667851e+01  1.000000e+00  3.167741e+01 -1.332477e+00  6.589970e+00  3.028542e+01
5 -1.888069e-01 -4.501875e-02  1.637660e+00  9.117233e-01  1.000000e+00  3.751770e+00 6 3 -1.000000e+00
 6.152417e-01  2.123369e-01 -1.322002e+00  4.484769e+01  5.000000e-01  6.968448e-01 -7.496535e-01 -5.351182e-01  5.936554e-02
-9.203088e-01  4.992158e-01  6.208431e+00  0.000000e+00  0.000000e+00  4.180034e-01 -2.886771e-01  3.071064e-01  8.555117e-03
-6.026984e-01 -8.428071e-01  2.375508e+01  3.877791e+00  0.000000e+00  4.940528e-01  6.995611e-02 -4.571569e-01  1.922303e-02
-7.659992e-01 -6.674946e-01 -2.604938e+01  3.929528e+00  5.000000e-01  5.168740e-01 -1.465166e-01 -5.003321e-01  2.093919e-02
 6.213548e-04  2.286993e-04  1.278318e-05  9.565345e+01  1.000000e+00  2.889659e+02 -3.114773e+01 -6.104449e+01  2.857905e+02
3  4.911170e-01 -4.709044e-01  7.226243e-01  3.277748e-01  5.089342e-01  3.019230e+00 6 3  2.846883e-01
-9.051613e-02 -2.104724e-01 -1.988884e+00  2.405053e+01  5.000000e-01  8.852802e-01  6.326180e-01 -3.402201e-01  2.170306e-01
 4.800053e-01  2.330264e-01  3.907939e+00  0.000000e+00  0.000000e+00  4.832549e-01 -1.564912e-02 -1.043610e-01  2.560420e-02
-3.363482e-03 -4.463773e-03  3.664215e-03  2.995979e+01  1.000000e+00  2.018914e+01  2.114878e+00 -9.531025e+00  1.856302e+01
3  1.634005e-01 -4.905111e-01  1.493558e+00  7.373372e-01  3.417552e-01  2.674110e+00 6 1 -1.000000e+00
 5.544584e-01 -1.124989e+00  1.609812e+00  0.000000e+00  0.000000e+00  2.061321e-01  8.758968e-02  3.692572e-02  7.221750e-03
-5.179064e-02  2.399946e-01 -5.501615e-01  1.338433e+02  5.000000e-01  8.326482e-01  1.275371e+00  4.680635e-01  4.287271e-01
-5.964083e-03  1.783279e-02  4.922394e-03  1.394774e+02  1.000000e+00  1.536146e+01  1.455696e+00  9.896260e-01  1.463894e+01
3 -2.470956e-01  8.413365e-01  2.517450e+00  1.039391e+00  2.105160e-01  3.528610e+00 6 1 -1.000000e+00
 1.085583e-01 -5.812939e-01 -3.574920e-01  3.297702e+01  5.000000e-01  1.121523e+00  1.572884e+00  5.814367e-01  9.315643e-01
-8.387868e-01  1.751106e+00  1.698171e+00  0.000000e+00  0.000000e+00  1.751509e-01  2.194254e-01  2.082296e-01  5.868453e-02
 1.039129e-02 -4.628513e-02  4.759356e-03  3.540005e+01  1.000000e+00  1.699409e+01  6.341063e+00  2.342960e+00  1.664410e+01
3 -1.138166e+00 -5.046759e-01  2.225195e+00  1.116800e+00  4.651117e-01  3.116870e+00 6 3  2.852568e-01
 8.953996e-01 -1.285854e+00  3.942523e+00  0.000000e+00  0.000000e+00  4.067761e-01 -1.030855e-02  3.133108e-01  3.214379e-03
-7.244781e-01  2.397572e-01 -1.833714e+00  1.215497e+02  5.000000e-01  7.057280e-01 -6.872592e-01  3.995150e-01  2.083457e-02
-7.865081e-04  5.057433e-04  1.420497e-05  1.928448e+02  1.000000e+00  2.665438e+02  1.063254e+01  1.609993e+00  2.619061e+02
3 -2.409246e-01  2.740739e-02  1.298817e+00  6.989595e-01  1.909951e-01  7.037000e+00 6 3 -1.000000e+00
-8.368497e-01 -1.378185e-01  4.445010e+00  0.000000e+00  0.000000e+00  3.307937e-01 -4.589270e-01 -1.106874e-01  3.355722e-02
 4.613940e-01 -9.921932e-02 -8.489754e-01  5.909757e+01  5.000000e-01  5.636418e-01 -1.068156e+00  4.768046e-01  1.824063e-01
 1.891250e-03 -3.211960e-04  7.781021e-05  1.005932e+02  1.000000e+00  1.170335e+02 -2.125240e+01  1.266175e+01  1.159714e+02
3  5.829071e-01 -3.312717e-01  1.549163e+00  7.806007e-01  1.314596e-01  2.091530e+00 6 1 -1.000000e+00
 1.147927e+00 -7.490268e-01  1.878031e+00  0.000000e+00  0.000000e+00  2.363138e-01 -9.481463e-02  2.043388e-01  4.110269e-02
-1.582366e-01  8.394444e-02 -2.468853e-01  1.267520e+02  5.000000e-01  3.111457e+00 -1.669358e+00  2.392062e+00  2.711770e+00
-7.525194e-02  4.044072e-02  6.567911e-02  1.269454e+02  1.000000e+00  7.103508e+00 -2.651898e+00  3.872300e+00  6.629417e+00
3  2.911671e-01 -4.491892e-02  1.163444e+00  4.582363e-01  5.624433e-01  7.177100e+00 6 1 -1.000000e+00
 8.273611e-01 -2.000226e-01  1.700591e+00  0.000000e+00  0.000000e+00  2.194507e-01 -1.449741e-01  1.445443e-02  1.455714e-02
-3.047923e-01  6.799066e-02 -9.564860e-01  5.488439e+01  5.000000e-01  5.714942e-01 -1.066287e+00  3.035494e-01  2.106507e-01
-2.629874e-03  9.487074e-04  1.087609e-04  7.043849e+01  1.000000e+00  1.033831e+02 -1.758801e+01  3.128081e+01  1.022099e+02
3  1.125575e-01  1.588516e-01  4.744113e-01  2.651120e-01  1.043522e-01  6.180200e+00 6 1 -1.000000e+00
 2.065997e-01  3.270622e-01  2.238669e+00  0.000000e+00  0.000000e+00  2.690035e-01  1.068343e-01 -2.761310e-01  1.009440e-02
-5.861759e-02 -6.628990e-02 -2.336101e-01  3.581064e+01  5.000000e-01  9.636143e-01  4.918177e-01 -2.009994e+00  5.205541e-01
-2.472703e-03 -2.400529e-03  6.618883e-04  3.882117e+01  1.000000e+00  4.156967e+01 -5.380862e+00 -1.030125e+01  4.070445e+01
3 -4.760202e-01 -2.127220e+00  1.263283e+01  7.660997e+00  5.157368e-01  5.373380e+00 6 1 -1.000000e+00
 4.120466e+00 -1.067981e+01  2.708587e+00  0.000000e+00  0.000000e+00  3.772535e-01  1.360704e-01 -1.009556e-02  1.019202e-03
 9.097405e-01  1.538186e+00 -1.396918e+00  2.059270e+03  5.000000e-01  1.468961e+00  2.934520e-01 -9.217766e-01  1.110030e-01
 6.760604e-02  2.115854e-01  4.654147e-02  2.083255e+03  1.000000e+00  6.053790e+00  1.277680e+00 -1.556313e+00  3.600752e+00
3  2.486833e+00 -3.739341e+00  1.792717e+00  8.281910e-01  1.630549e-01  9.910060e+00 6 1  3.253987e-01
-1.288510e+00 -7.639018e-01  1.702914e+00  0.000000e+00  0.000000e+00  2.133208e-01 -3.783751e-02 -1.737924e-01  1.481420e-02
 2.338227e-01  1.828498e-01 -2.776685e-01  5.093750e+01  5.000000e-01  1.370350e+00 -2.636751e-01 -1.915477e+00  7.558425e-01
 1.966118e-02  1.335498e-02  2.443849e-03  5.300926e+01  1.000000e+00  2.356170e+01 -4.319108e+00 -9.010265e+00  2.216151e+01
1 -8.356987e-02 -3.616573e+00  0.000000e+00  3.425201e+00  0.000000e+00  3.359900e+00 0 2  2.734838e-01
-5.640002e+00 -4.702288e+00  3.641708e+00  0.000000e+00  0.000000e+00  4.280880e-01 -2.077911e-01 -9.648708e-02  1.201852e-04
3  4.176429e-01  2.948213e-01  1.299115e+00  4.912110e-01  1.358305e-01  4.796010e+00 6 1 -1.000000e+00
 8.879378e-01  5.337723e-01  1.809386e+00  0.000000e+00  0.000000e+00  2.178013e-01 -9.548198e-02 -2.237061e-01  3.408435e-03
-2.069324e-01 -1.654843e-01 -2.457698e-01  1.859646e+02  5.000000e-01  6.037459e-01 -4.755412e-01 -1.999931e+00  1.652504e-01
-1.000014e-03 -8.234632e-04  1.332393e-05  2.283472e+02  1.000000e+00  2.757127e+02  1.760778e+01 -1.020242e+01  2.743433e+02
3  4.941943e-01  2.599254e-01  1.287311e+00  5.920213e-01  1.041729e-01  5.488640e+00 6 1 -1.000000e+00
 8.702052e-01  6.070589e-01  1.617540e+00  0.000000e+00  0.000000e+00  1.890912e-01 -1.140189e-01 -1.623268e-01  6.403919e-03
-2.168535e-01 -8.248664e-02 -1.685038e-01  2.151273e+02  5.000000e-01  8.321603e-01 -1.717243e+00 -1.736038e+00  4.776405e-01
-3.830647e-03 -1.275380e-03  8.853932e-05  2.421083e+02  1.000000e+00  1.115593e+02 -2.980981e+01 -6.349693e+00  1.107352e+02
3  1.667694e-01  6.982516e-02  5.998122e-01  2.685112e-01  3.145212e-01  4.278620e+00 6 1 -1.000000e+00
-1.018913e-01 -2.298521e-02 -6.843296e-01  1.158618e+01  5.000000e-01  1.158389e+00 -1.048331e+00 -6.223938e-01  3.814607e-01
 4.287233e-01  2.566983e-01  2.175783e+00  0.000000e+00  0.000000e+00  2.953132e-01 -1.349294e-01 -1.370140e-01  5.693186e-03
-1.060039e-02 -1.880373e-03  1.045690e-02  1.194384e+01  1.000000e+00  1.156382e+01 -3.991871e+00 -1.688347e-01  9.948158e+00
2  9.170909e-01  1.133122e+00  1.301903e+00  6.597139e-01  1.319129e-01  3.349670e+00 6 3  2.973344e-01
 7.018548e-01  6.618501e-01  3.448609e+00  0.000000e+00  0.000000e+00  3.212114e-01  6.252417e-02 -4.085006e-01  5.124225e-03
-1.627469e-01 -3.115027e-01 -4.549160e-01  5.994050e+01  5.000000e-01  8.619223e-01  9.019307e-01 -1.184818e+00  9.095110e-02
2 -6.478689e-01  1.299267e-01  1.410750e+00  8.240030e-01  3.294760e-02  4.420160e+00 6 2 -1.000000e+00
-1.094530e+00  1.934645e-01  3.507794e+00  0.000000e+00  0.000000e+00  2.889888e-01 -4.274347e-01  1.943118e-01  6.900338e-03
 2.971766e-01 -3.755043e-02 -1.155734e-01  1.447408e+02  5.000000e-01  7.665942e-01 -2.761359e+00  1.040138e+00  3.119173e-01
1  4.640271e-01  2.498130e+00  0.000000e+00  7.200947e-01  0.000000e+00  6.173590e+00 0 2  2.992582e-01
-1.490879e+00  7.247500e-01  5.123435e+00  0.000000e+00  0.000000e+00  4.776554e-01 -2.784380e-01 -1.160172e-02  2.376722e-02
5 -1.701168e+00  5.156088e-01  1.854940e+01  5.290256e+00  1.000000e+00  5.768770e+00 6 3 -1.000000e+00
-1.217540e+01 -3.680426e-01  2.527884e+00  0.000000e+00  0.000000e+00  3.660961e-01 -7.901346e-02 -1.789248e-03  2.223081e-04
 6.023512e+00  3.220808e+00  7.220798e+00  4.165947e+03  0.000000e+00  6.027463e-01  2.453052e-02 -1.368207e-01  1.664523e-03
 1.970820e+00  4.842181e+00 -5.230087e+00  4.297792e+03  5.000000e-01  8.877057e-01  4.233783e-01 -1.567234e-01  5.424676e-03
 1.155396e+00 -1.282015e+00 -2.447710e+00  4.977130e+03  5.000000e-01  1.531921e+00  4.168454e-01  7.195313e-01  5.042523e-02
 1.892627e-01 -7.888688e-02  7.330301e-02  5.009051e+03  1.000000e+00  5.343725e+00 -1.053048e+00  2.029048e+00  2.845947e+00
1  1.295619e-01  1.657956e-01  0.000000e+00  1.990123e-01  0.000000e+00  7.248720e+00 0 2 -1.000000e+00
 3.162012e-01  2.027285e-01  5.465039e+00  0.000000e+00  0.000000e+00  3.963462e-01 -4.431041e-02 -4.236192e-01  2.777428e-02
3 -3.565811e-01  9.292563e-01  3.736915e+00  1.633063e+00  1.449905e-01  6.165810e+00 6 3 -1.000000e+00
 3.067067e-01 -7.036368e-01 -5.194198e-01  3.993098e+02  5.000000e-01  1.282490e+00  8.476496e-01  1.134247e+00  6.351295e-01
-2.397234e-01  2.993112e+00  3.582440e+00  0.000000e+00  0.000000e+00  4.193280e-01  2.237526e-01  8.930476e-02  2.780653e-02
 2.118423e-02 -6.130199e-02  6.946877e-03  4.212101e+02  1.000000e+00  1.451994e+01  4.974299e+00  3.754392e+00  1.345668e+01
3  1.903069e+00 -3.004939e-01  5.097936e+00  3.019459e+00  1.241829e-02  5.532590e+00 6 2 -1.000000e+00
 4.347336e+00 -1.590646e+00  7.858593e+00  0.000000e+00  0.000000e+00  5.188648e-01 -2.850694e-01  1.515826e-01  4.478522e-03
-4.699452e-01  7.751366e-02 -9.759030e-02  1.045474e+03  5.000000e-01  2.685427e+00 -3.443256e+00  1.109762e+00  1.487207e+00
-5.142792e-02  8.868341e-03  1.420229e-03  1.061685e+03  1.000000e+00  3.260866e+01 -1.613397e+01  5.889862e+00  3.072947e+01
1 -2.658578e-03 -2.722023e-03  0.000000e+00  3.538962e-03  0.000000e+00  2.247560e+00 0 2 -1.000000e+00
-7.020495e-03 -1.202616e-02  3.656595e+00  0.000000e+00  0.000000e+00  4.737873e-01 -4.289104e-02 -3.977070e-02  3.074502e-01
1  1.218262e-01 -1.093685e-01  0.000000e+00  1.180107e-01  0.000000e+00  3.309860e+00 0 2 -1.000000e+00
 2.792472e-01 -1.856373e-01  3.026820e+00  0.000000e+00  0.000000e+00  3.816034e-01 -7.962303e-02  2.137632e-01  1.716548e-01
3  1.955701e+00  3.501008e-02  3.419471e+00  1.629809e+00  1.889571e-01  6.135680e+00 6 1  2.846279e-01
 1.539031e+00  2.434833e+00  2.976520e+00  0.000000e+00  0.000000e+00  3.769926e-01  1.217584e-01 -1.932621e-01  1.284796e-03
-3.466238e-01 -4.177259e-01 -5.624345e-01  2.663421e+02  5.000000e-01  1.242091e+00  1.432411e-01 -1.347618e+00  1.327111e-01
-4.387079e-03 -6.852344e-03  1.427702e-04  2.850314e+02  1.000000e+00  8.698278e+01  1.120334e+01 -1.622526e+01  8.342147e+01
3 -7.765670e-01 -2.244252e-01  9.981920e+00  4.404210e+00  2.826135e-01  7.230400e+00 6 3 -1.000000e+00
-5.996173e+00 -1.484746e+00  6.814837e+00  0.000000e+00  0.000000e+00  5.173712e-01 -2.567608e-01 -1.423579e-01  1.047079e-03
 3.496298e+00  1.602604e+00 -2.411363e+01  9.121020e+02  5.000000e-01  7.348393e-01 -2.198278e-01 -2.519052e-01  3.813775e-03
 7.493568e-03  1.492249e-03  1.466759e-04  1.338244e+03  1.000000e+00  8.452397e+01 -1.253686e+01  1.153112e+00  8.039973e+01
3 -1.383528e-01  5.291696e-01  1.500332e+00  5.874083e-01  1.010419e-01  5.539080e+00 6 1 -1.000000e+00
-4.143139e-01  1.206118e+00  2.199277e+00  0.000000e+00  0.000000e+00  3.010557e-01  1.722199e-01  6.456508e-02  1.488492e-02
 8.297166e-02 -2.094041e-01 -2.222191e-01  1.796818e+02  5.000000e-01  1.736433e+00  1.821234e+00  1.313584e+00  1.068668e+00
 1.011401e-02 -2.211099e-02  3.403654e-03  1.848349e+02  1.000000e+00  2.151345e+01  6.348039e+00  9.311391e+00  2.032301e+01
1  2.078810e-01 -1.115210e-01  0.000000e+00  4.258858e-01  0.000000e+00  4.763160e+00 0 2 -1.000000e+00
 6.406604e-01 -2.455726e-01  3.169566e+00  0.000000e+00  0.000000e+00  3.216187e-01 -2.833832e-01  2.537608e-01  1.654076e-01
3  7.636889e-01  5.263321e+00  1.099343e+01  3.320249e+00  9.796441e-01  7.653130e+00 6 3 -1.000000e+00
 5.016072e+00  7.108866e+00  6.614160e+00  2.567563e+02  0.000000e+00  4.505865e-01  2.269134e-01 -3.149202e-01  2.369226e-03
 1.973383e+00  8.257503e+00 -6.479523e+00  2.784267e+02  5.000000e-01  6.269159e-01  4.720922e-01 -2.658064e-01  2.785441e-03
-5.850986e+00  8.770984e+00  2.970151e+00  0.000000e+00  0.000000e+00  3.845644e-01  2.027792e-01  3.095586e-02  8.768475e-04
3  8.797074e-01  1.258152e+00  4.384246e+00  1.897327e+00  1.599166e-02  4.782360e+00 6 2 -1.000000e+00
 1.826387e+00  3.671347e+00  3.286114e+00  0.000000e+00  0.000000e+00  4.298449e-01  9.386333e-02 -1.093420e-01  5.257268e-04
-1.762905e-01 -2.287687e-01 -5.255042e-02  1.648893e+03  5.000000e-01  2.142810e+00  1.025829e+00 -4.391245e+00  8.869892e-01
-3.973816e-03 -5.485611e-03  3.281856e-05  1.700864e+03  1.000000e+00  1.851363e+02  1.629271e+01 -5.630424e+01  1.827163e+02
3 -1.166446e-01  3.564849e-01  1.717592e+00  8.203210e-01  2.849416e-01  4.878420e+00 6 1 -1.000000e+00
 1.922193e-01 -4.451139e-01 -7.886205e-01  5.027997e+01  5.000000e-01  8.260986e-01  6.581828e-01  9.300936e-01  2.527185e-01
 1.664948e-01  1.272286e+00  2.767656e+00  0.000000e+00  0.000000e+00  3.412389e-01  2.668647e-01  3.785296e-02  3.016563e-02
 3.203425e-03 -1.302540e-02  2.358539e-03  5.985246e+01  1.000000e+00  2.204000e+01  4.219868e+00  9.396162e-01  2.051297e+01
3  3.523497e-01 -2.151313e-01  1.062291e+00  4.163969e-01  1.857211e-01  5.473850e+00 6 1 -1.000000e+00
 7.127335e-01 -5.256663e-01  2.053146e+00  0.000000e+00  0.000000e+00  2.457986e-01 -1.489204e-01  2.441008e-01  1.691024e-02
-1.396257e-01  1.083263e-01 -3.813126e-01  4.826925e+01  5.000000e-01  1.287532e+00 -6.336324e-01  1.517796e+00  7.537875e-01
-1.981520e-02  1.729236e-02  1.302292e-02  4.937748e+01  1.000000e+00  1.049416e+01  2.979174e-01  3.641788e+00  9.569126e+00
1 -1.644988e+00  1.062790e+00  0.000000e+00  3.248422e+00  0.000000e+00  2.883960e+00 0 2 -1.000000e+00
-4.687649e+00  4.452306e+00  5.171469e+00  0.000000e+00  0.000000e+00  5.021152e-01 -1.015449e-01  2.102601e-01  2.333923e-03
3 -1.676928e-01 -1.152467e-01  6.745129e-01  2.440747e-01  4.798678e-01  5.863030e+00 6 1 -1.000000e+00
-3.677212e-01 -3.228433e-01  1.715118e+00  0.000000e+00  0.000000e+00  1.767762e-01 -7.637224e-02 -2.980177e-01  6.741501e-03
 1.709536e-01  8.310881e-02 -8.230300e-01  2.195825e+01  5.000000e-01  3.605576e-01 -7.697974e-01 -1.015540e+00  9.240822e-02
 1.109336e-03  7.183927e-04  1.549444e-04  2.905207e+01  1.000000e+00  8.399627e+01  5.887286e+00  1.999480e+01  8.326227e+01
5  3.625825e-01 -5.550621e-01  9.780949e-01  4.390576e-01  1.000000e+00  5.982480e+00 6 3  2.911484e-01
-8.042963e-02 -3.863407e-01 -5.122021e+00  6.708554e+00  5.000000e-01  6.617460e-01  5.559318e-01 -2.431190e-02  2.743781e-02
-4.441813e-01  8.990458e-02  9.111777e+00  3.013139e+00  0.000000e+00  4.681777e-01 -2.682190e-01  3.180338e-01  6.854524e-03
 5.335998e-01  1.146792e-01  4.800628e+00  0.000000e+00  0.000000e+00  4.826361e-01 -2.430817e-01 -1.644886e-02  5.091584e-03
-5.622414e-02  4.006090e-01 -8.458635e+00  3.965474e+00  5.000000e-01  5.353355e-01  5.098515e-01  2.723728e-01  2.336393e-02
-1.966396e-03 -2.644992e-03  1.747679e-02  1.430774e+01  1.000000e+00  9.014668e+00  4.142468e-01 -2.616214e+00  4.856153e-01
1 -4.000367e-02 -2.688060e-01  0.000000e+00  7.628346e-02  0.000000e+00  1.861580e+00 0 2  2.863777e-01
 5.692188e-02 -1.110162e-01  3.253271e+00  0.000000e+00  0.000000e+00  3.432022e-01  2.169779e-01  2.773464e-01  1.066951e-01
3  5.231892e-02 -1.824149e-01  4.537703e-01  2.496205e-01  1.664515e-01  3.355410e+00 6 1 -1.000000e+00
 1.337039e-01 -3.431157e-01  1.997761e+00  0.000000e+00  0.000000e+00  2.073542e-01  2.958589e-01  2.004858e-01  2.863829e-02
-2.157084e-02  8.326115e-02 -3.325303e-01  1.251216e+01  5.000000e-01  1.115439e+00  1.530627e+00  8.232569e-01  8.076867e-01
-2.700177e-03  9.727703e-03  8.535943e-03  1.297716e+01  1.000000e+00  1.227974e+01  2.763394e+00  1.563516e+00  1.177758e+01
3 -1.449510e-01  1.174663e-01  9.666789e-01  4.672937e-01  2.198268e-01  3.108310e+00 6 1 -1.000000e+00
 2.143487e-01 -2.575654e-01 -6.377050e-01  5.969430e+01  5.000000e-01  7.734046e-01  1.990626e-01  1.256918e+00  2.743748e-01
-7.161343e-01  4.482995e-03  2.900943e+00  0.000000e+00  0.000000e+00  3.368916e-01 -2.864340e-01  1.138108e-01  2.152631e-02
 2.308395e-03 -2.472421e-03  4.154198e-04  8.393325e+01  1.000000e+00  5.219479e+01  5.999131e+00  1.333091e+01  5.087688e+01
3  3.512353e-01  4.405185e-01  1.069494e+00  4.379983e-01  1.283682e-02  7.248720e+00 6 2 -1.000000e+00
 8.230438e-01  4.776376e-01  3.001703e+00  0.000000e+00  0.000000e+00  3.165335e-01  1.649194e-02 -3.656642e-01  1.291210e-02
-8.343769e-02 -8.990807e-02 -3.853231e-02  2.834686e+02  5.000000e-01  3.329266e+00  1.039552e+00 -5.504276e+00  2.581790e+00
-4.904913e-03 -4.778519e-03  1.316722e-04  2.948088e+02  1.000000e+00  1.155011e+02 -6.193884e+00 -7.401026e+01  1.141074e+02
3  1.208663e+00 -1.813686e+00  1.624961e+00  7.831271e-01  3.219433e-02  8.458200e+00 6 2  2.733764e-01
 1.000496e-01 -1.369301e+00  4.036111e+00  0.000000e+00  0.000000e+00  4.084300e-01  2.556186e-01  1.919658e-01  2.473392e-03
-7.008852e-04  1.298914e-03  7.103108e-06  2.894222e+02  1.000000e+00  3.868053e+02  2.597289e+01  8.595158e+01  3.849427e+02
-1.209673e-01  2.405597e-01 -1.299399e-01  2.458703e+02  5.000000e-01  1.010650e+00  1.694714e+00  2.196343e+00  3.043745e-01
3 -2.012997e-01 -1.773977e-01  8.189746e-01  4.198485e-01  3.433770e-01  1.920310e+00 6 1 -1.000000e+00
-5.284165e-01 -3.595254e-01  1.899723e+00  0.000000e+00  0.000000e+00  2.051460e-01 -5.847435e-02 -3.193450e-01  8.351297e-02
 1.366074e-01  1.184524e-01 -6.523213e-01  2.046924e+01  5.000000e-01  1.174524e+00 -7.028214e-02 -1.248401e+00  9.791028e-01
 2.592862e-02  2.075034e-02  3.893935e-02  2.106063e+01  1.000000e+00  6.590346e+00 -6.070032e-01 -2.280910e+00  6.299132e+00
3  6.062760e-01  7.328842e-01  3.102976e+00  1.680157e+00  1.302750e-01  4.129570e+00 6 1 -1.000000e+00
 1.020856e+00  2.281864e+00  2.423076e+00  0.000000e+00  0.000000e+00  3.209849e-01  1.171736e-01 -1.861002e-01  6.526372e-03
-5.001086e-01 -4.227855e-01 -3.156663e-01  2.720509e+02  5.000000e-01  1.041990e+00 -3.222980e-01 -1.750940e+00  3.902629e-01
-6.761779e-03 -6.292302e-03  1.139672e-04  3.140842e+02  1.000000e+00  1.021581e+02 -1.062470e+01 -3.668258e+01  1.005481e+02
3  1.894277e+00 -2.172507e+00  1.591859e+00  7.210943e-01  2.360515e-01  4.902930e+00 6 3  2.940272e-01
 2.260394e-01 -1.139819e+00  4.077116e+00  0.000000e+00  0.000000e+00  4.199703e-01  2.245766e-01  2.018128e-01  3.993009e-02
-1.373214e-01  4.100151e-01 -9.624093e-01  5.203857e+01  5.000000e-01  9.658158e-01  7.273910e-01  7.149335e-01  3.739090e-01
-5.299051e-03  1.881154e-02  4.589819e-03  5.894323e+01  1.000000e+00  1.724080e+01  6.240359e+00  2.635895e+00  1.583675e+01
3 -3.279069e-02  1.208690e-03  2.469824e-01  1.755872e-01  1.911337e-01  3.366030e+00 6 3 -1.000000e+00
 8.847280e-02  4.536944e-03 -1.471469e+00  1.133647e+00  5.000000e-01  1.101313e+00 -8.277605e-01 -6.833697e-02  8.188959e-01
-1.537170e-01  5.295633e-02  7.698636e+00  0.000000e+00  0.000000e+00  4.517312e-01 -2.605921e-01  3.206203e-01  2.271736e-01
 7.802763e-03  2.486584e-04  5.311153e-02  1.302443e+00  1.000000e+00  6.140745e+00 -2.735094e+00 -3.438220e-01  5.643904e+00
3  4.603342e-01  5.194762e-01  2.399244e+00  8.095011e-01  3.028534e-01  3.849030e+00 6 1 -1.000000e+00
 1.431598e+00  1.536716e+00  1.865689e+00  0.000000e+00  0.000000e+00  2.658182e-01 -2.728487e-02 -4.778438e-02  1.134564e-03
-1.738747e-01 -2.462111e-01 -5.650302e-01  3.308163e+02  5.000000e-01  1.041581e+00  4.804050e-01 -1.241272e+00  2.394729e-01
-6.603191e-03 -8.504635e-03  7.116173e-04  3.436331e+02  1.000000e+00  3.903654e+01  3.402753e+00 -5.472674e+00  3.722322e+01
1  1.935488e+01  3.206433e+00  0.000000e+00  2.602700e+01  0.000000e+00  8.710510e+00 0 2 -1.000000e+00
 4.605182e+01 -4.696245e+00  5.982323e+00  0.000000e+00  0.000000e+00  4.810257e-01 -3.131933e-01 -6.391548e-02  4.405562e-04
3  3.437041e-01 -6.219580e-01  1.738195e+00  7.811374e-01  1.973861e-01  6.416970e+00 6 1 -1.000000e+00
 5.815237e-01 -1.296362e+00  1.501132e+00  0.000000e+00  0.000000e+00  1.511750e-01  1.256303e-01  1.963597e-01  3.386628e-02
-1.624905e-01  2.745498e-01 -2.963026e-01  4.178288e+01  5.000000e-01  1.245631e+00  8.423249e-01  1.650985e+00  1.020809e+00
-1.865053e-02  3.336600e-02  6.826471e-03  4.326028e+01  1.000000e+00  1.417123e+01  2.658403e+00  4.463828e+00  1.378934e+01
3 -7.052711e-01 -3.289530e-01  1.678208e+00  6.709416e-01  1.296010e-01  7.440380e+00 6 1 -1.000000e+00
-1.394039e+00 -5.188090e-01  1.650924e+00  0.000000e+00  0.000000e+00  1.897612e-01 -1.137857e-01 -1.944696e-01  9.958123e-03
 1.755082e-01  7.524845e-02 -2.139614e-01  1.102694e+02  5.000000e-01  1.781722e+00 -1.519163e+00 -1.725390e+00  1.269448e+00
 4.084085e-02  1.695197e-02  1.471814e-02  1.111174e+02  1.000000e+00  1.017565e+01 -2.955898e+00 -2.740773e+00  9.404910e+00
3 -5.731652e-02 -1.186234e-01  5.993569e-01  2.058501e-01  3.323127e-01  9.799170e+00 6 1 -1.000000e+00
-3.426919e-02 -4.914288e-01  1.929561e+00  0.000000e+00  0.000000e+00  2.745836e-01 -3.842180e-02 -8.062281e-02  1.620515e-02
 7.014994e-02  9.876218e-02 -6.412176e-01  1.174160e+01  5.000000e-01  1.012448e+00  3.732220e-02 -1.248317e+00  4.351232e-01
 2.415799e-03  5.783594e-03  3.094833e-03  1.267014e+01  1.000000e+00  2.108045e+01  6.568876e+00 -6.079067e+00  1.979264e+01
5  9.388141e-03  1.352307e-02  4.353414e-01  2.075899e-01  1.000000e+00  3.621090e+00 6 3 -1.000000e+00
 1.284681e-01 -1.410155e-01 -2.823122e+00  2.364964e+00  5.000000e-01  5.640535e-01  3.536483e-02  7.368965e-01  2.910960e-01
-1.790367e-01  5.320428e-02 -2.913660e+00  2.429086e+00  5.000000e-01  5.344514e-01 -6.414009e-01  3.854236e-01  2.853553e-01
 1.170343e-01  2.006814e-01  3.007366e+00  0.000000e+00  0.000000e+00  2.981860e-01  1.634018e-01 -3.651381e-01  1.012856e-01
-9.506040e-02 -1.795000e-01  4.932882e+00  1.723970e+00  0.000000e+00  3.477792e-01  2.350081e-01 -4.091967e-01  1.382178e-01
-2.903132e-04 -4.292214e-04  1.706280e-03  6.575316e+00  1.000000e+00  2.522658e+01 -4.601299e-02  9.244564e-01  2.447561e+01
3 -2.123097e+00 -1.859486e+00  2.039389e+00  9.402489e-01  3.482487e-03  6.638430e+00 6 2  2.760285e-01
-1.314897e+00 -1.434464e+00  5.142781e+00  0.000000e+00  0.000000e+00  4.465999e-01 -2.995643e-02 -3.330270e-01  8.727105e-04
 8.661842e-03  5.375748e-03  2.214031e-04  4.350752e+02  1.000000e+00  7.844455e+01 -1.963576e+01 -3.309752e+01  7.558473e+01
 8.072850e-02  5.259227e-02 -1.790966e-02  4.315833e+02  5.000000e-01  4.817452e+00 -3.034535e+00 -7.823063e+00  3.112305e+00
2  3.487813e-02 -3.312225e-01  1.325755e+00  5.656324e-01  2.015792e-01  8.154060e+00 6 1 -1.000000e+00
 1.592399e-01 -9.246714e-01  2.902496e+00  0.000000e+00  0.000000e+00  3.265951e-01  3.199513e-01  8.108212e-02  3.985007e-03
-3.714917e-02  3.864566e-01 -5.850829e-01  1.046654e+02  5.000000e-01  5.992192e-01  1.347705e+00  2.312487e-01  5.221220e-02
3 -4.323820e-01 -6.572799e-01  2.642145e+00  1.029309e+00  1.608805e-01  8.512950e+00 6 1 -1.000000e+00
-1.590244e+00 -1.634310e+00  2.279467e+00  0.000000e+00  0.000000e+00  3.233406e-01  2.088005e-02 -1.368682e-01  2.210044e-03
 1.593437e-01  3.455580e-01 -3.667218e-01  2.565955e+02  5.000000e-01  1.311713e+00  1.116067e+00 -1.256353e+00  3.338998e-01
 6.173917e-03  1.239786e-02  6.571215e-04  2.691048e+02  1.000000e+00  4.200040e+01  9.894787e+00 -7.831827e+00  3.972318e+01
3 -3.241539e-01  4.207476e-01  1.496205e+00  6.397027e-01  1.408726e-01  4.138960e+00 6 1 -1.000000e+00
-6.935399e-01  8.773282e-01  2.257699e+00  0.000000e+00  0.000000e+00  2.323276e-01  6.604025e-02  3.768697e-01  1.426020e-02
 2.107750e-01 -3.146638e-01 -3.180479e-01  1.258506e+02  5.000000e-01  6.441723e-01  5.860320e-01  1.710953e+00  2.803973e-01
 1.673498e-03 -2.759876e-03  5.483159e-05  1.593531e+02  1.000000e+00  1.398220e+02  2.419421e+01  2.117814e+01  1.387905e+02
3  4.595138e-01  5.893680e-01  2.181177e+00  1.145959e+00  6.262903e-02  5.550080e+00 6 2 -1.000000e+00
 6.595560e-01  1.838901e+00  3.332894e+00  0.000000e+00  0.000000e+00  4.055642e-01  1.297110e-01 -1.910222e-01  5.499005e-03
-1.705909e-01 -1.781244e-01 -2.087359e-01  2.693128e+02  5.000000e-01  2.248548e+00  1.452762e-01 -2.515653e+00  1.164253e+00
-2.940919e-02 -3.085777e-02  8.227701e-03  2.722588e+02  1.000000e+00  1.439860e+01 -1.151245e-01 -7.613709e+00  1.273716e+01
3 -4.964570e-01  6.088348e-01  8.255265e-01  5.355326e-01  5.929559e-02  4.990230e+00 6 2  2.821505e-01
 4.972040e-01 -4.362095e-01  4.608842e+00  0.000000e+00  0.000000e+00  3.481523e-01 -1.908986e-01  4.141121e-01  3.135414e-02
-1.808821e-01  3.463364e-02 -2.732840e-01  5.934839e+01  5.000000e-01  1.455682e+00 -1.846251e+00  6.769054e-01  6.569319e-01
-1.249579e-02  2.699152e-03  3.412596e-03  6.357477e+01  1.000000e+00  1.970125e+01 -6.800196e+00  3.234510e+00  1.794955e+01
3  7.943249e-01 -1.952053e+00  1.580293e+00  8.015319e-01  2.547180e-01  7.207680e+00 6 1  2.825344e-01
 1.249448e+00 -1.828495e-01  2.845901e+00  0.000000e+00  0.000000e+00  3.559819e-01 -1.822756e-01  1.736442e-01  1.699261e-03
-2.925474e-01  1.629480e-01 -7.249021e-01  1.582657e+02  5.000000e-01  1.103420e+00 -5.200039e-01  1.058201e+00  6.841757e-02
-3.605888e-03  1.757792e-03  1.773125e-04  1.750994e+02  1.000000e+00  7.840042e+01 -1.213848e+01  1.427317e+01  7.230368e+01
3  6.442278e-01  4.318293e-01  1.294945e+00  5.111405e-01  1.054670e-01  4.106610e+00 6 1  2.751187e-01
 1.057021e+00 -5.004007e-01  1.786120e+00  0.000000e+00  0.000000e+00  2.378182e-01 -8.826940e-02  1.151389e-01  1.013639e-03
-1.205547e-01  3.829919e-02 -1.883768e-01  1.982503e+02  5.000000e-01  1.647980e+00 -1.903634e+00  1.450713e+00  4.450975e-01
-7.894508e-03  2.237928e-03  9.646391e-04  2.021437e+02  1.000000e+00  3.421552e+01 -7.906633e+00  2.024585e+00  3.143393e+01
3 -3.413928e-01  3.485085e-01  6.142376e-01  2.805387e-01  1.843329e-01  2.090030e+00 6 1  2.733139e-01
-3.409674e-01  4.344692e-01  2.663625e+00  0.000000e+00  0.000000e+00  3.190125e-01  1.218550e-02  2.969297e-01  2.600438e-02
 4.094478e-02 -4.660351e-02 -4.909937e-01  1.244613e+02  5.000000e-01  3.298413e+00  1.561763e-01  2.700926e+00  2.320863e+00
 2.732914e-02 -3.178598e-02  2.443510e-01  1.244876e+02  1.000000e+00  4.988720e+00  3.952743e-01  3.414845e+00  3.875220e+00
3  4.001699e-02 -5.365012e-02  3.614556e-01  2.678377e-01  7.175117e-01  9.361400e+00 6 3 -1.000000e+00
 9.233624e-02 -2.821213e-01  6.487048e+00  0.000000e+00  0.000000e+00  4.952037e-01  2.413356e-01  2.059687e-01  1.051082e-01
-5.683663e-02  4.711667e-02 -9.041034e+00  1.670941e+00  5.000000e-01  1.465411e+00 -1.324734e-01  5.564753e-01  8.600402e-01
-4.303305e-02  3.642639e-02  6.264416e+00  1.671282e+00  1.000000e+00  1.724132e+00 -1.633985e-01  5.814090e-01  1.066282e+00
3 -6.888373e-01 -1.298028e+00  1.461677e+00  6.770335e-01  3.640681e-01  4.308000e+00 6 1  2.838301e-01
-6.699459e-04 -4.366192e-01 -8.537455e-01  9.777948e+01  5.000000e-01  7.743723e-01  1.097204e+00 -1.355002e-01  1.076275e-01
-8.199773e-01  7.738499e-01  2.345016e+00  0.000000e+00  0.000000e+00  3.260268e-01  7.557244e-02  1.486353e-01  4.669863e-03
 3.862487e-04 -1.513942e-03  4.605149e-05  1.350521e+02  1.000000e+00  1.522576e+02  3.391859e+01  3.683039e+00  1.493461e+02
3  4.663618e-01 -3.673339e-02  1.920026e+00  7.709557e-01  4.058075e-01  4.845700e+00 6 1 -1.000000e+00
 1.397837e+00 -4.430180e-01  2.180262e+00  0.000000e+00  0.000000e+00  3.051113e-01 -1.554277e-01 -7.214677e-03  1.308417e-02
-4.689018e-01  6.185693e-03 -8.847667e-01  5.040193e+01  5.000000e-01  7.038078e-01 -1.091494e+00 -1.631302e-01  2.184944e-01
-8.530884e-03  1.544234e-03  6.070609e-04  5.945452e+01  1.000000e+00  4.260369e+01 -6.970780e+00  5.915606e+00  4.136458e+01
2 -1.100234e-01 -8.150440e-02  9.631015e-01  4.929797e-01  5.252563e-01  6.867430e+00 6 3 -1.000000e+00
-5.435258e-01 -2.615921e-01  3.458540e+00  0.000000e+00  0.000000e+00  3.215592e-01 -2.314049e-01 -3.429203e-01  1.206485e-02
 2.647222e-01  2.621441e-01 -1.816620e+00  5.462264e+01  5.000000e-01  4.542842e-01  4.102853e-02 -9.201061e-01  4.296604e-02
2  1.758325e+00 -7.064655e-02  1.485435e+00  6.026383e-01  7.618386e-01  7.448410e+00 6 1  2.719486e-01
-5.848081e-01 -8.834854e-01  2.036001e+00  0.000000e+00  0.000000e+00  2.749848e-01  1.964584e-02 -1.846675e-01  2.224722e-03
 1.418901e-01  4.120561e-01 -2.672483e+00  1.319135e+02  5.000000e-01  6.328385e-01  5.888917e-01 -4.027381e-01  3.183164e-02
3 -1.223456e-01  3.227680e-01  1.585724e+00  6.157357e-01  3.238010e-01  2.555810e+00 6 1 -1.000000e+00
 6.663188e-02 -4.750722e-01 -9.506470e-01  4.656982e+01  5.000000e-01  7.751638e-01  9.697886e-01  4.024630e-01  2.687638e-01
-5.279414e-01  9.949631e-01  2.935899e+00  0.000000e+00  0.000000e+00  3.443816e-01  1.520322e-01  2.571198e-01  1.830365e-02
 9.865086e-04 -8.963516e-03  9.022710e-04  5.798377e+01  1.000000e+00  3.706996e+01  1.359402e+01 -2.816003e+00  3.567975e+01
3 -2.137583e-01 -8.248975e-02  5.328818e-01  2.284825e-01  1.186176e-01  5.746560e+00 6 1 -1.000000e+00
-4.283572e-01 -1.620294e-01  1.591810e+00  0.000000e+00  0.000000e+00  1.950584e-01 -8.105663e-02 -1.146517e-01  9.477460e-03
 6.838454e-03  1.330321e-03  2.229703e-03  2.344726e+01  1.000000e+00  2.406990e+01 -9.052747e+00 -1.333364e+00  2.334448e+01
 7.339384e-02  1.743899e-02 -1.888167e-01  2.273094e+01  5.000000e-01  1.364687e+00 -1.947803e+00 -1.278751e+00  9.509670e-01
1  2.652817e-03  9.798666e-03  0.000000e+00  1.074793e-02  0.000000e+00  2.362490e+00 0 2 -1.000000e+00
 4.376828e-03  2.272735e-02  3.117537e+00  0.000000e+00  0.000000e+00  3.718061e-01  2.135517e-01 -1.680989e-01  2.694364e-01
3 -3.767492e-01  1.273100e-01  1.067341e+00  4.385472e-01  1.040204e-01  6.180910e+00 6 1 -1.000000e+00
-8.349049e-01  1.590170e-01  2.279720e+00  0.000000e+00  0.000000e+00  2.690091e-01 -2.702662e-01  1.505107e-01  3.416572e-03
 2.022938e-01 -9.284833e-02 -2.371375e-01  1.295716e+02  5.000000e-01  8.170067e-01 -1.425312e+00  1.489610e+00  2.055170e-01
 7.920016e-04 -4.496756e-04  6.534828e-06  1.607251e+02  1.000000e+00  4.122854e+02 -1.131863e+01  1.264966e+02  4.100887e+02
3 -2.313999e-01  1.787513e-01  1.643807e+00  6.131632e-01  4.000983e-01  8.744230e+00 6 1 -1.000000e+00
 3.111230e-01 -5.080519e-01 -8.590631e-01  6.868862e+01  5.000000e-01  4.996138e-01  5.733030e-01  1.042002e+00  1.030166e-01
-1.087506e+00  3.556243e-01  2.147130e+00  0.000000e+00  0.000000e+00  2.701049e-01 -1.795278e-01  1.864906e-01  5.076470e-03
 2.533057e-04 -3.412915e-04  2.171827e-06  1.379868e+02  1.000000e+00  7.245615e+02  1.968104e+02  1.560932e+02  7.229241e+02
3 -4.426603e-04 -2.280929e-02  1.821525e-01  9.027810e-02  8.412906e-01  8.233000e+00 6 1 -1.000000e+00
-2.889735e-02 -1.248366e-01  2.423205e+00  0.000000e+00  0.000000e+00  3.312037e-01  1.683576e-01 -7.916788e-02  5.482921e-02
-3.741640e-02  5.711654e-02 -2.038619e+00  9.111085e-01  5.000000e-01  6.906629e-01  2.080564e-01  7.368379e-01  3.385158e-01
-1.630815e-04  1.431047e-03  6.342907e-03  1.235643e+00  1.000000e+00  1.385215e+01  1.979633e+00  1.898028e+00  1.307681e+01
3  3.300968e-01  2.363908e-01  9.147741e-01  4.542912e-01  2.908552e-02  8.147630e+00 6 2 -1.000000e+00
 7.384637e-01  2.276989e-01  3.201816e+00  0.000000e+00  0.000000e+00  3.260110e-01 -2.023509e-01 -3.177932e-01  1.816272e-02
-1.205710e-01 -8.673885e-02 -9.312648e-02  9.624989e+01  5.000000e-01  2.240505e+00 -1.000232e+00 -3.358046e+00  1.594134e+00
-6.690393e-03 -4.654923e-03  3.997021e-04  1.018342e+02  1.000000e+00  6.319743e+01 -1.310844e+01 -3.456626e+01  6.190890e+01
1 -4.857699e-02 -1.272034e+00  0.000000e+00  4.684208e-01  0.000000e+00  3.707680e+00 0 2  3.028126e-01
-4.194024e-02 -5.542495e-01  3.327845e+00  0.000000e+00  0.000000e+00  3.426612e-01  3.338581e-01 -1.419094e-01  4.241809e-02
3  3.278613e-01  2.127051e-01  9.176904e-01  4.300077e-01  3.832383e-02  6.171310e+00 6 2 -1.000000e+00
 6.604356e-01  4.052912e-01  3.584897e+00  0.000000e+00  0.000000e+00  3.461381e-01 -2.351506e-01 -3.054366e-01  5.528614e-03
-1.157191e-01 -8.434092e-02 -1.373870e-01  1.071887e+02  5.000000e-01  1.422068e+00 -7.933992e-01 -2.612923e+00  5.224090e-01
-2.864206e-03 -1.894724e-03  1.331496e-04  1.158211e+02  1.000000e+00  9.147846e+01 -9.539052e+00 -2.418694e+01  8.925961e+01
1  2.413235e+00 -4.336654e+00  0.000000e+00  2.847352e+00  0.000000e+00  7.472820e+00 0 2 -1.000000e+00
 4.131404e+00 -7.265988e+00  3.061375e+00  0.000000e+00  0.000000e+00  3.554165e-01  1.571356e-01  2.532700e-01  1.188103e-03
3 -2.074550e-02 -1.701674e-01  4.681616e-01  1.625965e-01  1.063553e-01  7.410290e+00 6 1 -1.000000e+00
-1.457780e-02 -4.094836e-01  1.610883e+00  0.000000e+00  0.000000e+00  2.106365e-01 -4.320144e-02 -2.123519e-02  2.422698e-03
 1.588686e-04  1.194281e-03  9.048578e-05  4.601413e+01  1.000000e+00  1.092726e+02  2.476404e+01 -7.631446e+00  1.081680e+02
 9.839974e-03  5.804081e-02 -1.713260e-01  4.288913e+01  5.000000e-01  9.934377e-01  2.251393e+00 -8.764128e-01  4.943659e-01
3 -8.694163e-02  6.733274e-01  1.492460e+00  6.428519e-01  3.904626e-01  8.212110e+00 6 1  2.711390e-01
 3.942576e-01  2.650519e-02 -9.502915e-01  2.014349e+02  5.000000e-01  7.849308e-01 -1.041051e+00 -1.215605e-01  3.534264e-02
-1.042739e+00  4.295937e-01  2.433758e+00  0.000000e+00  0.000000e+00  3.153220e-01 -1.621282e-01  1.777954e-01  1.236683e-03
 9.416342e-04  5.003225e-05  1.761411e-05  2.633022e+02  1.000000e+00  2.484882e+02  1.502492e+01 -6.520728e+01  2.450512e+02
5 -5.777628e-03 -2.195923e-02  4.927893e-01  2.502942e-01  1.000000e+00  3.102430e+00 6 3 -1.000000e+00
-5.892771e-02 -2.598407e-01  3.945740e+00  0.000000e+00  0.000000e+00  3.277316e-01  3.835247e-01 -2.267501e-01  9.117930e-02
 2.068333e-01  7.245603e-02 -7.740358e+00  1.032004e+00  5.000000e-01  4.534199e-01 -5.026377e-01 -4.186862e-01  1.604787e-01
-1.537721e-01  1.667944e-01 -6.891948e+00  1.039691e+00  5.000000e-01  4.950786e-01  3.057655e-02  6.317496e-01  2.012437e-01
 5.142694e-02  2.204333e-01  1.319277e+01  9.675666e-01  0.000000e+00  3.897987e-01  4.675427e-01 -2.791959e-01  1.333812e-01
 1.149301e-04  6.031726e-04  1.109578e-03  3.271156e+00  1.000000e+00  3.111066e+01  1.873763e+00  1.377524e+00  3.008889e+01
3  3.246550e-01 -1.441981e-01  1.026776e+00  4.543807e-01  1.444599e-01  5.910300e+00 6 1 -1.000000e+00
 6.326136e-01 -4.778470e-01  1.716351e+00  0.000000e+00  0.000000e+00  2.072038e-01 -1.445191e-01  1.581409e-01  2.098380e-02
-2.221360e-01  9.107522e-02 -2.479438e-01  8.785533e+01  5.000000e-01  7.885934e-01 -1.599715e+00  1.232386e+00  4.670387e-01
-2.075995e-03  1.091722e-03  4.329399e-05  1.088829e+02  1.000000e+00  1.668036e+02 -3.224222e+01  5.790824e+01  1.659310e+02
3 -1.061705e-01 -1.242272e-01  4.247400e-01  1.741247e-01  1.225680e-01  4.768120e+00 6 1 -1.000000e+00
-2.972563e-01 -1.601290e-01  1.668988e+00  0.000000e+00  0.000000e+00  1.749947e-01 -1.945980e-02 -2.847622e-01  2.713432e-02
 2.164953e-03  3.116778e-03  7.506012e-04  8.961853e+00  1.000000e+00  4.065796e+01  7.535773e+00 -1.355363e+01  4.022563e+01
 5.167484e-02  8.205098e-02 -2.045645e-01  8.018813e+00  5.000000e-01  1.080614e+00  9.812162e-01 -1.982964e+00  8.568985e-01
1 -1.365496e-01  2.118228e-01  0.000000e+00  5.338313e-02  0.000000e+00  5.149800e+00 0 2  2.857694e-01
 8.946651e-02  1.307120e-01  3.306879e+00  0.000000e+00  0.000000e+00  3.974013e-01  1.831764e-01 -1.648381e-01  1.563449e-02
2  1.937094e-01 -5.967754e-03  1.715635e+00  1.117863e+00  6.077845e-01  7.476430e+00 6 3 -1.000000e+00
 1.064318e+00 -2.168100e-01  4.427057e+00  0.000000e+00  0.000000e+00  4.577129e-01 -2.485765e-01  8.000841e-02  2.797436e-02
-6.409239e-01 -2.824983e-02 -2.690696e+00  1.266122e+02  5.000000e-01  6.148351e-01 -6.972307e-01 -1.840442e-01  8.448942e-02
2 -6.195273e-01  2.784233e-01  1.085902e+00  5.601403e-01  5.128617e-02  6.432740e+00 6 2  2.698706e-01
 6.471775e-01 -4.708673e-01  5.738839e+00  0.000000e+00  0.000000e+00  3.679391e-01 -5.159629e-02  4.717919e-01  5.336716e-03
-1.585749e-01  2.571070e-01 -2.943231e-01  1.558458e+02  5.000000e-01  7.883935e-01  8.547396e-01  1.646762e+00  9.843070e-02
3  1.373901e-01 -3.779510e-01  2.804713e+00  1.542000e+00  6.895337e-01  4.546630e+00 6 1 -1.000000e+00
 2.695360e-01 -2.027864e+00  2.807279e+00  0.000000e+00  0.000000e+00  3.768769e-01  1.768097e-01  2.835312e-02  1.981849e-02
-6.869437e-01  6.087170e-01 -1.935713e+00  1.068888e+02  5.000000e-01  8.519450e-01 -1.809866e-01  7.111748e-01  2.324575e-01
-1.170657e-02  2.072636e-02  5.323191e-03  1.299113e+02  1.000000e+00  1.540270e+01  6.333910e-01  4.379420e+00  1.392119e+01
3 -1.360138e-01  3.932893e-01  9.817570e-01  4.530980e-01  1.138659e-01  5.504730e+00 6 1 -1.000000e+00
-3.345833e-01  7.720716e-01  1.723168e+00  0.000000e+00  0.000000e+00  2.111654e-01  1.904115e-01  7.534704e-02  1.311594e-02
 7.777392e-02 -1.188876e-01 -1.962100e-01  8.352359e+01  5.000000e-01  1.795805e+00  1.403199e+00  1.939309e+00  1.333508e+00
 1.293976e-02 -1.729087e-02  5.456891e-03  8.513876e+01  1.000000e+00  1.784735e+01  1.142745e+00  9.963572e+00  1.709065e+01
3  3.952427e-01  4.184728e-01  1.372921e+00  6.586657e-01  2.273010e-02  9.313810e+00 6 2 -1.000000e+00
 9.831435e-01  6.848425e-01  4.716622e+00  0.000000e+00  0.000000e+00  4.095695e-01 -9.509487e-03 -3.694612e-01  1.415644e-03
-1.204143e-01 -1.319027e-01 -1.072093e-01  1.719310e+02  5.000000e-01  1.544224e+00  5.536550e-02 -3.101719e+00  3.390365e-01
-1.389977e-03 -2.020372e-03  3.348745e-05  1.860241e+02  1.000000e+00  1.791728e+02  3.245279e+01 -2.881712e+01  1.758573e+02
1 -7.002769e-03 -3.382076e-02  0.000000e+00  4.817769e-02  0.000000e+00  5.180280e+00 0 2 -1.000000e+00
-3.671109e-02 -7.891033e-02  3.580929e+00  0.000000e+00  0.000000e+00  4.079499e-01  2.433004e-01 -1.098684e-01  8.991707e-02
1 -9.942480e-03 -3.269008e-02  0.000000e+00  2.263230e-02  0.000000e+00  5.842230e+00 0 2 -1.000000e+00
-2.331498e-02 -4.884706e-02  3.007399e+00  0.000000e+00  0.000000e+00  3.172491e-01  2.642889e-01 -2.525607e-01  6.984140e-02
3 -1.200287e-01 -3.777789e-01  1.033290e+00  4.245565e-01  1.059279e-01  5.344320e+00 6 1 -1.000000e+00
-2.330920e-01 -9.359437e-01  1.715251e+00  0.000000e+00  0.000000e+00  2.294728e-01  9.943177e-02 -2.864144e-02  5.611947e-03
 1.127768e-02  3.207362e-02  4.323017e-02  9.303897e+01  1.000000e+00  9.151744e+00  5.001266e+00 -4.278584e+00  7.676728e+00
 2.376073e-02  6.491307e-02 -1.816930e-01  9.298575e+01  5.000000e-01  3.979426e+00  2.792083e+00 -2.566134e+00  2.800521e+00
2 -4.803099e-01  1.121881e-01  1.770599e+00  8.426435e-01  1.631793e-01  8.234350e+00 6 1 -1.000000e+00
-1.412141e+00  1.478108e-01  2.522573e+00  0.000000e+00  0.000000e+00  3.578161e-01 -1.089943e-01  6.402867e-02  2.383095e-03
 3.429547e-01 -8.598377e-02 -4.116317e-01  3.806779e+02  5.000000e-01  8.019774e-01 -1.315031e+00  8.598037e-01  1.149856e-01
3 -6.854389e-01 -4.137132e-01  2.502503e+00  1.008331e+00  1.249213e-01  6.583540e+00 6 1 -1.000000e+00
-1.974406e+00 -6.134858e-01  2.508399e+00  0.000000e+00  0.000000e+00  3.343953e-01 -1.229391e-01 -1.710408e-01  2.051379e-03
 3.642717e-01  2.770805e-01 -3.133524e-01  2.199704e+02  5.000000e-01  8.976037e-01 -4.122382e-01 -1.741218e+00  1.561257e-01
 2.052594e-03  1.401152e-03  1.721692e-05  2.580928e+02  1.000000e+00  2.438691e+02  7.265655e-01 -3.004148e+01  2.416709e+02
3 -1.628723e-02  1.572968e-02  1.470711e-01  7.182797e-02  5.789349e-01  4.361230e+00 6 3 -1.000000e+00
-8.425718e-02  7.217876e-02  6.131680e+00  0.000000e+00  0.000000e+00  4.835967e-01 -9.549094e-02  3.073538e-01  2.186226e-01
 1.900192e-02 -3.254698e-02 -1.059131e+01  1.735966e-01  5.000000e-01  1.112926e+00  1.607461e-01  2.851841e-01  7.460672e-01
 1.038292e-02 -1.600387e-02  4.014651e+00  1.742623e-01  1.000000e+00  1.586413e+00  2.077164e-01  2.272577e-01  1.159229e+00
3 -1.049272e+00  1.089027e+00  1.569191e+00  9.782664e-01  5.831820e-02  9.236900e+00 6 2  2.682007e-01
 8.217360e-01 -9.495890e-01  1.155907e+01  0.000000e+00  0.000000e+00  4.731395e-01  1.860358e-01  3.955509e-01  4.967557e-03
-5.479785e-02  3.519672e-01 -6.741044e-01  2.543022e+02  5.000000e-01  1.236584e+00  1.170419e+00  4.117527e-01  1.554917e-01
-1.634386e-03  1.029022e-02  1.325826e-03  2.776490e+02  1.000000e+00  2.956515e+01  7.755733e+00  1.252967e+00  2.660917e+01
3  2.147218e-01 -3.978031e-01  1.060050e+00  5.394565e-01  1.458732e-01  8.212110e+00 6 1 -1.000000e+00
 4.887945e-01 -6.558108e-01  1.611586e+00  0.000000e+00  0.000000e+00  1.353766e-01  1.787302e-01  3.084188e-01  1.957530e-02
-1.113681e-01  2.179800e-01 -2.350871e-01  2.529621e+01  5.000000e-01  6.157614e-01  1.322304e+00  1.628771e+00  4.322524e-01
-2.501187e-03  4.193433e-03  2.358592e-04  2.958302e+01  1.000000e+00  6.680748e+01  2.422042e+00  9.216325e+00  6.641397e+01
5  6.632913e-01  1.089974e+00  5.448711e+00  2.071599e+00  1.000000e+00  4.782410e+00 6 3 -1.000000e+00
 3.858261e+00  3.957063e-01  2.940604e+00  0.000000e+00  0.000000e+00  3.775384e-01 -3.886448e-02 -2.142003e-01  3.565876e-03
-9.838544e-01  2.894179e+00  7.598002e+00  7.905880e+01  0.000000e+00  4.414374e-01  4.247075e-01  1.472642e-03  8.305012e-03
 2.853650e-01  2.757407e+00 -7.513124e+00  8.187484e+01  5.000000e-01  5.271427e-01  5.405594e-01 -2.539488e-01  1.298924e-02
-3.099630e-01 -5.465326e-01 -1.953964e-01  4.015537e+02  5.000000e-01  1.691565e+00  1.238557e+00 -2.015450e+00  5.867144e-01
-1.477704e-02 -2.558935e-02  8.918540e-04  4.233493e+02  1.000000e+00  3.744141e+01  7.578970e+00 -1.221786e+01  3.513877e+01
3  2.727623e-01 -4.942022e-01  5.295791e-01  2.774414e-01  2.915256e-01  4.266350e+00 6 1  2.926313e-01
-2.740905e-01 -3.859536e-01  2.354393e+00  0.000000e+00  0.000000e+00  3.240730e-01  1.678237e-01 -6.304498e-02  9.689848e-03
 2.315427e-02  5.233802e-02 -6.863660e-01  1.128616e+01  5.000000e-01  1.949791e+00  1.177166e+00 -9.865765e-01  9.591612e-01
 1.128425e-02  2.328464e-02  1.674479e-01  1.130298e+01  1.000000e+00  4.257064e+00  1.357091e+00 -1.671754e+00  2.969874e+00
1  2.300164e+00 -2.768784e+00  0.000000e+00  7.495891e-01  0.000000e+00  3.720370e+00 0 2  2.847187e-01
 1.437193e+00 -1.670759e+00  7.704931e+00  0.000000e+00  0.000000e+00  5.352481e-01  7.153731e-02  2.847626e-01  1.130591e-03
3  1.899209e-02 -1.024827e-01  5.007160e-01  2.855780e-01  2.859815e-01  3.367780e+00 6 1  2.732171e-01
 4.033094e-02  3.609687e-01  2.789375e+00  0.000000e+00  0.000000e+00  2.981999e-01  3.602821e-01  6.493780e-02  6.134185e-03
 4.321530e-02 -1.397389e-01 -7.977096e-01  2.856506e+01  5.000000e-01  5.937362e-01  9.150382e-01  7.624594e-01  6.055651e-02
 2.893283e-05 -4.499305e-04  2.808703e-05  4.044449e+01  1.000000e+00  1.915313e+02  2.047085e+00 -2.635053e+01  1.891301e+02
3  3.595924e-01  4.788394e-01  1.308258e+00  8.298204e-01  1.063591e-01  3.894060e+00 6 1 -1.000000e+00
 6.366912e-01  8.113148e-01  2.138199e+00  0.000000e+00  0.000000e+00  1.768272e-01  1.699598e-01 -4.254924e-01  2.245756e-02
-1.960568e-01 -1.976791e-01 -2.274170e-01  3.244593e+01  5.000000e-01  8.885943e-01  3.495008e-01 -2.070620e+00  6.332555e-01
-1.083132e-02 -9.452433e-03  1.320975e-03  3.523596e+01  1.000000e+00  2.974190e+01 -5.097276e+00 -6.564880e+00  2.925698e+01
3  1.384860e-01  3.392373e-01  1.689550e+00  8.298324e-01  1.494514e-01  5.899130e+00 6 3 -1.000000e+00
-2.116064e-01 -5.403256e-01 -6.776487e-01  2.622194e+01  5.000000e-01  6.646183e-01  9.703754e-01 -8.040791e-01  3.912855e-01
 6.312878e-01  9.239514e-01  4.534241e+00  0.000000e+00  0.000000e+00  2.924559e-01  2.512462e-01 -4.657789e-01  8.435759e-02
-3.804551e-03 -8.511297e-03  8.080646e-04  3.635630e+01  1.000000e+00  3.777250e+01  6.520329e+00 -8.495712e+00  3.708055e+01
3  4.097257e-01  5.052814e-01  4.436239e-01  2.524964e-01  5.255022e-01  4.368090e+00 6 3  3.018644e-01
 1.419012e-03 -1.147239e-01 -3.995059e+00  2.985563e+00  5.000000e-01  1.160965e+00  5.230666e-01 -5.118887e-02  1.452100e-01
 2.720577e-03  3.288981e-01  7.602363e+00  0.000000e+00  0.000000e+00  4.733719e-01  3.673815e-01 -1.040668e-01  2.052195e-02
 1.379731e-03 -4.120682e-02  9.527293e-01  3.019556e+00  1.000000e+00  2.192920e+00  6.027791e-01  1.004922e-01  4.976507e-01
2 -4.391112e-01 -1.310099e-01  1.522994e+00  7.981836e-01  1.270915e-01  5.893680e+00 6 3  2.757792e-01
 6.566817e-01 -9.132867e-01  3.610393e+00  0.000000e+00  0.000000e+00  3.383942e-01  1.813517e-01  3.575692e-01  3.359867e-03
-2.254344e-01  3.282372e-01 -4.588501e-01  1.452236e+02  5.000000e-01  8.393239e-01  6.032617e-01  1.356928e+00  6.668516e-02
1 -1.883102e-02 -1.762181e-02  0.000000e+00  6.729907e-03  0.000000e+00  5.803320e+00 0 2  2.806980e-01
-2.093165e-02  1.798181e-02  3.988589e+00  0.000000e+00  0.000000e+00  4.780499e-01 -8.974848e-02  1.168842e-01  1.139690e-03
3 -4.110402e-01  3.682248e-01  9.096881e-01  4.568904e-01  1.407039e-01  6.618200e+00 6 3  2.890505e-01
 4.250660e-02 -3.342776e-01 -2.352929e+00  1.143298e+01  5.000000e-01  8.738755e-01  6.572839e-01  9.427312e-02  7.719587e-02
-2.146411e-01  5.383091e-01  1.672255e+01  0.000000e+00  0.000000e+00  5.797846e-01  2.501217e-01  2.328532e-01  2.066821e-02
 1.195348e-03 -5.725332e-03  3.748410e-03  1.588370e+01  1.000000e+00  2.042624e+01  9.384925e+00  4.745739e+00  1.595916e+01
2 -1.868282e+00 -1.125473e+00  2.420390e-02  8.700682e-01  1.685903e-01  6.212280e+00 6 1  2.803783e-01
 7.063733e-03  1.556443e-02  2.967525e-04  1.118512e+03  1.000000e+00  9.464552e+01  4.843581e+01 -5.525979e+01  9.203569e+01
 1.671072e-02  3.776273e-02 -1.760199e-03  1.118263e+03  5.000000e-01  2.930970e+01  2.587839e+01 -2.645497e+01  2.718598e+01
3 -3.803480e-01 -7.196494e-01  7.360490e-01  3.618547e-01  3.644783e-01  8.497310e+00 6 3  2.699809e-01
 4.434053e-01 -3.064149e-01  3.660952e+00  0.000000e+00  0.000000e+00  3.806574e-01 -2.401287e-01  2.297182e-01  6.814148e-03
-2.519525e-01 -6.507357e-02 -1.334338e+00  4.110603e+01  5.000000e-01  7.256020e-01 -8.036353e-01 -4.229659e-01  6.895592e-02
-1.144383e-03 -1.458239e-04  1.671030e-04  6.019068e+01  1.000000e+00  7.939555e+01 -4.580938e+00 -1.185514e+01  7.641092e+01
3 -2.283479e+00 -2.268688e+00  1.260738e+00  6.132749e-01  5.203254e-01  2.556850e+00 6 1  3.228806e-01
-8.164646e-01  6.559626e-01  2.075448e+00  0.000000e+00  0.000000e+00  2.780267e-01 -6.119015e-03  1.984547e-01  1.905402e-02
 1.705872e-01 -1.283780e-01 -1.079908e+00  3.066124e+01  5.000000e-01  1.373034e+00 -2.271149e-01  1.006766e+00  6.231589e-01
 5.107366e-02 -3.733354e-02  1.197357e-01  3.089821e+01  1.000000e+00  4.416799e+00 -6.336884e-01  1.709159e+00  3.166536e+00
3 -1.263805e-04 -9.770806e-02  6.865427e-01  3.674452e-01  9.522518e-01  3.710190e+00 6 1 -1.000000e+00
-7.667866e-02 -4.291525e-01  2.565125e+00  0.000000e+00  0.000000e+00  2.813571e-01  3.515254e-01 -5.507193e-02  2.200315e-02
-5.447518e-02  2.570311e-01 -2.693746e+00  1.621934e+01  5.000000e-01  4.115471e-01  7.373672e-01  4.168892e-01  8.044490e-02
 3.011055e-05  5.682203e-04  5.402936e-05  3.182334e+01  1.000000e+00  1.374146e+02  6.889155e+00 -7.281982e+00  1.360741e+02
3  5.721910e-01 -3.839298e-01  6.688685e-01  3.341978e-01  2.566097e-01  5.157130e+00 6 1  2.800103e-01
 5.349119e-01 -1.765732e-01  2.670072e+00  0.000000e+00  0.000000e+00  3.254009e-01 -2.144081e-01  1.859876e-01  3.565973e-03
-1.025218e-01  2.606791e-02 -6.851662e-01  3.464324e+01  5.000000e-01  1.417461e+00 -1.122104e+00  6.120922e-01  2.782734e-01
-1.041642e-02  2.752946e-03  8.703150e-03  3.537550e+01  1.000000e+00  1.281813e+01 -4.456032e+00  2.216079e+00  1.012580e+01
3 -1.373804e-03  1.694012e-02  1.066803e-01  5.116748e-02  5.690315e-01  4.451700e+00 6 3 -1.000000e+00
 5.546303e-04 -2.990258e-02 -5.590088e+00  6.113616e-01  5.000000e-01  8.556534e-01  4.411978e-01  7.119369e-02  3.693443e-01
-6.210298e-06  7.677627e-02  3.180936e+00  0.000000e+00  0.000000e+00  4.068619e-01  1.855489e-01  5.487706e-02  6.298623e-02
-3.048051e-05 -4.381597e-03  1.697436e-01  6.452299e-01  1.000000e+00  3.552299e+00  7.743969e-01 -1.526386e-01  2.769443e+00
3 -6.311795e-01  2.891807e-01  2.236477e+00  7.569341e-01  2.890608e-01  7.391030e+00 6 1 -1.000000e+00
 4.335941e-01 -2.301153e-01 -5.315674e-01  9.722713e+01  5.000000e-01  6.766922e-01 -1.006435e+00  9.863293e-01  2.984500e-01
-1.454604e+00  9.684418e-01  1.838946e+00  0.000000e+00  0.000000e+00  2.465566e-01 -1.283429e-01  8.611297e-02  1.202099e-02
 9.208862e-03 -6.946980e-03  5.164709e-04  1.110948e+02  1.000000e+00  4.689361e+01  3.888264e+00  1.244537e+01  4.608370e+01
3 -2.542742e-01 -4.632537e-01  1.401515e+00  4.567084e-01  1.174033e-01  1.061370e+01 6 1 -1.000000e+00
-4.573880e-01 -1.113561e+00  1.493172e+00  0.000000e+00  0.000000e+00  1.762546e-01 -9.125432e-02 -2.266964e-02  3.207925e-03
 1.291119e-03  2.389570e-03  4.130418e-05  1.285517e+02  1.000000e+00  1.619792e+02  2.324832e+01 -3.410540e+01  1.609494e+02
 9.824847e-02  1.731067e-01 -1.753034e-01  1.163973e+02  5.000000e-01  8.650330e-01  1.149988e+00 -2.097651e+00  4.563683e-01
3  1.570665e-01  1.497119e-01  9.204453e-01  6.061620e-01  3.432214e-01  1.243030e+00 6 3 -1.000000e+00
-2.244816e-01 -1.345057e-01 -1.051021e+00  9.888880e+00  5.000000e-01  1.194571e+00 -4.367811e-01 -8.936084e-01  9.625288e-01
 3.648752e-01  5.725149e-01  3.062224e+00  0.000000e+00  0.000000e+00  2.922693e-01  1.980474e-01 -3.675595e-01  1.413859e-01
-3.856167e-02 -2.581226e-02  8.410837e-02  1.031464e+01  1.000000e+00  4.950511e+00 -1.072476e+00 -1.602157e+00  4.588901e+00
1 -2.331296e+00  2.024842e+00  0.000000e+00  2.719511e+00  0.000000e+00  7.219350e+00 0 2 -1.000000e+00
-5.234543e+00  2.898890e+00  3.159417e+00  0.000000e+00  0.000000e+00  3.571280e-01 -3.494860e-02  3.091097e-01  3.531214e-03
1 -1.752861e-02  1.822523e-03  0.000000e+00  1.313923e-02  0.000000e+00  8.756440e+00 0 2  2.765536e-01
 6.897496e-03  2.948143e-02  3.241616e+00  0.000000e+00  0.000000e+00  4.135587e-01  1.853052e-01  3.297362e-02  6.657441e-04
3 -2.887652e-01  4.372720e-01  1.350853e+00  5.408669e-01  1.373266e-01  7.208660e+00 6 1 -1.000000e+00
-5.003123e-01  1.010813e+00  1.517592e+00  0.000000e+00  0.000000e+00  1.834175e-01  9.791354e-03  8.816120e-02  2.683441e-03
 1.369584e-01 -1.802746e-01 -2.084057e-01  2.432607e+02  5.000000e-01  6.911521e-01  4.927246e-01  2.156605e+00  2.455282e-01
 8.275693e-04 -1.242586e-03  1.450618e-05  2.825907e+02  1.000000e+00  2.655411e+02  1.160120e+01  3.018727e+01  2.641991e+02
