# [0]nim, [1]snr, [2]snr_obs, [3]source_id, [4]ein, [5]fs, [6]frac_sh_trunc [7]snr_max [8]flag_out [9]zs [10]xs [11]ys
# [12+8*i]m_type_i, [13+8*i]zl_i, [14+8*i]mass_i, [15+8*i]xl_i, [16+8*i]yl_i
# [17+8*i]e_i, [18+8*i]p_i, [19+8*i]param1(con, tb, ...)_i, i=0,1,2,3,4
# i=0,1 correspond subhalos and satellite gals if not exist, stored -1, please extract using e.g. np.extract(arr > 0, arr)
# i=2,3 correspond host halos and central gals
# i=4 corresponds perturbation
# m_type: 1 = anfw, 2 = ahern, 3 = pert
# observable multi events: 47 (subhalo 8), high-mag events: 33
3  2.228564e+00  2.998159e+00  4.102400e+04  7.848839e-01 6 -1.000000e+00  3.063989e+00 1   6.7989  1.476060e-02  2.456829e-01 -1 -1.0000 -1.000000e+00 -1.000000e+00 -1.000000e+00 -1.000000e+00 -1.000000e+00 -1.000000e+00 -1 -1.0000 -1.000000e+00 -1.000000e+00 -1.000000e+00 -1.000000e+00 -1.000000e+00 -1.000000e+00  0  0.3110  1.238987e+12  0.000000e+00  0.000000e+00  1.649703e-01  9.028553e+01  7.764022e+00  1  0.3110  5.880380e+10  0.000000e+00  0.000000e+00  6.623617e-02  9.597237e+01  1.879894e-01  2  0.3110  6.798887e+00  0.000000e+00  0.000000e+00  1.284218e-01  1.086514e+02  0.000000e+00 
3  2.744514e+00  1.763978e+00  1.837800e+04  4.169113e-01 6 -1.000000e+00  3.701550e+00 1   2.3016  4.861567e-02  3.072172e-01 -1 -1.0000 -1.000000e+00 -1.000000e+00 -1.000000e+00 -1.000000e+00 -1.000000e+00 -1.000000e+00 -1 -1.0000 -1.000000e+00 -1.000000e+00 -1.000000e+00 -1.000000e+00 -1.000000e+00 -1.000000e+00  0  0.8760  1.490308e+12  0.000000e+00  0.000000e+00  2.068780e-01  1.600813e+02  4.565088e+00  1  0.8760  6.338123e+10  0.000000e+00  0.000000e+00  2.352304e-01  1.657526e+02  7.201424e-02  2  0.8760  2.301615e+00  0.000000e+00  0.000000e+00  6.145166e-02  9.767767e+01  0.000000e+00 
2  8.135510e-01  7.047235e-02  4.653500e+04  2.321170e+00 6  2.782562e-01  1.429387e+00 2  10.0950  4.658151e+00 -3.680517e+00  0  0.8910  9.909384e+12  0.000000e+00  0.000000e+00  3.961803e-01 -1.509841e+02  1.254073e+01  1  0.8910  1.336077e+11  0.000000e+00  0.000000e+00  3.861199e-01 -1.734704e+02  1.831489e-01  2  0.8910  5.787758e+13  2.567348e+01 -1.665820e+01  4.011870e-01  1.511346e+02  2.857510e+00  3  0.8910  2.152744e+11  2.567348e+01 -1.665820e+01  2.841939e-01  1.377481e+02  1.546139e-01  4  0.8910  1.009503e+01  0.000000e+00  0.000000e+00  5.554872e-02  8.077305e+01  0.000000e+00 
4  5.092434e-01  5.514616e-01  5.042100e+04  8.413488e-01 6  2.730839e-01  7.837647e-01 1  15.3517 -5.151118e-01 -1.103654e+00  0  1.8110  1.116190e+12  0.000000e+00  0.000000e+00  4.180259e-01  1.065711e+02  1.273670e+01  1  1.8110  4.674470e+10  0.000000e+00  0.000000e+00  3.831982e-01  5.897384e+01  3.049729e-02  2  1.8110  3.905021e+12 -1.380247e+00 -3.556284e+00  3.979869e-01  4.759666e+01  8.547213e+00  3  1.8110  8.615831e+10 -1.380247e+00 -3.556284e+00  4.131946e-01  4.511595e+01  4.131383e-02  4  1.8110  1.535174e+01  0.000000e+00  0.000000e+00  2.454151e-01  8.943886e+01  0.000000e+00 
3  8.532134e+00  4.370183e+00  1.773800e+04  6.520640e-01 6 -1.000000e+00  1.237377e+01 1   2.2582  2.696255e-01  4.064361e-01 -1 -1.0000 -1.000000e+00 -1.000000e+00 -1.000000e+00 -1.000000e+00 -1.000000e+00 -1.000000e+00 -1 -1.0000 -1.000000e+00 -1.000000e+00 -1.000000e+00 -1.000000e+00 -1.000000e+00 -1.000000e+00  0  0.8690  4.693126e+12  0.000000e+00  0.000000e+00  1.788667e-01  1.063554e+02  5.324762e+00  1  0.8690  7.908876e+10  0.000000e+00  0.000000e+00  2.812747e-01  1.008858e+02  1.294892e-01  2  0.8690  2.258185e+00  0.000000e+00  0.000000e+00  6.534478e-02  1.497626e+01  0.000000e+00 
3  2.795827e+00  3.464385e+00  2.630800e+04  6.968014e-01 6 -1.000000e+00  4.019459e+00 1   3.3495 -3.849900e-01 -3.195102e-02 -1 -1.0000 -1.000000e+00 -1.000000e+00 -1.000000e+00 -1.000000e+00 -1.000000e+00 -1.000000e+00 -1 -1.0000 -1.000000e+00 -1.000000e+00 -1.000000e+00 -1.000000e+00 -1.000000e+00 -1.000000e+00  0  0.7300  8.162344e+12  0.000000e+00  0.000000e+00  2.133281e-01 -1.501128e+02  3.247339e+00  1  0.7300  1.305196e+11  0.000000e+00  0.000000e+00  3.608714e-01 -1.860724e+02  1.279429e-01  2  0.7300  3.349548e+00  0.000000e+00  0.000000e+00  4.498024e-02  2.676129e+01  0.000000e+00 
3  5.521428e+00  2.768800e+00  2.435700e+04  4.014354e-01 6 -1.000000e+00  6.904997e+00 1   3.0793  3.522445e-01  1.672967e-01 -1 -1.0000 -1.000000e+00 -1.000000e+00 -1.000000e+00 -1.000000e+00 -1.000000e+00 -1.000000e+00 -1 -1.0000 -1.000000e+00 -1.000000e+00 -1.000000e+00 -1.000000e+00 -1.000000e+00 -1.000000e+00  0  1.2270  1.712438e+12  0.000000e+00  0.000000e+00  2.383295e-01 -1.214545e+02  4.148632e+00  1  1.2270  6.062007e+10  0.000000e+00  0.000000e+00  1.154182e-01 -1.488688e+02  8.538775e-02  2  1.2270  3.079284e+00  0.000000e+00  0.000000e+00  4.467483e-02  4.543379e+01  0.000000e+00 
3  1.761642e+00  7.683840e-01  3.707700e+04  4.398603e-01 6 -1.000000e+00  2.197422e+00 1   5.5996 -4.566588e-01 -3.314850e-01 -1 -1.0000 -1.000000e+00 -1.000000e+00 -1.000000e+00 -1.000000e+00 -1.000000e+00 -1.000000e+00 -1 -1.0000 -1.000000e+00 -1.000000e+00 -1.000000e+00 -1.000000e+00 -1.000000e+00 -1.000000e+00  0  1.5730  2.291670e+12  0.000000e+00  0.000000e+00  1.082326e-02 -9.891381e+01  3.154949e+00  1  1.5730  7.680174e+10  0.000000e+00  0.000000e+00  4.785895e-01 -1.490088e+02  4.455394e-02  2  1.5730  5.599648e+00  0.000000e+00  0.000000e+00  9.176581e-02 -1.722814e+02  0.000000e+00 
3  1.037433e+01  7.987198e+00  1.174200e+04  6.051533e-01 6 -1.000000e+00  1.496110e+01 1   1.7156  3.671374e-01  1.256297e-01 -1 -1.0000 -1.000000e+00 -1.000000e+00 -1.000000e+00 -1.000000e+00 -1.000000e+00 -1.000000e+00 -1 -1.0000 -1.000000e+00 -1.000000e+00 -1.000000e+00 -1.000000e+00 -1.000000e+00 -1.000000e+00  0  0.6640  3.044274e+12  0.000000e+00  0.000000e+00  3.446732e-01  3.978521e+01  9.546914e+00  1  0.6640  7.156552e+10  0.000000e+00  0.000000e+00  2.839355e-01  4.259222e+01  1.275207e-01  2  0.6640  1.715629e+00  0.000000e+00  0.000000e+00  7.622560e-02  8.319650e+01  0.000000e+00 
3  3.292407e-01  1.894071e-01  4.660000e+04  8.252673e-01 6 -1.000000e+00  5.430591e-01 1  10.6399 -4.887984e-01  2.305660e-02 -1 -1.0000 -1.000000e+00 -1.000000e+00 -1.000000e+00 -1.000000e+00 -1.000000e+00 -1.000000e+00 -1 -1.0000 -1.000000e+00 -1.000000e+00 -1.000000e+00 -1.000000e+00 -1.000000e+00 -1.000000e+00  0  0.7440  5.028505e+12  0.000000e+00  0.000000e+00  3.894245e-01  7.658971e+01  3.771618e+00  1  0.7440  9.251687e+10  0.000000e+00  0.000000e+00  3.306887e-01  6.109317e+01  1.995933e-01  2  0.7440  1.063990e+01  0.000000e+00  0.000000e+00  3.668967e-02 -1.369904e+02  0.000000e+00 
3  2.664788e+00  1.156470e+00  2.939800e+04  8.153117e-01 6  2.838443e-01  5.009277e+00 2   3.8542 -1.202831e+00  2.834123e+00  0  1.1610  2.206174e+12  0.000000e+00  0.000000e+00  3.713404e-01 -3.121385e+01  9.144113e+00  1  1.1610  8.562944e+10  0.000000e+00  0.000000e+00  4.053987e-01 -2.768743e+01  1.275249e-01  2  1.1610  4.901881e+13 -1.905263e+00  1.061136e+01  3.987534e-01 -2.337377e+01  5.818137e+00  3  1.1610  2.264249e+11 -1.905263e+00  1.061136e+01  5.273330e-01 -7.105249e+01  2.485289e-01  4  1.1610  3.854213e+00  0.000000e+00  0.000000e+00  2.599497e-02 -4.475514e+01  0.000000e+00 
3  6.120541e-01  3.630812e-01  4.560100e+04  1.090972e+00 6  2.746117e-01  8.579961e-01 1   8.9091  7.958010e-01 -8.060181e-01  0  1.3390  2.384543e+12  0.000000e+00  0.000000e+00  2.062213e-01 -5.788465e+01  1.379310e+01  1  1.3390  6.114388e+10  0.000000e+00  0.000000e+00  2.049029e-01 -5.392635e+01  1.263952e-01  2  1.3390  6.107519e+12  7.610984e+00 -1.532306e+00  2.565848e-01  1.587407e+02  6.357531e+00  3  1.3390  6.785915e+10  7.610984e+00 -1.532306e+00  2.327658e-01  1.381274e+02  4.270048e-02  4  1.3390  8.909083e+00  0.000000e+00  0.000000e+00  1.408154e-01 -9.265245e+01  0.000000e+00 
3  9.331280e-01  7.304590e-01  4.677400e+04  7.378314e-01 6 -1.000000e+00  1.593866e+00 1  10.6547  1.817164e-01  2.254257e-01 -1 -1.0000 -1.000000e+00 -1.000000e+00 -1.000000e+00 -1.000000e+00 -1.000000e+00 -1.000000e+00 -1 -1.0000 -1.000000e+00 -1.000000e+00 -1.000000e+00 -1.000000e+00 -1.000000e+00 -1.000000e+00  0  1.0600  4.255667e+12  0.000000e+00  0.000000e+00  2.714999e-01 -7.679096e+01  3.268272e+00  1  1.0600  6.764915e+10  0.000000e+00  0.000000e+00  3.675368e-01 -1.077159e+02  1.003481e-01  2  1.0600  1.065468e+01  0.000000e+00  0.000000e+00  1.100616e-01 -5.046696e+01  0.000000e+00 
1  4.566764e-01  8.592436e-01  4.982200e+04  1.136887e+01 0 -1.000000e+00  8.592436e-01 2  15.2759 -1.772901e+01  1.000782e+01 -1 -1.0000 -1.000000e+00 -1.000000e+00 -1.000000e+00 -1.000000e+00 -1.000000e+00 -1.000000e+00 -1 -1.0000 -1.000000e+00 -1.000000e+00 -1.000000e+00 -1.000000e+00 -1.000000e+00 -1.000000e+00  0  0.8420  3.169939e+14  0.000000e+00  0.000000e+00  4.888654e-01 -1.320947e+02  4.333651e+00  1  0.8420  6.055195e+11  0.000000e+00  0.000000e+00  4.137894e-01 -8.032589e+01  4.206805e-01  2  0.8420  1.527590e+01  0.000000e+00  0.000000e+00  1.721139e-01  8.914135e+01  0.000000e+00 
3  1.215202e+00  6.510263e-01  4.943300e+04  1.009956e+00 6 -1.000000e+00  1.682453e+00 1  12.0546  1.811305e-01  6.798184e-01 -1 -1.0000 -1.000000e+00 -1.000000e+00 -1.000000e+00 -1.000000e+00 -1.000000e+00 -1.000000e+00 -1 -1.0000 -1.000000e+00 -1.000000e+00 -1.000000e+00 -1.000000e+00 -1.000000e+00 -1.000000e+00  0  1.2970  3.722847e+12  0.000000e+00  0.000000e+00  3.559847e-01 -6.635547e+01  4.704488e+00  1  1.2970  1.306101e+11  0.000000e+00  0.000000e+00  9.292388e-02 -9.355752e+01  6.328279e-02  2  1.2970  1.205456e+01  0.000000e+00  0.000000e+00  9.035426e-02 -4.526140e+01  0.000000e+00 
3  6.716986e-01  5.044298e-01  4.394100e+04  7.270013e-02 6 -1.000000e+00  1.250628e+00 3   8.3634  1.609314e-02  4.381917e-02 -1 -1.0000 -1.000000e+00 -1.000000e+00 -1.000000e+00 -1.000000e+00 -1.000000e+00 -1.000000e+00 -1 -1.0000 -1.000000e+00 -1.000000e+00 -1.000000e+00 -1.000000e+00 -1.000000e+00 -1.000000e+00  0  1.9790  3.211728e+11  0.000000e+00  0.000000e+00  8.257163e-02 -4.241903e+01  5.052708e+00  1  1.9790  1.814576e+09  0.000000e+00  0.000000e+00  1.244981e-01 -3.102475e+01  3.025968e-02  2  1.9790  8.363429e+00  0.000000e+00  0.000000e+00  3.911561e-02 -1.751314e+02  0.000000e+00 
3  1.624410e+00  7.570487e-01  2.474300e+04  8.356407e-01 6  2.877525e-01  2.083619e+00 1   3.0554 -1.849156e+00 -1.510327e+00  0  1.0150  1.762427e+12  0.000000e+00  0.000000e+00  9.084567e-02  2.746502e+01  2.327853e+01  1  1.0150  5.486501e+10  0.000000e+00  0.000000e+00  3.829434e-01  3.891624e-01  8.173784e-02  2  1.0150  2.586537e+13 -2.291102e+01 -3.346278e+01  2.965434e-01  1.403646e+02  5.447050e+00  3  1.0150  1.363040e+11 -2.291102e+01 -3.346278e+01  3.262185e-01  1.378520e+02  1.262391e-01  4  1.0150  3.055385e+00  0.000000e+00  0.000000e+00  7.988736e-02 -1.996321e+01  0.000000e+00 
3  1.359903e+00  2.110305e-01  4.540700e+04  2.482782e+00 6 -1.000000e+00  2.715644e+00 2   9.2358 -1.073417e+00  1.641031e+00 -1 -1.0000 -1.000000e+00 -1.000000e+00 -1.000000e+00 -1.000000e+00 -1.000000e+00 -1.000000e+00 -1 -1.0000 -1.000000e+00 -1.000000e+00 -1.000000e+00 -1.000000e+00 -1.000000e+00 -1.000000e+00  0  1.1710  3.115413e+13  0.000000e+00  0.000000e+00  4.002698e-01 -1.300168e+02  5.135705e+00  1  1.1710  1.763226e+11  0.000000e+00  0.000000e+00  3.525258e-01 -8.790612e+01  1.287779e-01  2  1.1710  9.235790e+00  0.000000e+00  0.000000e+00  9.072045e-02  3.220710e+01  0.000000e+00 
2  4.535466e+00  4.789083e+00  2.930100e+04  4.114673e-01 6 -1.000000e+00  6.819902e+00 1   3.6237 -1.579709e-01 -2.551387e-02 -1 -1.0000 -1.000000e+00 -1.000000e+00 -1.000000e+00 -1.000000e+00 -1.000000e+00 -1.000000e+00 -1 -1.0000 -1.000000e+00 -1.000000e+00 -1.000000e+00 -1.000000e+00 -1.000000e+00 -1.000000e+00  0  1.2340  2.686136e+12  0.000000e+00  0.000000e+00  4.920882e-01 -4.499998e+01  4.288366e+00  1  1.2340  6.303216e+10  0.000000e+00  0.000000e+00  3.970338e-01 -1.092734e+01  2.562849e-02  2  1.2340  3.623661e+00  0.000000e+00  0.000000e+00  3.627083e-02  1.749987e+02  0.000000e+00 
3  1.006858e+00  7.349653e-01  4.269500e+04  7.965200e-01 6 -1.000000e+00  1.270680e+00 1   8.0394  3.611318e-01 -4.028181e-01 -1 -1.0000 -1.000000e+00 -1.000000e+00 -1.000000e+00 -1.000000e+00 -1.000000e+00 -1.000000e+00 -1 -1.0000 -1.000000e+00 -1.000000e+00 -1.000000e+00 -1.000000e+00 -1.000000e+00 -1.000000e+00  0  0.9330  4.583354e+12  0.000000e+00  0.000000e+00  2.496462e-01 -1.696073e+02  2.642314e+00  1  0.9330  9.176042e+10  0.000000e+00  0.000000e+00  2.714222e-01 -9.434449e+01  1.130434e-01  2  0.9330  8.039388e+00  0.000000e+00  0.000000e+00  2.075939e-01 -5.781053e+01  0.000000e+00 
3  4.910119e+00  2.353167e+00  2.995300e+04  5.857965e-01 6 -1.000000e+00  6.703966e+00 1   3.8786 -3.672729e-01 -3.237997e-01 -1 -1.0000 -1.000000e+00 -1.000000e+00 -1.000000e+00 -1.000000e+00 -1.000000e+00 -1.000000e+00 -1 -1.0000 -1.000000e+00 -1.000000e+00 -1.000000e+00 -1.000000e+00 -1.000000e+00 -1.000000e+00  0  1.4100  2.485400e+12  0.000000e+00  0.000000e+00  2.349971e-01 -1.093890e+02  3.257665e+00  1  1.4100  9.044743e+10  0.000000e+00  0.000000e+00  5.216574e-01 -1.184872e+02  5.689949e-02  2  1.4100  3.878573e+00  0.000000e+00  0.000000e+00  8.432182e-02 -4.038940e+01  0.000000e+00 
2  3.555919e+00  3.261877e+00  2.987800e+04  3.846053e-01 6 -1.000000e+00  5.317069e+00 1   3.9126 -1.554349e-01 -1.680822e-02 -1 -1.0000 -1.000000e+00 -1.000000e+00 -1.000000e+00 -1.000000e+00 -1.000000e+00 -1.000000e+00 -1 -1.0000 -1.000000e+00 -1.000000e+00 -1.000000e+00 -1.000000e+00 -1.000000e+00 -1.000000e+00  0  1.6770  1.969766e+12  0.000000e+00  0.000000e+00  1.302135e-01 -1.222436e+02  3.384783e+00  1  1.6770  4.583905e+10  0.000000e+00  0.000000e+00  6.252367e-02 -7.193482e+01  9.401470e-03  2  1.6770  3.912598e+00  0.000000e+00  0.000000e+00  6.126837e-02  4.751803e+01  0.000000e+00 
3  4.370693e-01  2.624888e-01  4.276800e+04  2.625164e-01 6 -1.000000e+00  6.094718e-01 1   8.0906  1.935648e-01 -1.493453e-01 -1 -1.0000 -1.000000e+00 -1.000000e+00 -1.000000e+00 -1.000000e+00 -1.000000e+00 -1.000000e+00 -1 -1.0000 -1.000000e+00 -1.000000e+00 -1.000000e+00 -1.000000e+00 -1.000000e+00 -1.000000e+00  0  1.6980  5.973259e+11  0.000000e+00  0.000000e+00  2.800951e-01  1.747710e+02  1.147226e+01  1  1.6980  1.213535e+10  0.000000e+00  0.000000e+00  3.779127e-01  1.783229e+02  5.334121e-02  2  1.6980  8.090551e+00  0.000000e+00  0.000000e+00  5.935666e-02 -4.427496e+01  0.000000e+00 
1  4.301831e-01  1.062556e+00  5.050800e+04  3.477856e-02 0 -1.000000e+00  1.062556e+00 2  15.8210  5.754348e-03 -9.457915e-04 -1 -1.0000 -1.000000e+00 -1.000000e+00 -1.000000e+00 -1.000000e+00 -1.000000e+00 -1.000000e+00 -1 -1.0000 -1.000000e+00 -1.000000e+00 -1.000000e+00 -1.000000e+00 -1.000000e+00 -1.000000e+00  0  1.6760  2.005496e+11  0.000000e+00  0.000000e+00  4.816861e-01 -1.327266e+02  5.199512e+00  1  1.6760  1.139552e+09  0.000000e+00  0.000000e+00  2.207837e-01 -1.034541e+02  8.687880e-02  2  1.6760  1.582098e+01  0.000000e+00  0.000000e+00  7.559948e-02 -1.895264e+01  0.000000e+00 
1  4.962138e+00  9.895750e+00  2.432000e+04  8.207560e-02 0  2.978526e-01  9.895750e+00 2   3.1109 -7.588845e-02 -1.675641e-01  0  0.7040  7.597081e+10  0.000000e+00  0.000000e+00  1.332671e-01  6.437291e+01  3.048338e+01  1  0.7040  4.763756e+08  0.000000e+00  0.000000e+00  1.919419e-01  2.708651e+01  1.152476e-01  2  0.7040  6.556560e+11 -8.554154e+00 -9.529021e+00  5.332168e-02  1.718422e+02  3.683594e+00  3  0.7040  1.969761e+10 -8.554154e+00 -9.529021e+00  7.448331e-02  1.451862e+02  1.201497e-01  4  0.7040  3.110894e+00  0.000000e+00  0.000000e+00  3.401762e-02  1.057185e+02  0.000000e+00 
3  5.960516e-01  3.255886e-01  3.352200e+04  8.622293e-01 6 -1.000000e+00  1.011338e+00 1   4.6221 -5.472373e-01  1.393038e-01 -1 -1.0000 -1.000000e+00 -1.000000e+00 -1.000000e+00 -1.000000e+00 -1.000000e+00 -1.000000e+00 -1 -1.0000 -1.000000e+00 -1.000000e+00 -1.000000e+00 -1.000000e+00 -1.000000e+00 -1.000000e+00  0  1.4040  1.004118e+13  0.000000e+00  0.000000e+00  3.001994e-01 -6.153210e+01  4.109404e+00  1  1.4040  1.047655e+11  0.000000e+00  0.000000e+00  1.841659e-01 -1.068719e+02  9.302675e-02  2  1.4040  4.622071e+00  0.000000e+00  0.000000e+00  3.433430e-02  3.997742e+01  0.000000e+00 
2  7.318674e-01  4.968459e-01  4.811900e+04  1.290018e+00 6 -1.000000e+00  1.395031e+00 3  11.3073 -4.507967e-01 -2.669537e-01 -1 -1.0000 -1.000000e+00 -1.000000e+00 -1.000000e+00 -1.000000e+00 -1.000000e+00 -1.000000e+00 -1 -1.0000 -1.000000e+00 -1.000000e+00 -1.000000e+00 -1.000000e+00 -1.000000e+00 -1.000000e+00  0  1.6980  5.188278e+12  0.000000e+00  0.000000e+00  9.168476e-02 -8.295676e+01  5.410062e+00  1  1.6980  7.826154e+10  0.000000e+00  0.000000e+00  6.384679e-01 -9.191595e+01  4.863153e-02  2  1.6980  1.130734e+01  0.000000e+00  0.000000e+00  8.380055e-02  1.577406e+02  0.000000e+00 
3  1.850166e+00  9.802250e-01  2.813900e+04  5.552971e-01 6 -1.000000e+00  2.866339e+00 1   3.4428 -2.624705e-01 -1.039585e-01 -1 -1.0000 -1.000000e+00 -1.000000e+00 -1.000000e+00 -1.000000e+00 -1.000000e+00 -1.000000e+00 -1 -1.0000 -1.000000e+00 -1.000000e+00 -1.000000e+00 -1.000000e+00 -1.000000e+00 -1.000000e+00  0  1.1200  1.836201e+12  0.000000e+00  0.000000e+00  3.489390e-01  1.203818e+02  4.598002e+00  1  1.1200  5.154385e+10  0.000000e+00  0.000000e+00  4.455355e-01  8.074584e+01  7.876681e-02  2  1.1200  3.442786e+00  0.000000e+00  0.000000e+00  1.080925e-01  7.870242e+01  0.000000e+00 
1  1.056735e+00  2.712852e+00  4.761600e+04  6.562294e-01 0  3.042228e-01  2.712852e+00 2  10.3888  1.248609e+00 -2.149860e+00  0  0.7600  3.864566e+11  0.000000e+00  0.000000e+00  4.184068e-01 -1.168461e+02  3.960155e+01  1  0.7600  9.548586e+09  0.000000e+00  0.000000e+00  1.945398e-01 -1.088987e+02  3.530400e-02  2  0.7600  1.053751e+13  1.327202e+01 -2.587580e+01  2.416066e-01 -9.236925e+01  6.110327e+00  3  0.7600  9.616641e+10  1.327202e+01 -2.587580e+01  3.366504e-01 -9.384271e+01  1.786611e-01  4  0.7600  1.038876e+01  0.000000e+00  0.000000e+00  2.966212e-01  3.817248e+01  0.000000e+00 
3  3.234266e+00  1.569168e+00  2.133800e+04  8.232607e-01 6 -1.000000e+00  4.798115e+00 1   2.6877 -1.811334e-01  6.171380e-01 -1 -1.0000 -1.000000e+00 -1.000000e+00 -1.000000e+00 -1.000000e+00 -1.000000e+00 -1.000000e+00 -1 -1.0000 -1.000000e+00 -1.000000e+00 -1.000000e+00 -1.000000e+00 -1.000000e+00 -1.000000e+00  0  0.5050  5.235431e+12  0.000000e+00  0.000000e+00  2.976431e-01 -1.481157e+02  5.893143e+00  1  0.5050  7.202067e+10  0.000000e+00  0.000000e+00  3.503703e-01 -7.379321e+01  1.935815e-01  2  0.5050  2.687745e+00  0.000000e+00  0.000000e+00  1.123254e-01  4.861883e+01  0.000000e+00 
1  1.185434e+00  2.341681e+00  4.588600e+04  2.642174e+00 0 -1.000000e+00  2.341681e+00 2   8.7601 -2.479662e+00  8.059325e-01 -1 -1.0000 -1.000000e+00 -1.000000e+00 -1.000000e+00 -1.000000e+00 -1.000000e+00 -1.000000e+00 -1 -1.0000 -1.000000e+00 -1.000000e+00 -1.000000e+00 -1.000000e+00 -1.000000e+00 -1.000000e+00  0  0.7840  7.193200e+13  0.000000e+00  0.000000e+00  2.769612e-01 -1.093066e+02  3.728598e+00  1  0.7840  1.986891e+11  0.000000e+00  0.000000e+00  2.799996e-01 -7.220286e+01  1.900269e-01  2  0.7840  8.760066e+00  0.000000e+00  0.000000e+00  6.261963e-02 -5.104410e+01  0.000000e+00 
3  1.013886e+01  7.557356e+00  1.266200e+04  3.281692e-01 6  2.756881e-01  1.445934e+01 1   1.8040  4.939684e-02 -3.646037e-01  0  1.4450  1.558127e+12  0.000000e+00  0.000000e+00  1.520805e-01 -1.234917e+02  1.397424e+01  1  1.4450  5.127173e+10  0.000000e+00  0.000000e+00  5.635245e-01 -8.435622e+01  4.703810e-02  2  1.4450  4.951730e+12  3.162970e+00 -7.956183e+00  1.638833e-01 -6.231887e+01  2.637555e+00  3  1.4450  1.098339e+11  3.162970e+00 -7.956183e+00  1.755739e-01 -2.655718e+01  5.396414e-02  4  1.4450  1.803954e+00  0.000000e+00  0.000000e+00  2.834762e-02  1.530622e+02  0.000000e+00 
1  1.024915e+00  2.183066e+00  4.461000e+04  3.038228e-02 0  2.891019e-01  2.183066e+00 2   9.1038 -3.780255e-02  1.967865e-02  0  1.2250  1.163949e+10  0.000000e+00  0.000000e+00  2.948811e-01 -7.151063e+01  3.290814e+01  1  1.2250  5.004005e+06  0.000000e+00  0.000000e+00  3.234331e-01 -4.417663e+01  3.585593e-02  2  1.2250  9.301392e+10 -5.651250e-01  1.943607e-01  2.820827e-02  2.647781e+01  4.365292e+00  3  1.2250  2.631420e+08 -5.651250e-01  1.943607e-01  2.906671e-01  2.528623e+01  6.146164e-02  4  1.2250  9.103830e+00  0.000000e+00  0.000000e+00  1.445332e-01  4.036178e+01  0.000000e+00 
3  1.491206e+00  8.760586e-01  4.422400e+04  9.978272e-02 6 -1.000000e+00  3.566147e+00 2   8.4201 -2.243393e-02 -5.026229e-02 -1 -1.0000 -1.000000e+00 -1.000000e+00 -1.000000e+00 -1.000000e+00 -1.000000e+00 -1.000000e+00 -1 -1.0000 -1.000000e+00 -1.000000e+00 -1.000000e+00 -1.000000e+00 -1.000000e+00 -1.000000e+00  0  1.2900  1.850299e+11  0.000000e+00  0.000000e+00  3.118907e-01  1.341703e+02  1.267636e+01  1  1.2900  1.021050e+09  0.000000e+00  0.000000e+00  2.035165e-01  1.366601e+02  1.934574e-02  2  1.2900  8.420098e+00  0.000000e+00  0.000000e+00  1.088399e-01 -1.770810e+01  0.000000e+00 
3  1.997810e+00  8.631910e-01  3.669000e+04  4.375592e-01 6 -1.000000e+00  2.613792e+00 1   5.8092  3.661677e-01  1.026116e-01 -1 -1.0000 -1.000000e+00 -1.000000e+00 -1.000000e+00 -1.000000e+00 -1.000000e+00 -1.000000e+00 -1 -1.0000 -1.000000e+00 -1.000000e+00 -1.000000e+00 -1.000000e+00 -1.000000e+00 -1.000000e+00  0  2.6840  2.281837e+12  0.000000e+00  0.000000e+00  9.106716e-02  6.844186e+01  4.679202e+00  1  2.6840  4.934081e+10  0.000000e+00  0.000000e+00  3.419847e-01  6.783277e+01  3.134589e-02  2  2.6840  5.809168e+00  0.000000e+00  0.000000e+00  1.667288e-01 -1.433699e+02  0.000000e+00 
3  9.149333e-01  9.249817e-01  4.671500e+04  3.326597e-01 6 -1.000000e+00  1.275162e+00 1   9.9108 -1.732371e-01 -7.531504e-02 -1 -1.0000 -1.000000e+00 -1.000000e+00 -1.000000e+00 -1.000000e+00 -1.000000e+00 -1.000000e+00 -1 -1.0000 -1.000000e+00 -1.000000e+00 -1.000000e+00 -1.000000e+00 -1.000000e+00 -1.000000e+00  0  0.9470  7.532718e+11  0.000000e+00  0.000000e+00  2.532168e-01 -1.788312e+02  6.926761e+00  1  0.9470  2.835423e+10  0.000000e+00  0.000000e+00  2.888674e-01 -1.879705e+02  1.008464e-01  2  0.9470  9.910773e+00  0.000000e+00  0.000000e+00  7.200164e-02 -7.105200e+00  0.000000e+00 
1  1.031195e+00  2.117306e+00  4.964400e+04  1.493093e-02 0  2.847783e-01  2.117306e+00 2  13.0262  1.618549e-02 -6.807349e-02  0  1.5060  1.154337e+10  0.000000e+00  0.000000e+00  2.705064e-01 -1.436696e+01  2.479850e+01  1  1.5060  7.132368e+06  0.000000e+00  0.000000e+00  4.396931e-01  2.214135e+01  8.271435e-02  2  1.5060  7.614475e+10  1.026448e-01 -5.278284e+00  2.217820e-01 -1.707451e+02  5.948175e+00  3  1.5060  1.946052e+08  1.026448e-01 -5.278284e+00  2.851927e-01 -1.853025e+02  8.491471e-02  4  1.5060  1.302621e+01  0.000000e+00  0.000000e+00  1.836814e-01 -1.239438e+02  0.000000e+00 
3  8.484889e+00  5.641496e+00  8.394000e+03  1.474752e+00 6 -1.000000e+00  1.111858e+01 1   1.3907  9.016668e-02 -1.131364e+00 -1 -1.0000 -1.000000e+00 -1.000000e+00 -1.000000e+00 -1.000000e+00 -1.000000e+00 -1.000000e+00 -1 -1.0000 -1.000000e+00 -1.000000e+00 -1.000000e+00 -1.000000e+00 -1.000000e+00 -1.000000e+00  0  0.3340  1.262490e+13  0.000000e+00  0.000000e+00  3.964279e-01 -9.320090e+01  6.648679e+00  1  0.3340  2.096978e+11  0.000000e+00  0.000000e+00  1.619469e-01 -7.369507e+01  4.212355e-01  2  0.3340  1.390716e+00  0.000000e+00  0.000000e+00  2.941872e-02 -7.932159e+01  0.000000e+00 
3  1.403987e+00  1.894127e+00  4.659300e+04  1.495260e+00 6 -1.000000e+00  2.864389e+00 3   9.9766  3.347641e-01  1.619777e-01 -1 -1.0000 -1.000000e+00 -1.000000e+00 -1.000000e+00 -1.000000e+00 -1.000000e+00 -1.000000e+00 -1 -1.0000 -1.000000e+00 -1.000000e+00 -1.000000e+00 -1.000000e+00 -1.000000e+00 -1.000000e+00  0  0.4720  5.214501e+12  0.000000e+00  0.000000e+00  6.703362e-02 -7.157199e+01  8.518093e+00  1  0.4720  1.096716e+11  0.000000e+00  0.000000e+00  4.845649e-01 -1.015571e+02  1.871690e-01  2  0.4720  9.976580e+00  0.000000e+00  0.000000e+00  4.565745e-02  1.699302e+02  0.000000e+00 
3  2.899981e+00  4.891037e+00  2.992200e+04  5.681317e-01 6 -1.000000e+00  6.051757e+00 3   3.8942 -1.204039e-01 -8.489564e-02 -1 -1.0000 -1.000000e+00 -1.000000e+00 -1.000000e+00 -1.000000e+00 -1.000000e+00 -1.000000e+00 -1 -1.0000 -1.000000e+00 -1.000000e+00 -1.000000e+00 -1.000000e+00 -1.000000e+00 -1.000000e+00  0  1.6120  2.427566e+13  0.000000e+00  0.000000e+00  3.055804e-01  1.269634e+02  2.670532e+00  1  1.6120  8.036515e+10  0.000000e+00  0.000000e+00  2.123317e-01  1.522644e+02  1.179191e-01  2  1.6120  3.894215e+00  0.000000e+00  0.000000e+00  1.710564e-01 -1.560258e+02  0.000000e+00 
3  1.139837e+01  1.619087e+01  7.391000e+03  5.119919e-01 6  3.009369e-01  1.895235e+01 1   1.2907 -5.597132e-01 -6.774165e-02  0  0.4590  8.775308e+11  0.000000e+00  0.000000e+00  1.061186e-01  1.399129e+02  2.134613e+01  1  0.4590  4.672528e+10  0.000000e+00  0.000000e+00  3.259440e-01  1.694991e+02  1.719908e-01  2  0.4590  9.497561e+12 -7.645863e+01  1.026498e+01  3.770978e-01 -1.339193e+02  8.055076e+00  3  0.4590  1.306199e+11 -7.645863e+01  1.026498e+01  4.301586e-01 -1.938129e+02  3.924951e-01  4  0.4590  1.290737e+00  0.000000e+00  0.000000e+00  1.211454e-02  2.423991e+01  0.000000e+00 
3  2.903339e+00  3.205077e+00  3.731400e+04  3.731047e-01 6 -1.000000e+00  4.162584e+00 1   5.5588 -1.822811e-01  1.130851e-01 -1 -1.0000 -1.000000e+00 -1.000000e+00 -1.000000e+00 -1.000000e+00 -1.000000e+00 -1.000000e+00 -1 -1.0000 -1.000000e+00 -1.000000e+00 -1.000000e+00 -1.000000e+00 -1.000000e+00 -1.000000e+00  0  1.7420  2.656545e+12  0.000000e+00  0.000000e+00  3.802788e-01  1.503403e+02  3.067429e+00  1  1.7420  6.444404e+10  0.000000e+00  0.000000e+00  4.097231e-01  1.711070e+02  4.655131e-02  2  1.7420  5.558768e+00  0.000000e+00  0.000000e+00  1.019867e-01 -8.465699e+01  0.000000e+00 
3  1.227027e+00  1.169268e+00  4.438200e+04  6.589537e-01 6 -1.000000e+00  1.905503e+00 1   8.6189  2.939368e-01 -1.689070e-02 -1 -1.0000 -1.000000e+00 -1.000000e+00 -1.000000e+00 -1.000000e+00 -1.000000e+00 -1.000000e+00 -1 -1.0000 -1.000000e+00 -1.000000e+00 -1.000000e+00 -1.000000e+00 -1.000000e+00 -1.000000e+00  0  2.2960  6.387322e+12  0.000000e+00  0.000000e+00  3.194403e-01 -3.497955e+01  4.209742e+00  1  2.2960  5.982692e+10  0.000000e+00  0.000000e+00  1.050089e-01 -2.888066e+01  5.379177e-02  2  2.2960  8.618891e+00  0.000000e+00  0.000000e+00  1.239321e-01 -3.638446e+01  0.000000e+00 
1  5.732043e+00  1.170051e+01  2.490000e+04  3.616456e-01 0  2.983135e-01  1.170051e+01 2   3.1068  3.975385e-01 -9.332842e-01  0  0.7740  4.142387e+11  0.000000e+00  0.000000e+00  2.234568e-01  1.059784e+02  2.105992e+01  1  0.7740  1.626725e+10  0.000000e+00  0.000000e+00  1.154400e-01  1.196347e+02  2.221011e-01  2  0.7740  6.350936e+12  3.726568e+00 -8.716222e+00  1.740086e-01  8.259679e+01  3.206702e+00  3  0.7740  1.237931e+11  3.726568e+00 -8.716222e+00  3.030933e-01  4.186166e+01  2.501804e-01  4  0.7740  3.106819e+00  0.000000e+00  0.000000e+00  8.923101e-02 -1.237630e+02  0.000000e+00 
3  2.671912e+00  2.373364e+00  2.895800e+04  1.440522e+00 6 -1.000000e+00  4.630880e+00 3   3.6369  9.389021e-01  3.575695e-01 -1 -1.0000 -1.000000e+00 -1.000000e+00 -1.000000e+00 -1.000000e+00 -1.000000e+00 -1.000000e+00 -1 -1.0000 -1.000000e+00 -1.000000e+00 -1.000000e+00 -1.000000e+00 -1.000000e+00 -1.000000e+00  0  0.9390  5.350961e+13  0.000000e+00  0.000000e+00  2.907583e-01 -1.551389e+02  3.485414e+00  1  0.9390  2.850736e+11  0.000000e+00  0.000000e+00  3.233513e-01 -1.834973e+02  2.567637e-01  2  0.9390  3.636931e+00  0.000000e+00  0.000000e+00  4.633308e-02  1.403078e+02  0.000000e+00 
3  2.508875e+00  1.824757e+00  3.765500e+04  4.028503e-01 6 -1.000000e+00  3.272317e+00 1   5.9491  3.519800e-01 -1.505206e-01 -1 -1.0000 -1.000000e+00 -1.000000e+00 -1.000000e+00 -1.000000e+00 -1.000000e+00 -1.000000e+00 -1 -1.0000 -1.000000e+00 -1.000000e+00 -1.000000e+00 -1.000000e+00 -1.000000e+00 -1.000000e+00  0  1.1530  1.193772e+12  0.000000e+00  0.000000e+00  1.734808e-01  1.569780e+02  8.923950e+00  1  1.1530  3.259619e+10  0.000000e+00  0.000000e+00  4.121305e-01  1.673415e+02  3.307139e-02  2  1.1530  5.949071e+00  0.000000e+00  0.000000e+00  1.084763e-01 -2.787832e+01  0.000000e+00 
1  1.215204e+00  2.170559e+00  5.050300e+04  3.132013e+00 0 -1.000000e+00  2.170559e+00 2  14.8698  1.122060e+01 -1.448639e+01 -1 -1.0000 -1.000000e+00 -1.000000e+00 -1.000000e+00 -1.000000e+00 -1.000000e+00 -1.000000e+00 -1 -1.0000 -1.000000e+00 -1.000000e+00 -1.000000e+00 -1.000000e+00 -1.000000e+00 -1.000000e+00  0  0.4350  1.408634e+14  0.000000e+00  0.000000e+00  6.141651e-01 -1.457178e+02  4.489465e+00  1  0.4350  4.452811e+11  0.000000e+00  0.000000e+00  3.348653e-01 -1.580325e+02  6.950391e-01  2  0.4350  1.486975e+01  0.000000e+00  0.000000e+00  1.181450e-01  4.273429e+01  0.000000e+00 
1  1.190847e+01  2.322635e+01  1.482900e+04  4.052391e+00 0 -1.000000e+00  2.322635e+01 2   1.9499  4.638572e+00  8.559279e+00 -1 -1.0000 -1.000000e+00 -1.000000e+00 -1.000000e+00 -1.000000e+00 -1.000000e+00 -1.000000e+00 -1 -1.0000 -1.000000e+00 -1.000000e+00 -1.000000e+00 -1.000000e+00 -1.000000e+00 -1.000000e+00  0  0.3540  3.237385e+14  0.000000e+00  0.000000e+00  5.483199e-01 -2.414598e+01  4.543865e+00  1  0.3540  6.074022e+11  0.000000e+00  0.000000e+00  1.642023e-01 -6.528609e+01  1.386315e+00  2  0.3540  1.949864e+00  0.000000e+00  0.000000e+00  5.270439e-02  5.718985e+01  0.000000e+00 
3  1.180606e+00  2.799884e-01  4.173100e+04  7.311599e-01 6 -1.000000e+00  2.133427e+00 2   7.6860  6.428770e-01 -5.671670e-01 -1 -1.0000 -1.000000e+00 -1.000000e+00 -1.000000e+00 -1.000000e+00 -1.000000e+00 -1.000000e+00 -1 -1.0000 -1.000000e+00 -1.000000e+00 -1.000000e+00 -1.000000e+00 -1.000000e+00 -1.000000e+00  0  1.1990  5.854881e+12  0.000000e+00  0.000000e+00  3.280830e-01 -1.114464e+02  4.757645e+00  1  1.1990  7.048030e+10  0.000000e+00  0.000000e+00  1.766392e-01 -1.656301e+02  7.593312e-02  2  1.1990  7.685966e+00  0.000000e+00  0.000000e+00  9.319309e-02 -1.338372e+02  0.000000e+00 
3  1.443518e+00  6.001994e-01  3.735100e+04  5.379368e-01 6 -1.000000e+00  1.821117e+00 1   5.6884  1.460686e-01  5.500467e-01 -1 -1.0000 -1.000000e+00 -1.000000e+00 -1.000000e+00 -1.000000e+00 -1.000000e+00 -1.000000e+00 -1 -1.0000 -1.000000e+00 -1.000000e+00 -1.000000e+00 -1.000000e+00 -1.000000e+00 -1.000000e+00  0  1.2830  2.701657e+12  0.000000e+00  0.000000e+00  1.811509e-01 -1.139492e+02  4.275900e+00  1  1.2830  5.209060e+10  0.000000e+00  0.000000e+00  3.878310e-01 -1.228405e+02  5.497218e-02  2  1.2830  5.688352e+00  0.000000e+00  0.000000e+00  1.100693e-01 -9.807712e+01  0.000000e+00 
3  1.372639e+00  1.135440e+00  4.171300e+04  2.392950e-01 6 -1.000000e+00  2.139857e+00 1   7.9987 -9.816079e-02 -6.774267e-02 -1 -1.0000 -1.000000e+00 -1.000000e+00 -1.000000e+00 -1.000000e+00 -1.000000e+00 -1.000000e+00 -1 -1.0000 -1.000000e+00 -1.000000e+00 -1.000000e+00 -1.000000e+00 -1.000000e+00 -1.000000e+00  0  2.3270  1.001785e+12  0.000000e+00  0.000000e+00  6.382237e-02 -4.627054e+01  3.343999e+00  1  2.3270  1.687294e+10  0.000000e+00  0.000000e+00  2.929141e-01 -4.815692e+01  2.402210e-02  2  2.3270  7.998652e+00  0.000000e+00  0.000000e+00  6.142586e-02  6.158708e+00  0.000000e+00 
3  4.054533e+00  5.190475e+00  2.887300e+04  2.622670e+00 6 -1.000000e+00  8.722856e+00 3   3.6364 -3.302078e-02  9.616988e-01 -1 -1.0000 -1.000000e+00 -1.000000e+00 -1.000000e+00 -1.000000e+00 -1.000000e+00 -1.000000e+00 -1 -1.0000 -1.000000e+00 -1.000000e+00 -1.000000e+00 -1.000000e+00 -1.000000e+00 -1.000000e+00  0  0.5070  3.947065e+13  0.000000e+00  0.000000e+00  1.661926e-01 -1.060392e+02  7.065576e+00  1  0.5070  1.947899e+11  0.000000e+00  0.000000e+00  2.906253e-01 -7.236356e+01  2.990168e-01  2  0.5070  3.636387e+00  0.000000e+00  0.000000e+00  6.197618e-02 -2.489868e+01  0.000000e+00 
3  1.205425e+01  4.683203e+00  1.037200e+04  1.062272e+00 6 -1.000000e+00  2.165009e+01 2   1.5836 -6.958296e-01 -1.586498e-01 -1 -1.0000 -1.000000e+00 -1.000000e+00 -1.000000e+00 -1.000000e+00 -1.000000e+00 -1.000000e+00 -1 -1.0000 -1.000000e+00 -1.000000e+00 -1.000000e+00 -1.000000e+00 -1.000000e+00 -1.000000e+00  0  0.3860  1.756790e+12  0.000000e+00  0.000000e+00  4.361404e-01  1.038843e+02  1.711410e+01  1  0.3860  6.705550e+10  0.000000e+00  0.000000e+00  3.611329e-01  1.056305e+02  1.388053e-01  2  0.3860  1.583558e+00  0.000000e+00  0.000000e+00  7.781367e-02 -1.077398e+02  0.000000e+00 
5  1.298738e+00  1.764582e+00  4.413100e+04  7.970026e-01 6 -1.000000e+00  2.104527e+00 1   8.5943  4.579832e-02 -4.807486e-02 -1 -1.0000 -1.000000e+00 -1.000000e+00 -1.000000e+00 -1.000000e+00 -1.000000e+00 -1.000000e+00 -1 -1.0000 -1.000000e+00 -1.000000e+00 -1.000000e+00 -1.000000e+00 -1.000000e+00 -1.000000e+00  0  0.5500  2.957300e+12  0.000000e+00  0.000000e+00  2.037116e-01 -1.609591e+02  4.092986e+00  1  0.5500  7.284740e+10  0.000000e+00  0.000000e+00  2.418380e-01 -2.676739e+02  1.556424e-01  2  0.5500  8.594257e+00  0.000000e+00  0.000000e+00  2.252378e-01 -1.772912e+02  0.000000e+00 
1  8.453621e+00  1.570191e+01  1.711700e+04  1.427261e+00 0 -1.000000e+00  1.570191e+01 2   2.1587  1.590672e+00 -3.103940e+00 -1 -1.0000 -1.000000e+00 -1.000000e+00 -1.000000e+00 -1.000000e+00 -1.000000e+00 -1.000000e+00 -1 -1.0000 -1.000000e+00 -1.000000e+00 -1.000000e+00 -1.000000e+00 -1.000000e+00 -1.000000e+00  0  0.7090  5.572527e+13  0.000000e+00  0.000000e+00  4.734127e-01 -1.499676e+02  5.679848e+00  1  0.7090  2.131021e+11  0.000000e+00  0.000000e+00  5.054017e-01 -1.722267e+02  3.257635e-01  2  0.7090  2.158687e+00  0.000000e+00  0.000000e+00  2.909490e-02  7.134760e+01  0.000000e+00 
2  9.635928e-01  7.024724e-01  5.032800e+04  7.245715e-01 6  2.742317e-01  1.820395e+00 3  15.7369  1.466994e+00 -2.592859e-01  0  1.6440  1.361708e+12  0.000000e+00  0.000000e+00  3.225000e-01 -8.992256e+01  8.993617e+00  1  1.6440  5.910029e+10  0.000000e+00  0.000000e+00  2.829904e-01 -9.141466e+00  3.073289e-02  2  1.6440  4.596345e+12  6.181659e+00 -1.843126e+00  3.832439e-01 -3.573088e+01  6.382475e+00  3  1.6440  5.501855e+10  6.181659e+00 -1.843126e+00  7.692609e-02  7.912531e+00  6.227066e-02  4  1.6440  1.573691e+01  0.000000e+00  0.000000e+00  2.501289e-01 -2.140512e+01  0.000000e+00 
3  1.198356e+00  8.009442e-01  3.798100e+04  3.529382e-01 6 -1.000000e+00  1.811804e+00 1   6.3891  1.808185e-01  7.106202e-02 -1 -1.0000 -1.000000e+00 -1.000000e+00 -1.000000e+00 -1.000000e+00 -1.000000e+00 -1.000000e+00 -1 -1.0000 -1.000000e+00 -1.000000e+00 -1.000000e+00 -1.000000e+00 -1.000000e+00 -1.000000e+00  0  1.6850  1.126867e+12  0.000000e+00  0.000000e+00  2.976132e-01  8.923853e+01  3.487209e+00  1  1.6850  2.776234e+10  0.000000e+00  0.000000e+00  2.069473e-01  1.099327e+02  2.767131e-02  2  1.6850  6.389090e+00  0.000000e+00  0.000000e+00  7.859809e-02  1.652743e+02  0.000000e+00 
3  3.711175e+00  4.623404e+00  3.567600e+04  5.366325e-01 6  2.877640e-01  7.309730e+00 3   5.1623 -6.066579e-01 -2.099201e-01  0  1.1260  4.218624e+11  0.000000e+00  0.000000e+00  4.519876e-01  5.628644e+01  2.359239e+01  1  1.1260  1.626779e+10  0.000000e+00  0.000000e+00  3.608608e-01  2.280349e+01  5.543535e-02  2  1.1260  4.134961e+12 -1.710468e+00 -1.464391e+00  3.216883e-01  1.485705e+02  5.821164e+00  3  1.1260  5.044130e+10 -1.710468e+00 -1.464391e+00  4.318589e-01  1.735664e+02  9.070377e-02  4  1.1260  5.162348e+00  0.000000e+00  0.000000e+00  1.121596e-01  4.328840e+01  0.000000e+00 
3  1.113686e+00  5.660163e-01  4.569800e+04  6.480255e-01 6 -1.000000e+00  1.518344e+00 1   9.1544 -3.021936e-02 -6.004371e-01 -1 -1.0000 -1.000000e+00 -1.000000e+00 -1.000000e+00 -1.000000e+00 -1.000000e+00 -1.000000e+00 -1 -1.0000 -1.000000e+00 -1.000000e+00 -1.000000e+00 -1.000000e+00 -1.000000e+00 -1.000000e+00  0  1.5130  2.220826e+12  0.000000e+00  0.000000e+00  1.091414e-01 -1.350771e+02  5.845834e+00  1  1.5130  7.697327e+10  0.000000e+00  0.000000e+00  2.371235e-01 -1.576137e+02  4.983146e-02  2  1.5130  9.154359e+00  0.000000e+00  0.000000e+00  8.929781e-02 -7.213692e+01  0.000000e+00 
3  5.369355e+00  3.255356e+00  1.848600e+04  1.667644e+00 6 -1.000000e+00  1.015422e+01 3   2.3353 -8.263814e-01 -1.720146e-01 -1 -1.0000 -1.000000e+00 -1.000000e+00 -1.000000e+00 -1.000000e+00 -1.000000e+00 -1.000000e+00 -1 -1.0000 -1.000000e+00 -1.000000e+00 -1.000000e+00 -1.000000e+00 -1.000000e+00 -1.000000e+00  0  0.2030  6.009838e+12  0.000000e+00  0.000000e+00  3.341787e-01  1.160776e+02  1.341705e+01  1  0.2030  9.169241e+10  0.000000e+00  0.000000e+00  4.552573e-01  1.092057e+02  2.937024e-01  2  0.2030  2.335331e+00  0.000000e+00  0.000000e+00  7.982453e-02 -1.415661e+02  0.000000e+00 
1  7.601627e-01  1.697868e+00  4.627500e+04  9.887800e-03 0 -1.000000e+00  1.697868e+00 2  10.4799 -1.473072e-02 -2.257767e-02 -1 -1.0000 -1.000000e+00 -1.000000e+00 -1.000000e+00 -1.000000e+00 -1.000000e+00 -1.000000e+00 -1 -1.0000 -1.000000e+00 -1.000000e+00 -1.000000e+00 -1.000000e+00 -1.000000e+00 -1.000000e+00  0  0.6480  1.141842e+11  0.000000e+00  0.000000e+00  1.483912e-01  1.542404e+02  1.271808e+01  1  0.6480  5.642156e+08  0.000000e+00  0.000000e+00  2.977405e-01  1.515672e+02  2.168804e-01  2  0.6480  1.047989e+01  0.000000e+00  0.000000e+00  1.777755e-01  1.238514e+02  0.000000e+00 
3  5.963427e+00  2.822664e+00  1.829300e+04  3.314990e-01 6 -1.000000e+00  7.551145e+00 1   2.3051  3.418160e-01  1.280765e-01 -1 -1.0000 -1.000000e+00 -1.000000e+00 -1.000000e+00 -1.000000e+00 -1.000000e+00 -1.000000e+00 -1 -1.0000 -1.000000e+00 -1.000000e+00 -1.000000e+00 -1.000000e+00 -1.000000e+00 -1.000000e+00  0  0.5510  6.170330e+11  0.000000e+00  0.000000e+00  2.805105e-01  4.381609e+01  7.981605e+00  1  0.5510  2.311177e+10  0.000000e+00  0.000000e+00  3.794383e-01  3.332293e+01  4.970289e-02  2  0.5510  2.305138e+00  0.000000e+00  0.000000e+00  5.554350e-02 -4.684338e+01  0.000000e+00 
3  2.042947e+00  1.049640e+00  3.845400e+04  6.637741e-01 6 -1.000000e+00  7.783429e+00 2   6.2663 -3.507831e-01 -9.025672e-02 -1 -1.0000 -1.000000e+00 -1.000000e+00 -1.000000e+00 -1.000000e+00 -1.000000e+00 -1.000000e+00 -1 -1.0000 -1.000000e+00 -1.000000e+00 -1.000000e+00 -1.000000e+00 -1.000000e+00 -1.000000e+00  0  0.8640  2.234692e+12  0.000000e+00  0.000000e+00  3.129172e-01  1.006218e+02  6.105588e+00  1  0.8640  5.063851e+10  0.000000e+00  0.000000e+00  2.275329e-01  9.477624e+01  9.646042e-02  2  0.8640  6.266319e+00  0.000000e+00  0.000000e+00  1.277915e-01  1.084598e+02  0.000000e+00 
3  1.414522e+00  2.157055e+00  4.655800e+04  5.722710e-01 6  2.718478e-01  2.472831e+00 3   9.3812 -9.229267e-02 -6.400276e-01  0  1.9970  1.209835e+12  0.000000e+00  0.000000e+00  3.525772e-01  5.813157e+01  6.808806e+00  1  1.9970  5.079783e+10  0.000000e+00  0.000000e+00  3.065368e-01  6.087248e+01  5.528402e-02  2  1.9970  4.331659e+12 -1.253324e+00 -1.535612e+01  1.121343e-01  9.295089e+01  4.222838e+00  3  1.9970  8.986673e+10 -1.253324e+00 -1.535612e+01  2.444582e-01  1.372131e+02  6.951127e-02  4  1.9970  9.381168e+00  0.000000e+00  0.000000e+00  1.382959e-01  1.128347e+02  0.000000e+00 
2  2.370201e-01  9.152791e-03  5.023800e+04  2.337759e+00 6  2.730877e-01  5.008234e-01 2  16.1500  3.480656e+00 -8.310008e+00  0  1.1200  2.135046e+13  0.000000e+00  0.000000e+00  3.557800e-01 -9.578106e+01  5.187856e+00  1  1.1200  1.152718e+11  0.000000e+00  0.000000e+00  1.981350e-01 -9.056092e+01  3.336993e-02  2  1.1200  5.620768e+13  4.939424e+00 -2.016297e+01  2.074089e-01 -2.093729e+01  6.039802e+00  3  1.1200  1.936745e+11  4.939424e+00 -2.016297e+01  3.397158e-01 -8.657201e+01  1.343851e-01  4  1.1200  1.614999e+01  0.000000e+00  0.000000e+00  2.391780e-01 -1.352209e+02  0.000000e+00 
3  1.738339e+00  1.120389e+00  4.329700e+04  1.404952e-01 6 -1.000000e+00  3.170695e+00 3   7.4952 -1.167016e-01  2.373524e-02 -1 -1.0000 -1.000000e+00 -1.000000e+00 -1.000000e+00 -1.000000e+00 -1.000000e+00 -1.000000e+00 -1 -1.0000 -1.000000e+00 -1.000000e+00 -1.000000e+00 -1.000000e+00 -1.000000e+00 -1.000000e+00  0  2.5500  1.209014e+12  0.000000e+00  0.000000e+00  3.092373e-01 -1.573013e+02  2.190902e+00  1  2.5500  1.647432e+10  0.000000e+00  0.000000e+00  5.246075e-01 -1.776887e+02  4.119289e-02  2  2.5500  7.495199e+00  0.000000e+00  0.000000e+00  2.296512e-01 -1.033008e+02  0.000000e+00 
3  1.392935e+00  1.482019e+00  4.622500e+04  1.877969e+00 6 -1.000000e+00  2.516551e+00 3  10.7864  9.222446e-01 -2.816269e-01 -1 -1.0000 -1.000000e+00 -1.000000e+00 -1.000000e+00 -1.000000e+00 -1.000000e+00 -1.000000e+00 -1 -1.0000 -1.000000e+00 -1.000000e+00 -1.000000e+00 -1.000000e+00 -1.000000e+00 -1.000000e+00  0  0.7240  1.445971e+13  0.000000e+00  0.000000e+00  3.230693e-01  1.824012e+01  8.913608e+00  1  0.7240  1.348171e+11  0.000000e+00  0.000000e+00  4.937790e-01  5.218140e+01  8.036234e-02  2  0.7240  1.078644e+01  0.000000e+00  0.000000e+00  1.196748e-01  1.176953e+02  0.000000e+00 
1  1.696858e+00  3.186584e+00  2.644000e+04  3.136351e+00 0 -1.000000e+00  3.186584e+00 2   3.4011 -3.282231e-01 -5.089586e+00 -1 -1.0000 -1.000000e+00 -1.000000e+00 -1.000000e+00 -1.000000e+00 -1.000000e+00 -1.000000e+00 -1 -1.0000 -1.000000e+00 -1.000000e+00 -1.000000e+00 -1.000000e+00 -1.000000e+00 -1.000000e+00  0  1.1660  2.028445e+14  0.000000e+00  0.000000e+00  4.109921e-01 -2.981342e+01  3.080909e+00  1  1.1660  2.898622e+11  0.000000e+00  0.000000e+00  3.807022e-01 -7.854681e+01  1.738988e-01  2  1.1660  3.401115e+00  0.000000e+00  0.000000e+00  7.471392e-02 -1.663074e+02  0.000000e+00 
