# num_image x_src y_src, sep, ein, fr, zs, fs, flag_out, frac_sh_trunc
# x_img, y_img, mag, delay, n_i, kappa, gamma1, gamma2, kappa*
# zmin, zmax, log10Mhmin, log10Mhmax, log10mshmin, log10mshmax, n_bins: 0.10, 3.00, 10.00, 16.00, 9.00, 16.00, 100
3  1.476060e-02  2.456829e-01  1.586456e+00  7.848839e-01  9.574910e-01  6.798887e+00 6 1 -1.000000e+00
-2.676499e-01 -5.413773e-01 -1.890271e+00  1.767567e+01  5.000000e-01  4.037799e-01  4.685646e-01 -8.154448e-01  2.011969e-01
-1.369361e-01  1.039684e+00  1.809918e+00  0.000000e+00  0.000000e+00  1.995947e-01  2.953124e-01  3.046246e-02  4.783311e-02
-2.742499e-04 -3.787961e-03  3.533464e-04  2.976460e+01  1.000000e+00  5.466836e+01  6.903408e+00 -1.597374e+00  5.399653e+01
3  4.861567e-02  3.072172e-01  1.024267e+00  4.169113e-01  2.271010e-01  2.301615e+00 6 1 -1.000000e+00
 4.866704e-02  7.315563e-01  1.819015e+00  0.000000e+00  0.000000e+00  1.889545e-01  3.217929e-01 -6.705301e-02  3.411329e-02
-6.066404e-02 -2.868589e-01 -4.131002e-01  5.725651e+01  5.000000e-01  6.113883e-01  1.452116e+00 -6.805139e-01  3.835178e-01
-5.056407e-04 -2.818944e-03  9.884179e-05  7.592988e+01  1.000000e+00  1.068738e+02  3.045118e+01 -1.283749e+01  1.062721e+02
2  4.658151e+00 -3.680517e+00  4.016478e+00  2.321170e+00  2.430738e-03  1.009503e+01 6 2  2.782562e-01
-2.896741e-01 -3.943161e+00  3.086952e+00  0.000000e+00  0.000000e+00  3.909540e-01  2.165505e-01  9.939685e-03  2.551933e-03
-2.409483e-02  6.452757e-02  7.503570e-03  7.358711e+02  1.000000e+00  1.650070e+01  7.719682e+00  6.885365e+00  1.279255e+01
4 -5.151118e-01 -1.103654e+00  2.162470e+00  8.413488e-01  1.000000e+00  1.535174e+01 6 1  2.730839e-01
 4.313882e-01 -1.042814e+00  2.368757e+00  0.000000e+00  0.000000e+00  3.481658e-01  1.710664e-02  4.932396e-02  2.670430e-03
-5.860583e-01 -1.801096e-01 -1.130810e+00  6.887939e+01  5.000000e-01  8.302796e-01 -7.791351e-01 -5.532408e-01  1.199963e-02
 6.455010e-01  1.710129e-01 -1.172680e+00  5.344041e+01  5.000000e-01  7.387513e-01 -8.220232e-01 -4.952534e-01  9.846537e-03
-1.762482e-01  1.032530e+00  2.244809e+00  2.942114e+00  0.000000e+00  3.134378e-01  1.562025e-01  3.868245e-02  2.458571e-03
3  2.696255e-01  4.064361e-01  1.251089e+00  6.520640e-01  1.247370e-01  2.258185e+00 6 1 -1.000000e+00
 6.242589e-01  8.258361e-01  2.103240e+00  0.000000e+00  0.000000e+00  2.655486e-01  1.261211e-01 -2.192153e-01  1.770515e-02
-1.367140e-01 -1.672115e-01 -2.623517e-01  1.064460e+02  5.000000e-01  1.284367e+00  6.011503e-01 -1.879138e+00  8.192452e-01
-1.225704e-02 -1.374899e-02  3.012844e-03  1.110600e+02  1.000000e+00  2.090022e+01 -5.732766e-01 -7.986101e+00  2.008398e+01
3 -3.849900e-01 -3.195102e-02  1.828554e+00  6.968014e-01  7.428774e-01  3.349548e+00 6 1 -1.000000e+00
-1.210268e+00 -2.372776e-01  2.066876e+00  0.000000e+00  0.000000e+00  2.419346e-01 -2.932181e-01 -6.974521e-02  1.493269e-02
 6.032128e-01 -2.972997e-03 -1.535436e+00  8.538515e+01  5.000000e-01  3.995946e-01 -1.001930e+00  8.890499e-02  9.816228e-02
 2.395815e-03  4.210958e-04  8.022206e-05  1.331727e+02  1.000000e+00  1.131070e+02  4.521447e+00 -9.063224e+00  1.122461e+02
3  3.522445e-01  1.672967e-01  9.510357e-01  4.014354e-01  1.607889e-01  3.079284e+00 6 1 -1.000000e+00
 6.652823e-01  3.886139e-01  1.563955e+00  0.000000e+00  0.000000e+00  1.720545e-01 -1.327494e-01 -1.687205e-01  1.583936e-02
-1.674895e-01 -7.068992e-02 -2.514665e-01  9.418444e+01  5.000000e-01  9.054402e-01 -1.420988e+00 -1.402286e+00  6.130917e-01
-7.073489e-03 -3.241038e-03  8.274880e-04  1.020442e+02  1.000000e+00  3.691857e+01 -6.183518e+00 -6.590231e+00  3.632403e+01
3 -4.566588e-01 -3.314850e-01  1.314191e+00  4.398603e-01  1.222727e-01  5.599648e+00 6 1 -1.000000e+00
-9.388654e-01 -5.259823e-01  1.555937e+00  0.000000e+00  0.000000e+00  1.808956e-01 -2.803193e-02 -1.656704e-01  2.231660e-03
 9.500957e-04  7.953442e-04  1.264710e-05  2.347853e+02  1.000000e+00  2.839604e+02  2.441671e+01  2.002197e+01  2.830327e+02
 1.862592e-01  1.531302e-01 -1.902486e-01  1.953378e+02  5.000000e-01  4.975546e-01 -4.551005e-01 -2.302523e+00  1.586064e-01
3  3.671374e-01  1.256297e-01  1.314362e+00  6.051533e-01  2.850112e-01  1.715629e+00 6 1 -1.000000e+00
-3.224038e-01 -4.032666e-02 -5.927466e-01  7.196757e+01  5.000000e-01  7.775258e-01 -1.274843e+00 -3.336632e-01  2.994542e-01
 8.518368e-01  5.501878e-01  2.079731e+00  0.000000e+00  0.000000e+00  2.525286e-01 -1.803498e-01 -2.129694e-01  1.307941e-02
-8.410275e-03 -1.739871e-03  1.000363e-03  8.228883e+01  1.000000e+00  3.335237e+01 -6.840315e+00  4.985821e-01  3.209531e+01
3 -4.887984e-01  2.305660e-02  1.497753e+00  8.252673e-01  1.216461e-01  1.063990e+01 6 1 -1.000000e+00
-1.141475e+00 -2.396220e-01  2.720616e+00  0.000000e+00  0.000000e+00  3.052169e-01 -3.252405e-01 -9.684182e-02  3.331667e-02
 3.461588e-01 -6.581148e-02 -3.309524e-01  7.613338e+01  5.000000e-01  1.226893e+00 -1.656212e+00  5.744774e-01  7.912751e-01
 2.163771e-02 -3.862628e-03  2.949760e-03  8.270198e+01  1.000000e+00  2.153151e+01 -7.936751e+00  4.420451e+00  2.074846e+01
3 -1.202831e+00  2.834123e+00  1.560780e+00  8.153117e-01  5.329894e-02  3.854213e+00 6 2  2.838443e-01
 7.299985e-01 -1.168137e+00  3.533659e+00  0.000000e+00  0.000000e+00  3.777889e-01  2.259815e-01  2.304045e-01  5.347461e-03
 9.762525e-04  2.784250e-02  4.594240e-03  2.054478e+02  1.000000e+00  1.863148e+01  9.441175e+00 -2.017302e+00  1.697375e+01
 3.351489e-03  2.131732e-01 -1.883403e-01  2.015804e+02  5.000000e-01  2.065957e+00  2.535588e+00  1.288350e-01  1.078135e+00
3  7.958010e-01 -8.060181e-01  2.388739e+00  1.090972e+00  1.790758e-01  8.909083e+00 6 1  2.746117e-01
-6.430515e-01 -2.089743e+00  1.965129e+00  0.000000e+00  0.000000e+00  2.750473e-01 -5.296255e-03 -1.290575e-01  2.004803e-03
 1.739274e-01  1.549435e-01 -3.519070e-01  3.645469e+02  5.000000e-01  2.398562e+00 -4.766483e-01 -2.137859e+00  7.530883e-01
 3.695115e-02  3.654157e-02  1.917644e-02  3.662211e+02  1.000000e+00  1.063212e+01 -3.968286e-01 -6.361835e+00  7.742386e+00
3  1.817164e-01  2.254257e-01  1.174478e+00  7.378314e-01  2.100332e-01  1.065468e+01 6 1 -1.000000e+00
-2.913704e-01 -2.411607e-01 -6.127866e-01  5.494379e+01  5.000000e-01  5.779506e-01 -1.722879e-01 -1.334291e+00  1.732678e-01
 2.053091e-01  8.231266e-01  2.917569e+00  0.000000e+00  0.000000e+00  2.928875e-01  2.682649e-01 -2.920461e-01  1.564587e-02
-1.986382e-03 -1.768740e-03  1.582405e-04  7.783499e+01  1.000000e+00  8.164555e+01 -1.264225e+01 -4.937883e+00  8.059121e+01
1 -1.772901e+01  1.000782e+01  0.000000e+00  1.136887e+01  0.000000e+00  1.527590e+01 0 2 -1.000000e+00
-2.171511e+01  2.467516e+01  3.540099e+00  0.000000e+00  0.000000e+00  3.745225e-01 -1.363421e-01  3.002580e-01  1.764583e-05
3  1.811305e-01  6.798184e-01  2.063307e+00  1.009956e+00  1.497308e-01  1.205456e+01 6 1 -1.000000e+00
-7.722863e-02  1.622715e+00  1.916853e+00  0.000000e+00  0.000000e+00  2.326237e-01  2.460781e-01 -8.138528e-02  4.819360e-03
-1.830434e-01 -4.378766e-01 -2.870120e-01  2.693646e+02  5.000000e-01  6.661820e-01  1.244998e+00 -1.430241e+00  1.600165e-01
-4.147201e-04 -1.444323e-03  6.999106e-06  3.521694e+02  1.000000e+00  3.823261e+02  3.901234e+01 -3.181596e+01  3.805207e+02
3  1.609314e-02  4.381917e-02  1.468677e-01  7.270013e-02  1.626841e-01  8.363429e+00 6 3 -1.000000e+00
-9.438551e-03 -2.475234e-02 -5.639654e-01  2.344272e+00  5.000000e-01  1.584657e+00  1.106146e+00 -9.441518e-01  1.061471e+00
 4.764108e-02  1.105696e-01  3.466630e+00  0.000000e+00  0.000000e+00  3.754157e-01  2.388602e-01 -2.111558e-01  4.757267e-02
-2.380710e-03 -6.117986e-03  5.374994e-02  2.375025e+00  1.000000e+00  6.170663e+00  2.083557e+00 -1.946759e+00  5.465628e+00
3 -1.849156e+00 -1.510327e+00  2.053703e+00  8.356407e-01  1.320113e-01  3.055385e+00 6 1  2.877525e-01
-1.827520e+00  3.899720e-01  1.645300e+00  0.000000e+00  0.000000e+00  2.042535e-01 -1.584520e-01  1.770101e-02  8.433714e-04
 1.876069e-02 -3.699489e-03  2.422352e-03  3.311670e+02  1.000000e+00  2.291005e+01 -7.362828e+00  3.607926e+00  1.882072e+01
 1.828129e-01 -2.986043e-02 -2.171982e-01  3.279767e+02  5.000000e-01  2.127318e+00 -2.328154e+00  6.742657e-01  4.320843e-01
3 -1.073417e+00  1.641031e+00  4.378138e+00  2.482782e+00  6.038717e-03  9.235790e+00 6 2 -1.000000e+00
-5.716050e-01  4.229003e+00  3.987768e+00  0.000000e+00  0.000000e+00  4.157033e-01  2.437403e-01  1.767100e-01  4.665889e-04
 8.521913e-02 -9.958538e-02 -2.408100e-02  1.310069e+03  5.000000e-01  6.892258e+00  2.122894e+00  8.469860e+00  4.831326e+00
 3.249460e-02 -3.590919e-02  3.604329e-03  1.310969e+03  1.000000e+00  2.355455e+01  1.256394e+00  1.515537e+01  2.102764e+01
2 -1.579709e-01 -2.551387e-02  1.005325e+00  4.114673e-01  4.931153e-01  3.623661e+00 6 1 -1.000000e+00
-6.516454e-01  1.087687e-01  2.261062e+00  0.000000e+00  0.000000e+00  2.324538e-01 -3.731839e-01  8.712568e-02  5.757526e-03
 3.502829e-01  1.913374e-01 -1.114964e+00  4.453825e+01  5.000000e-01  3.796929e-01 -5.979584e-01 -9.613098e-01  3.817291e-02
3  3.611318e-01 -4.028181e-01  1.794752e+00  7.965200e-01  3.345501e-01  8.039388e+00 6 1 -1.000000e+00
 8.725678e-01 -1.102732e+00  1.592707e+00  0.000000e+00  0.000000e+00  2.066063e-01 -1.272773e-02  3.807368e-02  1.012755e-02
-3.002726e-01  2.557885e-01 -5.328403e-01  1.272160e+02  5.000000e-01  6.537721e-01 -1.801854e-01  1.401479e+00  3.459527e-01
-4.972650e-03  4.179352e-03  2.217810e-04  1.485590e+02  1.000000e+00  7.109402e+01 -1.001229e+01  1.743484e+01  7.040244e+01
3 -3.672729e-01 -3.237997e-01  1.132454e+00  5.857965e-01  1.232089e-01  3.878573e+00 6 1 -1.000000e+00
-6.481757e-01 -5.870096e-01  1.864145e+00  0.000000e+00  0.000000e+00  1.760774e-01 -1.541112e-02 -3.770568e-01  5.557482e-03
 2.111586e-01  1.505514e-01 -2.296791e-01  1.533620e+02  5.000000e-01  4.672661e-01 -4.484865e-01 -2.106316e+00  1.811120e-01
 1.662323e-03  8.090860e-04  3.145967e-05  1.910192e+02  1.000000e+00  1.854651e+02 -4.403159e+01  1.737442e+01  1.846978e+02
2 -1.554349e-01 -1.680822e-02  7.710357e-01  3.846053e-01  3.763489e-01  3.912598e+00 6 1 -1.000000e+00
-4.746746e-01 -1.602733e-01  2.235841e+00  0.000000e+00  0.000000e+00  2.120911e-01 -3.647670e-01 -2.012123e-01  6.458701e-03
 2.812197e-01 -8.220950e-03 -8.414562e-01  4.783939e+01  5.000000e-01  2.982905e-01 -1.287539e+00  1.518386e-01  3.434086e-02
3  1.935648e-01 -1.493453e-01  7.086650e-01  2.625164e-01  1.854873e-01  8.090551e+00 6 1 -1.000000e+00
 5.253718e-01 -3.475512e-01  1.944494e+00  0.000000e+00  0.000000e+00  2.635575e-01 -8.364511e-02  1.451843e-01  3.502753e-03
-5.431375e-02  6.008917e-02 -3.606790e-01  4.949533e+01  5.000000e-01  1.825099e+00  6.995706e-02  1.856998e+00  7.628521e-01
-1.009720e-02  1.153776e-02  1.430555e-02  4.990471e+01  1.000000e+00  1.090857e+01  1.363027e+00  5.139936e+00  9.088994e+00
1  5.754348e-03 -9.457915e-04  0.000000e+00  3.477856e-02  0.000000e+00  1.582098e+01 0 2 -1.000000e+00
 4.386238e-02  1.656010e-02  6.100939e+00  0.000000e+00  0.000000e+00  5.684138e-01 -1.098951e-01 -1.013927e-01  1.959821e-01
1 -7.588845e-02 -1.675641e-01  0.000000e+00  8.207560e-02  0.000000e+00  3.110894e+00 0 2  2.978526e-01
 1.510006e-01 -6.754336e-02  3.977038e+00  0.000000e+00  0.000000e+00  4.395711e-01 -1.945018e-01  1.574996e-01  1.214895e-02
3 -5.472373e-01  1.393038e-01  1.722304e+00  8.622293e-01  1.036443e-01  4.622071e+00 6 1 -1.000000e+00
-1.310716e+00  4.825146e-01  2.878891e+00  0.000000e+00  0.000000e+00  3.588739e-01 -1.953947e-01  1.597111e-01  9.519265e-03
 3.216840e-01 -6.666633e-02 -2.983807e-01  2.479365e+02  5.000000e-01  1.102990e+00 -1.710019e+00  6.617145e-01  4.363038e-01
 7.150648e-03 -1.857423e-03  2.444662e-04  2.752916e+02  1.000000e+00  6.915167e+01 -2.050152e+01  1.156687e+01  6.765172e+01
2 -4.507967e-01 -2.669537e-01  1.879059e+00  1.290018e+00  1.268456e-01  1.130734e+01 6 3 -1.000000e+00
-1.392532e+00 -4.910253e-01  3.633316e+00  0.000000e+00  0.000000e+00  3.999663e-01 -1.603884e-01 -2.430748e-01  5.158600e-03
 3.635580e-01  1.775637e-01 -4.608701e-01  2.478905e+02  5.000000e-01  9.476685e-01 -6.454700e-01 -1.325110e+00  1.363463e-01
3 -2.624705e-01 -1.039585e-01  8.523543e-01  5.552971e-01  1.169490e-01  3.442786e+00 6 1 -1.000000e+00
-4.880261e-01 -4.221832e-01  2.400124e+00  0.000000e+00  0.000000e+00  2.564297e-01 -1.365620e-01 -3.429321e-01  2.017941e-02
 2.256170e-01  4.388698e-02 -2.806920e-01  5.321009e+01  5.000000e-01  9.471184e-01 -1.681545e+00 -8.589674e-01  5.991949e-01
 5.068619e-03  8.876423e-04  3.786740e-04  6.365809e+01  1.000000e+00  5.796933e+01 -2.451134e+01 -1.976013e+00  5.718027e+01
1  1.248609e+00 -2.149860e+00  0.000000e+00  6.562294e-01  0.000000e+00  1.038876e+01 0 2  3.042228e-01
 6.822214e-01 -8.486694e-01  6.590525e+00  0.000000e+00  0.000000e+00  2.432508e-01  1.827890e-01  6.225147e-01  1.158454e-03
3 -1.811334e-01  6.171380e-01  1.514220e+00  8.232607e-01  1.069541e-01  2.687745e+00 6 1 -1.000000e+00
 3.589610e-02  1.307576e+00  2.200847e+00  0.000000e+00  0.000000e+00  2.705312e-01  2.462435e-01  1.308371e-01  1.305293e-02
 7.461893e-02 -2.061484e-01 -2.353897e-01  7.331402e+01  5.000000e-01  1.383992e+00  1.548685e+00  1.413258e+00  8.695439e-01
 8.834979e-03 -2.875206e-02  7.876896e-03  7.493606e+01  1.000000e+00  1.277913e+01  2.729901e+00  2.083764e+00  1.199186e+01
1 -2.479662e+00  8.059325e-01  0.000000e+00  2.642174e+00  0.000000e+00  8.760066e+00 0 2 -1.000000e+00
-5.317372e+00  2.721653e+00  3.902118e+00  0.000000e+00  0.000000e+00  4.581013e-01 -1.536087e-01  1.174200e-01  6.321397e-04
3  4.939684e-02 -3.646037e-01  4.801680e-01  3.281692e-01  2.731762e-01  1.803954e+00 6 1  2.756881e-01
-7.567834e-02 -3.622135e-01  2.033849e+00  0.000000e+00  0.000000e+00  2.315380e-01  2.940380e-01 -1.113420e-01  8.319708e-03
 3.680144e-02  1.045944e-01 -5.555991e-01  7.374813e+01  5.000000e-01  6.444027e-01  1.209139e+00 -6.813889e-01  2.199346e-01
 1.387439e-03  2.686380e-03  9.342827e-04  8.338714e+01  1.000000e+00  3.479881e+01 -4.449268e+00 -7.226582e+00  3.370150e+01
1 -3.780255e-02  1.967865e-02  0.000000e+00  3.038228e-02  0.000000e+00  9.103830e+00 0 2  2.891019e-01
 4.100904e-02  3.855649e-02  4.536884e+00  0.000000e+00  0.000000e+00  5.193564e-01 -3.348628e-02 -9.737219e-02  1.305747e-03
3 -2.243393e-02 -5.026229e-02  1.751176e-01  9.978272e-02  6.034870e-02  8.420098e+00 6 2 -1.000000e+00
 1.084961e-02 -1.494178e-01  5.719038e+00  0.000000e+00  0.000000e+00  4.531028e-01  3.467242e-01 -6.343741e-02  1.214202e-02
 1.387528e-02  2.567370e-02 -3.451366e-01  1.940279e+00  5.000000e-01  1.767248e+00  1.031986e+00 -1.555981e+00  7.805890e-01
 1.832852e-03  3.492788e-03  1.084584e-02  1.986860e+00  1.000000e+00  1.221744e+01  3.014450e+00 -4.954077e+00  1.061088e+01
3  3.661677e-01  1.026116e-01  1.053626e+00  4.375592e-01  1.090616e-01  5.809168e+00 6 1 -1.000000e+00
 8.058671e-01  3.918197e-01  1.711724e+00  0.000000e+00  0.000000e+00  2.322957e-01 -7.109517e-02  1.044234e-02  2.395350e-03
-1.631612e-01 -2.183641e-02 -1.866833e-01  2.415986e+02  5.000000e-01  9.336695e-01 -2.219288e+00 -6.601701e-01  3.890219e-01
-1.651964e-03 -1.655720e-04  2.562084e-05  2.727019e+02  1.000000e+00  2.104522e+02 -6.877708e+01  1.045078e+01  2.090036e+02
3 -1.732371e-01 -7.531504e-02  8.249166e-01  3.326597e-01  5.261815e-01  9.910773e+00 6 1 -1.000000e+00
-5.866797e-01 -1.203729e-01  1.942459e+00  0.000000e+00  0.000000e+00  2.414607e-01 -2.081484e-01 -1.313186e-01  2.290721e-02
 1.877701e-01  1.637308e-01 -1.022086e+00  2.239310e+01  5.000000e-01  6.579576e-01 -1.329588e-01 -1.038126e+00  2.865597e-01
 4.357473e-03  2.735411e-03  1.317388e-03  2.759525e+01  1.000000e+00  2.929955e+01  5.963003e-01 -6.436708e+00  2.826672e+01
1  1.618549e-02 -6.807349e-02  0.000000e+00  1.493093e-02  0.000000e+00  1.302621e+01 0 2  2.847783e-01
 3.677404e-02 -2.165088e-02  4.215856e+00  0.000000e+00  0.000000e+00  4.200899e-01 -1.133711e-01  2.936716e-01  1.400161e-03
3  9.016668e-02 -1.131364e+00  3.100071e+00  1.474752e+00  2.574483e-01  1.390716e+00 6 1 -1.000000e+00
 1.725077e-01 -2.608059e+00  1.717142e+00  0.000000e+00  0.000000e+00  2.198164e-01  1.604698e-01  2.393538e-02  1.720024e-02
-3.123893e-02  4.853093e-01 -4.420752e-01  1.889311e+02  5.000000e-01  1.276002e+00  1.509968e+00  2.413109e-01  8.478613e-01
-4.009442e-03  7.927826e-02  1.578333e-02  1.925246e+02  1.000000e+00  9.670682e+00  3.429979e+00  2.407857e-01  8.988160e+00
3  3.347641e-01  1.619777e-01  2.431150e+00  1.495260e+00  4.372744e-01  9.976580e+00 6 3 -1.000000e+00
-8.224255e-01 -2.846412e-01 -1.820087e+00  5.727293e+01  5.000000e-01  6.231462e-01 -5.488196e-01 -6.246921e-01  1.342185e-01
 1.451142e+00  5.763934e-01  4.162344e+00  0.000000e+00  0.000000e+00  3.816432e-01 -2.188249e-01 -3.069716e-01  2.657222e-02
-5.535182e-03 -1.076045e-03  2.415013e-04  8.955222e+01  1.000000e+00  7.102350e+01 -2.758857e+01  1.181676e+00  6.927643e+01
3 -1.204039e-01 -8.489564e-02  1.297444e+00  5.681317e-01  6.531891e-01  3.894215e+00 6 3 -1.000000e+00
-8.259338e-01 -3.276382e-01  4.354845e+00  0.000000e+00  0.000000e+00  4.949680e-01 -1.096701e-01 -1.157604e-01  1.860281e-02
 2.757347e-01  3.576994e-01 -2.844537e+00  7.581677e+01  5.000000e-01  7.293615e-01  2.492636e-01 -6.022158e-01  1.395924e-01
 2.705696e-03  2.272108e-03  7.141194e-04  1.119059e+02  1.000000e+00  3.977773e+01  6.366421e-01 -1.014795e+01  3.836182e+01
3 -5.597132e-01 -6.774165e-02  1.182627e+00  5.119919e-01  7.298175e-01  1.290737e+00 6 1  3.009369e-01
 7.402492e-01 -2.911125e-01  2.764650e+00  0.000000e+00  0.000000e+00  2.922446e-01 -2.743558e-01  2.528580e-01  2.533588e-02
-3.528851e-01  1.601790e-01 -2.017690e+00  2.454988e+01  5.000000e-01  6.168899e-01 -5.514944e-01  5.815870e-01  1.520603e-01
-7.645202e-03  3.764326e-03  3.032501e-03  3.114570e+01  1.000000e+00  1.926558e+01 -4.910397e-02  1.966725e+00  1.744165e+01
3 -1.822811e-01  1.130851e-01  1.003326e+00  3.731047e-01  5.928584e-01  5.558768e+00 6 1 -1.000000e+00
 3.013026e-01 -1.477845e-01 -1.218657e+00  7.269260e+01  5.000000e-01  3.568690e-01 -7.931095e-01  7.779269e-01  6.436141e-02
-4.935033e-01  4.645441e-01  2.055562e+00  0.000000e+00  0.000000e+00  2.268171e-01 -1.235675e-01  3.099321e-01  1.142070e-02
 4.363883e-04 -4.143272e-04  1.379877e-05  1.261954e+02  1.000000e+00  2.756881e+02  5.207554e+01  1.647556e+01  2.746529e+02
3  2.939368e-01 -1.689070e-02  1.585277e+00  6.589537e-01  3.765379e-01  8.618891e+00 6 1 -1.000000e+00
 1.173391e+00 -5.262745e-01  2.411633e+00  0.000000e+00  0.000000e+00  3.506032e-01 -8.401889e-02 -4.518392e-04  2.446106e-03
-3.572843e-01 -1.137995e-01 -9.080711e-01  2.158229e+02  5.000000e-01  8.332855e-01 -7.397368e-01 -7.627704e-01  9.122048e-02
-1.600700e-03  2.178811e-05  4.562245e-05  2.683972e+02  1.000000e+00  1.509517e+02 -2.330317e+01 -4.841477e+00  1.486054e+02
1  3.975385e-01 -9.332842e-01  0.000000e+00  3.616456e-01  0.000000e+00  3.106819e+00 0 2  2.983135e-01
 2.077714e-01 -4.390305e-01  4.166682e+00  0.000000e+00  0.000000e+00  3.865420e-01  1.675184e-01  3.290429e-01  3.650268e-02
3  9.389021e-01  3.575695e-01  3.834572e+00  1.440522e+00  2.626646e-01  3.636931e+00 6 3 -1.000000e+00
-5.949317e-01 -2.925357e-01 -7.890133e-01  6.285494e+02  5.000000e-01  1.012616e+00 -7.367111e-01 -8.513646e-01  2.501134e-01
 3.043524e+00  9.180777e-01  3.003882e+00  0.000000e+00  0.000000e+00  3.995193e-01 -1.208054e-01 -1.143699e-01  3.624274e-03
-2.501624e-02 -1.373401e-02  1.960568e-03  6.651989e+02  1.000000e+00  2.443308e+01 -1.327166e+00 -6.106673e+00  2.290496e+01
3  3.519800e-01 -1.505206e-01  1.223688e+00  4.028503e-01  3.109562e-01  5.949071e+00 6 1 -1.000000e+00
 8.908239e-01 -4.080788e-01  1.701190e+00  0.000000e+00  0.000000e+00  2.253200e-01 -8.218579e-02  7.450405e-02  1.509890e-03
-2.230248e-01  9.862965e-02 -5.289956e-01  8.405859e+01  5.000000e-01  6.503517e-01 -9.993962e-01  1.006894e+00  8.065022e-02
-7.537430e-04  4.239267e-04  1.143199e-05  1.020836e+02  1.000000e+00  2.985070e+02  2.987727e+01  1.199783e+01  2.962529e+02
1  1.122060e+01 -1.448639e+01  0.000000e+00  3.132013e+00  0.000000e+00  1.486975e+01 0 2 -1.000000e+00
 1.300720e+01 -1.686487e+01  3.190395e+00  0.000000e+00  0.000000e+00  3.352239e-01  7.646049e-02  3.502003e-01  3.090168e-04
1  4.638572e+00  8.559279e+00  0.000000e+00  4.052391e+00  0.000000e+00  1.949864e+00 0 2 -1.000000e+00
 9.719657e+00  1.400321e+01  3.804082e+00  0.000000e+00  0.000000e+00  4.438581e-01  1.005361e-01 -1.905539e-01  1.001506e-03
3  6.428770e-01 -5.671670e-01  1.652405e+00  7.311599e-01  1.722362e-02  7.685966e+00 6 2 -1.000000e+00
 9.630929e-01 -1.127204e+00  3.265470e+00  0.000000e+00  0.000000e+00  3.481708e-01  4.539630e-03  3.444212e-01  5.190211e-03
-7.526732e-03  7.682273e-03  3.100817e-04  2.390004e+02  1.000000e+00  6.294395e+01  2.711248e+00  2.459158e+01  6.144482e+01
-1.254708e-01  1.159658e-01 -5.624320e-02  2.319374e+02  5.000000e-01  2.234100e+00 -6.462199e-01  4.345726e+00  1.387041e+00
3  1.460686e-01  5.500467e-01  1.393873e+00  5.379368e-01  1.086214e-01  5.688352e+00 6 1 -1.000000e+00
 2.819157e-01  1.168496e+00  1.591592e+00  0.000000e+00  0.000000e+00  2.051344e-01  4.046341e-02 -4.326891e-02  2.186292e-03
-3.783688e-02 -1.882066e-01 -1.728809e-01  1.550053e+02  5.000000e-01  8.257328e-01  2.139169e+00 -1.112949e+00  3.532795e-01
-3.776801e-04 -3.456692e-03  8.712434e-05  1.681508e+02  1.000000e+00  1.098346e+02  1.621018e+01  1.021494e+01  1.087389e+02
3 -9.816079e-02 -6.774267e-02  5.162058e-01  2.392950e-01  2.815522e-01  7.998652e+00 6 1 -1.000000e+00
-3.187465e-01 -1.560305e-01  2.430285e+00  0.000000e+00  0.000000e+00  2.812358e-01 -1.707822e-01 -2.756467e-01  2.289746e-02
 1.266209e-01  1.049605e-01 -6.842521e-01  2.635010e+01  5.000000e-01  5.547627e-01 -1.897447e-01 -1.274238e+00  2.055104e-01
 4.181493e-04  3.107283e-04  1.910348e-05  4.146258e+01  1.000000e+00  2.416083e+02 -1.598223e+01 -7.273543e+01  2.405678e+02
3 -3.302078e-02  9.616988e-01  4.700963e+00  2.622670e+00  3.540762e-01  3.636387e+00 6 3 -1.000000e+00
 8.010725e-03 -1.032728e+00 -1.638825e+00  3.478101e+02  5.000000e-01  9.960610e-01  7.807268e-01  2.597341e-02  9.981502e-02
-4.075104e-01  3.649835e+00  4.628451e+00  0.000000e+00  0.000000e+00  4.728013e-01  2.482219e-01  1.641392e-02  3.179290e-03
-1.317777e-03 -2.811285e-02  2.033531e-03  3.790421e+02  1.000000e+00  2.364293e+01  4.249052e+00 -1.700729e+00  2.143205e+01
3 -6.958296e-01 -1.586498e-01  1.749156e+00  1.062272e+00  4.679146e-02  1.583558e+00 6 2 -1.000000e+00
-1.275303e+00 -6.708457e-01  3.225811e+00  0.000000e+00  0.000000e+00  3.216048e-01 -2.824759e-01 -2.653826e-01  2.356035e-02
 1.892413e-02  4.607586e-03  9.917309e-04  8.142713e+01  1.000000e+00  3.779390e+01 -1.641560e+01 -8.716738e+00  3.613483e+01
 3.099788e-01  6.836337e-02 -1.509404e-01  7.685663e+01  5.000000e-01  1.797596e+00 -2.484072e+00 -1.044354e+00  1.046739e+00
5  4.579832e-02 -4.807486e-02  1.726465e+00  7.970026e-01  1.000000e+00  8.594257e+00 6 1 -1.000000e+00
-6.813703e-02 -6.238100e-01 -1.846038e+00  9.376317e+00  5.000000e-01  3.403813e-01  9.814466e-01 -1.164475e-01  9.986348e-02
-8.034732e-01 -1.969617e-01  2.625824e+00  5.533498e+00  0.000000e+00  2.964240e-01 -2.427541e-01 -2.350676e-01  9.524513e-02
 9.151741e-01 -3.284686e-02  2.114164e+00  0.000000e+00  0.000000e+00  2.701091e-01 -2.345065e-01  6.890139e-02  7.570140e-02
-1.322965e-01  5.509360e-01 -1.168558e+00  1.404765e+01  5.000000e-01  3.839701e-01  1.031849e+00  4.129615e-01  1.303236e-01
-4.868228e-04  3.945097e-04  1.103738e-04  3.766125e+01  1.000000e+00  9.750317e+01 -1.298227e+01  9.176345e+00  9.664916e+01
1  1.590672e+00 -3.103940e+00  0.000000e+00  1.427261e+00  0.000000e+00  2.158687e+00 0 2 -1.000000e+00
 1.972511e+00 -5.511705e+00  3.450003e+00  0.000000e+00  0.000000e+00  4.053141e-01  1.609978e-01  1.946181e-01  2.257694e-03
2  1.466994e+00 -2.592859e-01  1.599365e+00  7.245715e-01  1.489112e-01  1.573691e+01 6 3  2.742317e-01
 1.213809e+00  9.818338e-02  3.568979e+00  0.000000e+00  0.000000e+00  4.009135e-01 -2.314821e-01 -1.585196e-01  1.751285e-03
-3.561673e-01 -2.070092e-01 -5.314610e-01  1.487756e+02  5.000000e-01  7.793061e-01 -6.349465e-01 -1.235781e+00  5.334142e-02
3  1.808185e-01  7.106202e-02  6.862047e-01  3.529382e-01  1.954260e-01  6.389090e+00 6 1 -1.000000e+00
-1.887625e-01 -8.045549e-02 -4.467176e-01  3.929171e+01  5.000000e-01  5.158925e-01 -1.048781e+00 -1.171737e+00  2.035911e-01
 4.662320e-01  1.241392e-01  2.285866e+00  0.000000e+00  0.000000e+00  2.464764e-01 -2.836883e-01 -2.232662e-01  1.905872e-02
-5.176700e-04 -2.002929e-04  8.999099e-06  6.056565e+01  1.000000e+00  3.462445e+02 -6.732222e+01 -5.949181e+01  3.452989e+02
3 -6.066579e-01 -2.099201e-01  1.039989e+00  5.366325e-01  4.000563e-01  5.162348e+00 6 3  2.877640e-01
 1.673773e-01 -2.756294e-01 -1.552033e+00  3.995771e+01  5.000000e-01  9.793640e-01  2.926538e-01  7.477271e-01  9.033596e-02
-2.463030e-02  7.464811e-01  3.879536e+00  0.000000e+00  0.000000e+00  3.958288e-01  3.265467e-01 -2.504516e-02  7.824664e-03
 1.382245e-03 -4.469064e-03  7.161560e-04  4.785124e+01  1.000000e+00  4.209591e+01  1.295761e+01  1.116381e+01  3.785409e+01
3 -3.021936e-02 -6.004371e-01  1.691709e+00  6.480255e-01  1.389689e-01  9.154359e+00 6 1 -1.000000e+00
 2.783007e-02 -1.369674e+00  1.858723e+00  0.000000e+00  0.000000e+00  2.454719e-01  1.724350e-01 -3.968836e-02  4.891217e-03
 8.746542e-03  3.219279e-01 -2.583047e-01  2.265754e+02  5.000000e-01  8.480303e-01  1.960087e+00 -2.292406e-01  2.711880e-01
-7.841193e-05  2.057082e-03  1.479550e-05  2.688523e+02  1.000000e+00  2.729168e+02  7.650925e+01  2.229289e+01  2.709911e+02
3 -8.263814e-01 -1.720146e-01  2.906714e+00  1.667644e+00  1.027789e-01  2.335331e+00 6 3 -1.000000e+00
-2.163512e+00 -6.193879e-01  3.576422e+00  0.000000e+00  0.000000e+00  3.813376e-01 -2.949112e-01 -1.271276e-01  4.350099e-02
 6.367299e-01  1.601193e-01 -3.675808e-01  6.680459e+01  5.000000e-01  1.382794e+00 -1.527272e+00 -7.310683e-01  7.838084e-01
 3.760263e-02  1.002062e-02  2.392584e-03  7.233445e+01  1.000000e+00  2.526777e+01 -1.105512e+01 -6.982179e+00  2.403313e+01
1 -1.473072e-02 -2.257767e-02  0.000000e+00  9.887800e-03  0.000000e+00  1.047989e+01 0 2 -1.000000e+00
-5.687632e-03 -5.987446e-02  4.988784e+00  0.000000e+00  0.000000e+00  5.014662e-01  6.667477e-02 -2.089036e-01  5.860114e-02
3  3.418160e-01  1.280765e-01  8.294619e-01  3.314990e-01  1.397310e-01  2.305138e+00 6 1 -1.000000e+00
 6.180679e-01  2.110438e-01  1.603370e+00  0.000000e+00  0.000000e+00  1.498940e-01 -2.233032e-01 -2.216518e-01  8.034881e-03
-1.679601e-01 -5.384685e-02 -2.240406e-01  2.633862e+01  5.000000e-01  5.535575e-01 -1.670885e+00 -1.367820e+00  2.841692e-01
-2.133929e-03 -5.358397e-04  8.286326e-05  3.102213e+01  1.000000e+00  1.116054e+02 -1.086359e+01  6.889737e+00  1.108807e+02
3 -3.507831e-01 -9.025672e-02  1.063675e+00  6.637741e-01  1.818608e-02  6.266319e+00 6 2 -1.000000e+00
 2.705069e-01  6.440438e-02 -2.639775e-01  4.915658e+01  5.000000e-01  1.041209e+00 -1.712813e+00 -9.252958e-01  5.243065e-01
-7.766006e-01 -1.225996e-01  1.451536e+01  0.000000e+00  0.000000e+00  3.715853e-01 -5.272407e-01 -2.191568e-01  3.933816e-02
 6.204371e-03  1.369150e-03  3.993724e-04  5.834728e+01  1.000000e+00  5.442980e+01 -1.743247e+01 -6.850064e+00  5.321643e+01
3 -9.229267e-02 -6.400276e-01  1.184947e+00  5.722710e-01  7.609103e-01  9.381168e+00 6 3  2.718478e-01
 1.801173e-01 -3.719468e-01 -3.056112e+00  7.468337e+01  5.000000e-01  5.629381e-01  4.566847e-01  5.564847e-01  7.406148e-02
-1.274175e-01  7.723971e-01  2.325427e+00  0.000000e+00  0.000000e+00  3.024447e-01  2.374929e-01  1.233178e-02  9.493382e-03
 3.419199e-04 -9.509254e-04  4.077088e-05  1.218166e+02  1.000000e+00  1.615838e+02  6.987955e+00  3.479951e+01  1.592523e+02
2  3.480656e+00 -8.310008e+00  6.741287e+00  2.337759e+00  3.339934e-04  1.614999e+01 6 2  2.730877e-01
-1.496580e+00 -6.502765e+00  4.464767e+00  0.000000e+00  0.000000e+00  3.818528e-01  2.258216e-01  3.273144e-01  3.343318e-05
-5.405981e-02  8.237549e-02 -1.491203e-03  2.282707e+03  5.000000e-01  7.975963e+00  1.173882e+01  2.411356e+01  5.998751e+00
3 -1.167016e-01  2.373524e-02  3.552725e-01  1.404952e-01  1.248615e-01  7.495199e+00 6 3 -1.000000e+00
-2.565341e-01 -5.711247e-02  3.326901e+00  0.000000e+00  0.000000e+00  2.323420e-01 -5.367640e-01 -2.456157e-02  1.787787e-02
 9.817577e-02 -3.712660e-02 -4.154018e-01  2.169234e+01  5.000000e-01  5.212917e-01 -1.341517e+00  9.147685e-01  2.231249e-01
 1.382311e-03 -5.995477e-04  4.159030e-04  2.765560e+01  1.000000e+00  5.107872e+01  7.388689e+00  6.991334e+00  5.043850e+01
3  9.222446e-01 -2.816269e-01  4.310623e+00  1.877969e+00  3.468136e-01  1.078644e+01 6 3 -1.000000e+00
 3.112449e+00 -1.231580e+00  3.263994e+00  0.000000e+00  0.000000e+00  3.883777e-01 -2.438601e-01  9.078028e-02  2.453988e-03
-8.818821e-01  3.891558e-01 -1.131998e+00  4.226965e+02  5.000000e-01  1.025975e+00 -6.734334e-01  6.561679e-01  9.162092e-02
-3.371140e-03  1.674305e-03  1.336954e-05  4.983267e+02  1.000000e+00  3.082515e+02 -6.157580e+01  1.257579e+02  3.043418e+02
1 -3.282231e-01 -5.089586e+00  0.000000e+00  3.136351e+00  0.000000e+00  3.401115e+00 0 2 -1.000000e+00
 1.350058e+00 -9.445437e+00  3.526627e+00  0.000000e+00  0.000000e+00  4.122601e-01  2.460349e-01  3.671445e-02  6.630167e-05
