# [0]nim, [1]snr, [2]snr_obs, [3]source_id, [4]ein, [5]fs, [6]frac_sh_trunc [7]snr_max [8]flag_out [9]zs [10]xs [11]ys
# [12+8*i]m_type_i, [13+8*i]zl_i, [14+8*i]mass_i, [15+8*i]xl_i, [16+8*i]yl_i
# [17+8*i]e_i, [18+8*i]p_i, [19+8*i]param1(con, tb, ...)_i, i=0,1,2,3,4
# i=0,1 correspond subhalos and satellite gals if not exist, stored -1, please extract using e.g. np.extract(arr > 0, arr)
# i=2,3 correspond host halos and central gals
# i=4 corresponds perturbation
# m_type: 1 = anfw, 2 = ahern, 3 = pert
# observable multi events: 64 (subhalo 11), high-mag events: 47
3  2.327524e+00  1.560064e+00  3.274000e+04  1.189014e+00 6 -1.000000e+00  3.436644e+00 1   4.4503  1.403927e-01 -7.332661e-01 -1 -1.0000 -1.000000e+00 -1.000000e+00 -1.000000e+00 -1.000000e+00 -1.000000e+00 -1.000000e+00 -1 -1.0000 -1.000000e+00 -1.000000e+00 -1.000000e+00 -1.000000e+00 -1.000000e+00 -1.000000e+00  0  1.0200  1.700441e+13  0.000000e+00  0.000000e+00  2.354660e-01 -7.233049e+01  3.257785e+00  1  1.0200  1.410160e+11  0.000000e+00  0.000000e+00  3.618234e-01 -9.831619e+01  1.108724e-01  2  1.0200  4.450267e+00  0.000000e+00  0.000000e+00  3.240343e-02 -7.102135e+01  0.000000e+00 
3  1.464164e+00  7.489290e-01  3.759600e+04  1.996341e-01 6 -1.000000e+00  2.068840e+00 1   5.6539 -1.710292e-01 -4.244598e-02 -1 -1.0000 -1.000000e+00 -1.000000e+00 -1.000000e+00 -1.000000e+00 -1.000000e+00 -1.000000e+00 -1 -1.0000 -1.000000e+00 -1.000000e+00 -1.000000e+00 -1.000000e+00 -1.000000e+00 -1.000000e+00  0  1.2820  7.328240e+11  0.000000e+00  0.000000e+00  2.963574e-01  1.002140e+02  4.226182e+00  1  1.2820  1.151063e+10  0.000000e+00  0.000000e+00  8.271295e-02  4.511035e+01  5.772732e-02  2  1.2820  5.653865e+00  0.000000e+00  0.000000e+00  5.015618e-02 -1.764247e+02  0.000000e+00 
3  2.922387e+00  2.260680e+00  2.228100e+04  2.383907e-01 6 -1.000000e+00  5.286840e+00 3   2.8331  1.224867e-01 -5.952065e-02 -1 -1.0000 -1.000000e+00 -1.000000e+00 -1.000000e+00 -1.000000e+00 -1.000000e+00 -1.000000e+00 -1 -1.0000 -1.000000e+00 -1.000000e+00 -1.000000e+00 -1.000000e+00 -1.000000e+00 -1.000000e+00  0  0.6030  5.749917e+11  0.000000e+00  0.000000e+00  7.288860e-02 -1.142758e+02  4.594325e+00  1  0.6030  2.408792e+10  0.000000e+00  0.000000e+00  5.507835e-01 -1.323556e+02  1.776685e-01  2  0.6030  2.833084e+00  0.000000e+00  0.000000e+00  3.463741e-02 -9.458349e+01  0.000000e+00 
1  7.169555e-01  1.458512e+00  4.930100e+04  1.540129e+00 0 -1.000000e+00  1.458512e+00 2  12.5673 -2.174822e+00  1.702584e+00 -1 -1.0000 -1.000000e+00 -1.000000e+00 -1.000000e+00 -1.000000e+00 -1.000000e+00 -1.000000e+00 -1 -1.0000 -1.000000e+00 -1.000000e+00 -1.000000e+00 -1.000000e+00 -1.000000e+00 -1.000000e+00  0  0.9250  2.054533e+13  0.000000e+00  0.000000e+00  3.440825e-01  5.559069e+01  4.985305e+00  1  0.9250  1.279512e+11  0.000000e+00  0.000000e+00  1.953637e-01  3.077710e+01  1.720515e-01  2  0.9250  1.256727e+01  0.000000e+00  0.000000e+00  1.287318e-01 -1.247525e+02  0.000000e+00 
3  3.323923e+00  1.642987e+00  2.824300e+04  6.438993e-01 6 -1.000000e+00  4.248661e+00 1   3.5899  3.452935e-01 -2.747354e-01 -1 -1.0000 -1.000000e+00 -1.000000e+00 -1.000000e+00 -1.000000e+00 -1.000000e+00 -1.000000e+00 -1 -1.0000 -1.000000e+00 -1.000000e+00 -1.000000e+00 -1.000000e+00 -1.000000e+00 -1.000000e+00  0  1.3760  6.261150e+12  0.000000e+00  0.000000e+00  5.084777e-01 -7.389031e+01  2.160738e+00  1  1.3760  1.109943e+11  0.000000e+00  0.000000e+00  4.270536e-01 -1.208349e+02  5.439977e-02  2  1.3760  3.589919e+00  0.000000e+00  0.000000e+00  9.417601e-02  9.202057e+01  0.000000e+00 
2  1.231040e+00  2.155355e+00  4.727200e+04  2.949332e+00 6  2.661802e-01  2.211857e+00 3  10.7554 -6.538830e-01  4.295407e+00  0  1.8650  9.267371e+12  0.000000e+00  0.000000e+00  4.165115e-01  5.389595e+01  1.272651e+01  1  1.8650  7.319373e+10  0.000000e+00  0.000000e+00  1.417251e-01  8.956225e+01  3.423534e-02  2  1.8650  4.998117e+13 -2.129153e+00  1.069370e+01  2.777886e-01 -3.992766e+01  3.353881e+00  3  1.8650  1.083728e+11 -2.129153e+00  1.069370e+01  2.102556e-01 -5.577489e+01  4.690975e-02  4  1.8650  1.075542e+01  0.000000e+00  0.000000e+00  1.463160e-01 -8.261994e+01  0.000000e+00 
3  1.281114e+00  5.544905e-01  3.869000e+04  3.647249e-01 6 -1.000000e+00  1.705272e+00 1   6.4405  1.955772e-01 -2.995278e-01 -1 -1.0000 -1.000000e+00 -1.000000e+00 -1.000000e+00 -1.000000e+00 -1.000000e+00 -1.000000e+00 -1 -1.0000 -1.000000e+00 -1.000000e+00 -1.000000e+00 -1.000000e+00 -1.000000e+00 -1.000000e+00  0  1.2220  1.211178e+12  0.000000e+00  0.000000e+00  3.624007e-01  7.162740e+01  4.716105e+00  1  1.2220  3.361966e+10  0.000000e+00  0.000000e+00  3.271696e-01  4.674761e+01  9.826324e-02  2  1.2220  6.440451e+00  0.000000e+00  0.000000e+00  1.078250e-01 -3.757437e+01  0.000000e+00 
3  3.313403e+00  2.916032e+00  1.654800e+04  1.237545e+00 6  2.814580e-01  5.249511e+00 1   2.1739 -3.187311e+00  1.664745e+00  0  0.6100  9.416412e+12  0.000000e+00  0.000000e+00  5.125824e-01  1.604448e+02  9.514734e+00  1  0.6100  1.002874e+11  0.000000e+00  0.000000e+00  1.892298e-01  2.197863e+02  1.138018e-01  2  0.6100  3.634271e+13 -1.982020e+01  8.306364e+00  5.047080e-01  9.161453e+01  7.439912e+00  3  0.6100  2.038540e+11 -1.982020e+01  8.306364e+00  2.492031e-01  9.126229e+01  1.725417e-01  4  0.6100  2.173869e+00  0.000000e+00  0.000000e+00  8.554456e-02  1.516889e+02  0.000000e+00 
3  1.654271e+00  3.142754e+00  2.895200e+04  6.029416e-01 6 -1.000000e+00  3.732839e+00 3   3.6253 -5.770682e-03  6.929186e-02 -1 -1.0000 -1.000000e+00 -1.000000e+00 -1.000000e+00 -1.000000e+00 -1.000000e+00 -1.000000e+00 -1 -1.0000 -1.000000e+00 -1.000000e+00 -1.000000e+00 -1.000000e+00 -1.000000e+00 -1.000000e+00  0  1.0920  4.493482e+12  0.000000e+00  0.000000e+00  1.978467e-01  2.310227e+01  3.187455e+00  1  1.0920  7.202199e+10  0.000000e+00  0.000000e+00  2.605143e-01  8.094978e+01  8.963949e-02  2  1.0920  3.625295e+00  0.000000e+00  0.000000e+00  9.928130e-02  1.208429e+02  0.000000e+00 
3  9.310992e-01  7.100848e-01  4.857100e+04  1.059024e+00 6 -1.000000e+00  1.607961e+00 1  12.3485 -4.532983e-01  2.070295e-01 -1 -1.0000 -1.000000e+00 -1.000000e+00 -1.000000e+00 -1.000000e+00 -1.000000e+00 -1.000000e+00 -1 -1.0000 -1.000000e+00 -1.000000e+00 -1.000000e+00 -1.000000e+00 -1.000000e+00 -1.000000e+00  0  0.9680  3.565722e+12  0.000000e+00  0.000000e+00  1.375659e-01 -1.414019e+02  9.522034e+00  1  0.9680  7.643202e+10  0.000000e+00  0.000000e+00  3.488744e-01 -2.311498e+02  5.418204e-02  2  0.9680  1.234852e+01  0.000000e+00  0.000000e+00  1.324565e-01  3.953951e+01  0.000000e+00 
1  1.113193e+00  2.098127e+00  3.850200e+04  1.149252e+00 0  2.820704e-01  2.098127e+00 2   6.2416  2.133101e+00  1.280399e-01  0  1.1320  2.609089e+12  0.000000e+00  0.000000e+00  2.048898e-01 -1.308402e+02  1.483868e+01  1  1.1320  6.693566e+10  0.000000e+00  0.000000e+00  2.588005e-01 -7.212416e+01  1.440070e-01  2  1.1320  3.919408e+13  2.744553e+01 -3.971792e+00  4.219793e-01  5.173495e+01  4.309315e+00  3  1.1320  1.799921e+11  2.744553e+01 -3.971792e+00  2.840076e-01  3.917138e+01  9.609076e-02  4  1.1320  6.241642e+00  0.000000e+00  0.000000e+00  1.273909e-01  1.048040e+02  0.000000e+00 
1  9.299293e-01  1.618578e+00  5.000900e+04  3.344927e-01 0 -1.000000e+00  1.618578e+00 2  15.6275 -3.699441e-01  3.330423e-01 -1 -1.0000 -1.000000e+00 -1.000000e+00 -1.000000e+00 -1.000000e+00 -1.000000e+00 -1.000000e+00 -1 -1.0000 -1.000000e+00 -1.000000e+00 -1.000000e+00 -1.000000e+00 -1.000000e+00 -1.000000e+00  0  2.6490  1.304009e+12  0.000000e+00  0.000000e+00  1.494878e-01  4.465369e+01  4.624116e+00  1  2.6490  1.823802e+10  0.000000e+00  0.000000e+00  5.820732e-02  4.883175e+01  4.813644e-02  2  2.6490  1.562750e+01  0.000000e+00  0.000000e+00  1.887668e-01 -1.201852e+02  0.000000e+00 
3  1.619708e+00  7.557003e-01  4.144800e+04  5.238602e-01 6 -1.000000e+00  2.172066e+00 1   8.0585  4.380328e-01 -9.562614e-02 -1 -1.0000 -1.000000e+00 -1.000000e+00 -1.000000e+00 -1.000000e+00 -1.000000e+00 -1.000000e+00 -1 -1.0000 -1.000000e+00 -1.000000e+00 -1.000000e+00 -1.000000e+00 -1.000000e+00 -1.000000e+00  0  0.5800  8.147563e+11  0.000000e+00  0.000000e+00  2.587632e-01  9.509136e+01  9.573945e+00  1  0.5800  2.894224e+10  0.000000e+00  0.000000e+00  1.377915e-01  5.652008e+01  6.707587e-02  2  0.5800  8.058464e+00  0.000000e+00  0.000000e+00  7.920759e-02  1.447954e+02  0.000000e+00 
3  1.782438e+00  2.197828e+00  4.147900e+04  5.494059e-01 6 -1.000000e+00  2.880112e+00 1   7.8097  1.260291e-01 -2.120573e-02 -1 -1.0000 -1.000000e+00 -1.000000e+00 -1.000000e+00 -1.000000e+00 -1.000000e+00 -1.000000e+00 -1 -1.0000 -1.000000e+00 -1.000000e+00 -1.000000e+00 -1.000000e+00 -1.000000e+00 -1.000000e+00  0  0.7690  8.324210e+11  0.000000e+00  0.000000e+00  9.102160e-02 -9.570324e+01  1.234170e+01  1  0.7690  2.972571e+10  0.000000e+00  0.000000e+00  2.019430e-01 -9.439542e+01  1.263664e-01  2  0.7690  7.809690e+00  0.000000e+00  0.000000e+00  1.781869e-01 -1.540433e+02  0.000000e+00 
3  8.160397e-01  2.717998e-01  5.053500e+04  1.242763e+00 6 -1.000000e+00  1.739401e+00 2  14.8482 -9.703744e-03 -1.362313e+00 -1 -1.0000 -1.000000e+00 -1.000000e+00 -1.000000e+00 -1.000000e+00 -1.000000e+00 -1.000000e+00 -1 -1.0000 -1.000000e+00 -1.000000e+00 -1.000000e+00 -1.000000e+00 -1.000000e+00 -1.000000e+00  0  0.8010  1.984406e+13  0.000000e+00  0.000000e+00  3.197333e-01  1.648895e+02  4.402725e+00  1  0.8010  1.610785e+11  0.000000e+00  0.000000e+00  5.622871e-01  1.358148e+02  2.064585e-01  2  0.8010  1.484825e+01  0.000000e+00  0.000000e+00  1.098354e-01 -1.495632e+02  0.000000e+00 
3  5.206179e+00  4.762310e+00  3.246900e+04  1.558890e+00 6 -1.000000e+00  9.819138e+00 3   4.4768  8.252649e-01  3.298621e-01 -1 -1.0000 -1.000000e+00 -1.000000e+00 -1.000000e+00 -1.000000e+00 -1.000000e+00 -1.000000e+00 -1 -1.0000 -1.000000e+00 -1.000000e+00 -1.000000e+00 -1.000000e+00 -1.000000e+00 -1.000000e+00  0  1.4070  7.097689e+13  0.000000e+00  0.000000e+00  3.136812e-01 -1.548877e+02  3.164702e+00  1  1.4070  1.751236e+11  0.000000e+00  0.000000e+00  2.376169e-01 -1.530171e+02  1.412394e-01  2  1.4070  4.476836e+00  0.000000e+00  0.000000e+00  3.463383e-02 -8.864025e+01  0.000000e+00 
3  1.226322e+00  1.063059e+00  4.464800e+04  7.905536e-01 6 -1.000000e+00  1.672061e+00 1   9.0082 -1.747826e-01  3.034634e-01 -1 -1.0000 -1.000000e+00 -1.000000e+00 -1.000000e+00 -1.000000e+00 -1.000000e+00 -1.000000e+00 -1 -1.0000 -1.000000e+00 -1.000000e+00 -1.000000e+00 -1.000000e+00 -1.000000e+00 -1.000000e+00  0  0.2850  1.545010e+12  0.000000e+00  0.000000e+00  2.168626e-02  8.028280e+01  9.461814e+00  1  0.2850  4.910825e+10  0.000000e+00  0.000000e+00  8.933600e-02  1.188965e+02  1.643957e-01  2  0.2850  9.008231e+00  0.000000e+00  0.000000e+00  1.826310e-01 -1.712709e+01  0.000000e+00 
3  1.950039e+00  1.675248e+00  3.831700e+04  9.122989e-01 6 -1.000000e+00  2.838764e+00 1   6.4209 -3.143183e-01 -1.623060e-01 -1 -1.0000 -1.000000e+00 -1.000000e+00 -1.000000e+00 -1.000000e+00 -1.000000e+00 -1.000000e+00 -1 -1.0000 -1.000000e+00 -1.000000e+00 -1.000000e+00 -1.000000e+00 -1.000000e+00 -1.000000e+00  0  1.1210  3.434021e+12  0.000000e+00  0.000000e+00  4.641770e-02 -5.043869e+01  7.690125e+00  1  1.1210  6.298317e+10  0.000000e+00  0.000000e+00  4.024494e-01 -8.974685e+01  1.051515e-01  2  1.1210  6.420939e+00  0.000000e+00  0.000000e+00  2.634062e-01  5.704864e+01  0.000000e+00 
2  1.271619e+00  1.572596e+00  3.982500e+04  5.529308e-01 6 -1.000000e+00  2.224171e+00 3   7.0438 -1.520873e-01  6.168056e-03 -1 -1.0000 -1.000000e+00 -1.000000e+00 -1.000000e+00 -1.000000e+00 -1.000000e+00 -1.000000e+00 -1 -1.0000 -1.000000e+00 -1.000000e+00 -1.000000e+00 -1.000000e+00 -1.000000e+00 -1.000000e+00  0  1.4850  1.324842e+12  0.000000e+00  0.000000e+00  1.321454e-01 -3.432064e+01  5.921617e+00  1  1.4850  3.669159e+10  0.000000e+00  0.000000e+00  3.785990e-01 -8.097590e+01  1.523411e-02  2  1.4850  7.043795e+00  0.000000e+00  0.000000e+00  1.520700e-02 -1.787602e+02  0.000000e+00 
2  6.636355e-01  5.314530e-03  5.001900e+04  4.910385e-01 6  2.747855e-01  1.187292e-02 1  16.9980 -1.596508e+00 -2.144599e+00  0  1.5600  9.882828e+11  0.000000e+00  0.000000e+00  3.319573e-01  6.454859e+01  6.569791e+00  1  1.5600  3.707246e+10  0.000000e+00  0.000000e+00  2.007734e-01  2.202368e+01  1.930903e-02  2  1.5600  2.689667e+12 -1.690534e+01  3.991172e+00  8.169361e-03  5.860532e+01  2.768866e+00  3  1.5600  6.213418e+10 -1.690534e+01  3.991172e+00  2.565045e-01  8.065813e+01  4.629515e-02  4  1.5600  1.699797e+01  0.000000e+00  0.000000e+00  1.798750e-01  8.924361e+01  0.000000e+00 
3  1.037091e+00  1.065318e+00  3.992900e+04  4.684584e-01 6 -1.000000e+00  1.438357e+00 1   6.6263  1.015424e-01 -1.063631e-01 -1 -1.0000 -1.000000e+00 -1.000000e+00 -1.000000e+00 -1.000000e+00 -1.000000e+00 -1.000000e+00 -1 -1.0000 -1.000000e+00 -1.000000e+00 -1.000000e+00 -1.000000e+00 -1.000000e+00 -1.000000e+00  0  0.2640  7.257818e+11  0.000000e+00  0.000000e+00  1.366649e-01 -7.116609e+01  7.618286e+00  1  0.2640  3.025755e+10  0.000000e+00  0.000000e+00  3.364715e-01 -1.005412e+02  3.921675e-01  2  0.2640  6.626333e+00  0.000000e+00  0.000000e+00  1.422657e-01 -8.655366e+01  0.000000e+00 
3  2.238969e+00  7.123562e-01  3.319300e+04  8.005449e-01 6 -1.000000e+00  4.785904e+00 2   4.6203 -3.047763e-01  6.872763e-01 -1 -1.0000 -1.000000e+00 -1.000000e+00 -1.000000e+00 -1.000000e+00 -1.000000e+00 -1.000000e+00 -1 -1.0000 -1.000000e+00 -1.000000e+00 -1.000000e+00 -1.000000e+00 -1.000000e+00 -1.000000e+00  0  1.2890  1.159183e+13  0.000000e+00  0.000000e+00  1.921213e-01  1.905097e+00  5.405290e+00  1  1.2890  9.248060e+10  0.000000e+00  0.000000e+00  4.599129e-01  2.477503e+01  9.202082e-02  2  1.2890  4.620332e+00  0.000000e+00  0.000000e+00  1.127495e-01 -1.623971e+02  0.000000e+00 
3  6.542170e-01  1.054771e+00  4.791400e+04  8.714502e-01 6 -1.000000e+00  1.095873e+00 1  10.6781 -4.190169e-01 -9.462220e-02 -1 -1.0000 -1.000000e+00 -1.000000e+00 -1.000000e+00 -1.000000e+00 -1.000000e+00 -1.000000e+00 -1 -1.0000 -1.000000e+00 -1.000000e+00 -1.000000e+00 -1.000000e+00 -1.000000e+00 -1.000000e+00  0  0.6280  3.991480e+12  0.000000e+00  0.000000e+00  3.998746e-01 -1.775946e+02  1.128895e+01  1  0.6280  5.667558e+10  0.000000e+00  0.000000e+00  1.756665e-01 -1.669895e+02  1.917217e-01  2  0.6280  1.067809e+01  0.000000e+00  0.000000e+00  9.282557e-02 -1.023293e+02  0.000000e+00 
3  2.288864e+00  1.304057e+00  2.874900e+04  1.881249e-01 6 -1.000000e+00  2.833324e+00 1   3.7434 -1.349745e-01  3.125094e-02 -1 -1.0000 -1.000000e+00 -1.000000e+00 -1.000000e+00 -1.000000e+00 -1.000000e+00 -1.000000e+00 -1 -1.0000 -1.000000e+00 -1.000000e+00 -1.000000e+00 -1.000000e+00 -1.000000e+00 -1.000000e+00  0  1.4700  5.934363e+11  0.000000e+00  0.000000e+00  4.543646e-01  2.841768e+01  4.138894e+00  1  1.4700  1.241052e+10  0.000000e+00  0.000000e+00  3.104684e-01  6.046652e+01  3.488168e-02  2  1.4700  3.743358e+00  0.000000e+00  0.000000e+00  9.925613e-02 -5.413465e-01  0.000000e+00 
3  1.546730e+00  2.839085e+00  4.382900e+04  2.428740e+00 6  2.851485e-01  1.270269e+01 2   8.8577  3.720203e+00 -3.690833e+00  0  0.5860  9.136243e+12  0.000000e+00  0.000000e+00  1.038342e-01 -6.662395e+01  1.377187e+01  1  0.5860  1.130979e+11  0.000000e+00  0.000000e+00  4.139340e-01 -3.819933e+01  1.402539e-01  2  0.5860  6.195090e+13  1.775326e+01 -2.285036e+01  4.839332e-01  1.610765e+01  7.727543e+00  3  0.5860  3.364190e+11  1.775326e+01 -2.285036e+01  3.379094e-02  4.408050e+01  3.561412e-01  4  0.5860  8.857653e+00  0.000000e+00  0.000000e+00  1.201867e-01 -6.367093e+01  0.000000e+00 
1  3.894697e+00  7.438798e+00  2.639300e+04  9.090042e-01 0  2.931576e-01  7.438798e+00 2   3.4228 -4.142077e-01  1.712454e+00  0  0.4520  3.759636e+12  0.000000e+00  0.000000e+00  2.665219e-01  1.788017e+02  1.249129e+01  1  0.4520  7.104511e+10  0.000000e+00  0.000000e+00  2.758261e-01  1.646618e+02  5.809391e-01  2  0.4520  2.938517e+13 -1.557038e+00  8.024267e+00  4.286247e-01  8.673017e+01  5.288717e+00  3  0.4520  2.931000e+11 -1.557038e+00  8.024267e+00  3.196012e-01  6.753861e+01  1.081015e+00  4  0.4520  3.422809e+00  0.000000e+00  0.000000e+00  3.807663e-02 -1.357559e+02  0.000000e+00 
2  5.520138e-01  9.267299e-01  4.921800e+04  2.584842e+00 6  2.726370e-01  1.060319e+00 3  13.0689 -1.004529e+00  2.598866e+00  0  1.4870  1.159563e+13  0.000000e+00  0.000000e+00  2.578571e-01 -6.460265e+01  1.066419e+01  1  1.4870  5.866055e+10  0.000000e+00  0.000000e+00  2.748053e-01 -7.859047e+01  5.082198e-02  2  1.4870  2.068153e+13 -2.381329e+01  2.910652e+01  3.058731e-01 -6.262740e+01  5.522411e+00  3  1.4870  1.725460e+11 -2.381329e+01  2.910652e+01  3.005106e-01 -5.406777e+01  8.424800e-02  4  1.4870  1.306892e+01  0.000000e+00  0.000000e+00  8.905745e-02  5.211443e+01  0.000000e+00 
3  1.443759e+00  1.711858e+00  3.239200e+04  8.046419e-01 6 -1.000000e+00  2.286049e+00 1   4.2990 -1.975049e-01  2.814433e-01 -1 -1.0000 -1.000000e+00 -1.000000e+00 -1.000000e+00 -1.000000e+00 -1.000000e+00 -1.000000e+00 -1 -1.0000 -1.000000e+00 -1.000000e+00 -1.000000e+00 -1.000000e+00 -1.000000e+00 -1.000000e+00  0  0.9820  4.735574e+12  0.000000e+00  0.000000e+00  3.704759e-01 -2.753079e+01  6.165577e+00  1  0.9820  1.026085e+11  0.000000e+00  0.000000e+00  1.736475e-01 -2.437401e+01  4.541472e-02  2  0.9820  4.299005e+00  0.000000e+00  0.000000e+00  1.464892e-02 -1.169686e+02  0.000000e+00 
3  3.813135e+00  3.580131e+00  2.835500e+04  2.742792e-01 6  2.691865e-01  6.614059e+00 3   3.6505  1.673958e-01 -4.915039e-01  0  2.2340  1.479267e+12  0.000000e+00  0.000000e+00  2.170138e-01 -1.405955e+01  8.091385e+00  1  2.2340  6.300721e+10  0.000000e+00  0.000000e+00  3.852430e-01  2.382302e+00  7.378338e-02  2  2.2340  8.045282e+12  1.877962e+00 -2.082634e+01  3.615886e-01  1.390396e+02  6.117954e+00  3  2.2340  8.265280e+10  1.877962e+00 -2.082634e+01  2.300810e-01  1.573383e+02  2.010819e-02  4  2.2340  3.650479e+00  0.000000e+00  0.000000e+00  1.097584e-01  1.500682e+02  0.000000e+00 
3  6.957557e+00  3.511168e+00  1.672600e+04  9.958560e-01 6  2.823801e-01  1.087804e+01 1   2.2096 -4.890848e-01 -1.017197e+00  0  0.8950  2.334887e+12  0.000000e+00  0.000000e+00  1.144564e-01 -9.461215e+01  2.210340e+01  1  0.8950  8.173448e+10  0.000000e+00  0.000000e+00  2.964530e-01 -5.021606e+01  1.069211e-01  2  0.8950  1.115825e+13  6.880233e+00 -3.067436e+01  1.812814e-01  1.094054e+02  4.584712e+00  3  0.8950  1.355579e+11  6.880233e+00 -3.067436e+01  2.741205e-01  1.450518e+02  1.578587e-01  4  0.8950  2.209613e+00  0.000000e+00  0.000000e+00  7.706009e-02 -5.942340e+01  0.000000e+00 
5  1.495663e+00  1.664926e+00  4.321000e+04  6.057017e-01 6 -1.000000e+00  2.261612e+00 1   7.8105 -2.539881e-02 -4.323766e-02 -1 -1.0000 -1.000000e+00 -1.000000e+00 -1.000000e+00 -1.000000e+00 -1.000000e+00 -1.000000e+00 -1 -1.0000 -1.000000e+00 -1.000000e+00 -1.000000e+00 -1.000000e+00 -1.000000e+00 -1.000000e+00  0  1.8740  4.354805e+12  0.000000e+00  0.000000e+00  2.200893e-01 -2.058770e+01  2.938683e+00  1  1.8740  8.406481e+10  0.000000e+00  0.000000e+00  1.481007e-01 -4.649739e+01  5.989251e-02  2  1.8740  7.810543e+00  0.000000e+00  0.000000e+00  2.560922e-01 -1.798308e+02  0.000000e+00 
3  1.871770e+00  1.604748e+00  4.018100e+04  6.099047e-01 6 -1.000000e+00  2.733497e+00 1   6.8739 -3.600060e-01  2.968738e-02 -1 -1.0000 -1.000000e+00 -1.000000e+00 -1.000000e+00 -1.000000e+00 -1.000000e+00 -1.000000e+00 -1 -1.0000 -1.000000e+00 -1.000000e+00 -1.000000e+00 -1.000000e+00 -1.000000e+00 -1.000000e+00  0  1.3740  3.777087e+12  0.000000e+00  0.000000e+00  2.054546e-01  1.397911e+02  3.247106e+00  1  1.3740  8.735914e+10  0.000000e+00  0.000000e+00  2.462901e-01  1.520625e+02  4.470502e-02  2  1.3740  6.873862e+00  0.000000e+00  0.000000e+00  2.666543e-02  1.565270e+02  0.000000e+00 
5  1.429388e+00  2.410248e+00  4.124500e+04  2.603195e-01 6  2.808689e-01  3.830892e+00 3   6.5625  3.921836e-01  6.045678e-01  0  1.4210  6.448770e+11  0.000000e+00  0.000000e+00  3.759111e-01  3.639884e+01  5.417932e+00  1  1.4210  2.686053e+10  0.000000e+00  0.000000e+00  4.706653e-01  4.108394e+01  1.060053e-01  2  1.4210  4.694169e+12  1.087129e+01  1.577331e+01  1.098525e-01 -4.041289e+01  5.283973e+00  3  1.4210  6.960093e+10  1.087129e+01  1.577331e+01  4.222940e-01 -3.278634e+01  8.527158e-02  4  1.4210  6.562469e+00  0.000000e+00  0.000000e+00  7.058845e-02  4.950379e+01  0.000000e+00 
3  7.404511e-01  4.177650e-01  3.324800e+04  5.174667e-01 6 -1.000000e+00  8.882425e-01 1   4.7346 -1.555834e-01  3.697684e-01 -1 -1.0000 -1.000000e+00 -1.000000e+00 -1.000000e+00 -1.000000e+00 -1.000000e+00 -1.000000e+00 -1 -1.0000 -1.000000e+00 -1.000000e+00 -1.000000e+00 -1.000000e+00 -1.000000e+00 -1.000000e+00  0  0.6080  8.076242e+11  0.000000e+00  0.000000e+00  2.100567e-01  1.209358e+02  5.435167e+00  1  0.6080  4.071381e+10  0.000000e+00  0.000000e+00  1.454823e-01  1.342812e+02  4.653048e-02  2  0.6080  4.734626e+00  0.000000e+00  0.000000e+00  1.883587e-01  6.945382e+01  0.000000e+00 
3  1.347096e+00  1.210825e+00  4.883200e+04  2.082073e-01 6 -1.000000e+00  2.554351e+00 3  12.7146 -8.010464e-03 -1.071544e-01 -1 -1.0000 -1.000000e+00 -1.000000e+00 -1.000000e+00 -1.000000e+00 -1.000000e+00 -1.000000e+00 -1 -1.0000 -1.000000e+00 -1.000000e+00 -1.000000e+00 -1.000000e+00 -1.000000e+00 -1.000000e+00  0  2.2650  1.063986e+12  0.000000e+00  0.000000e+00  8.885985e-02  9.143771e+00  3.111334e+00  1  2.2650  1.691560e+10  0.000000e+00  0.000000e+00  3.565307e-01 -2.124238e+01  6.227543e-02  2  2.2650  1.271459e+01  0.000000e+00  0.000000e+00  1.448497e-02 -9.251860e+01  0.000000e+00 
1  3.597551e+00  6.648157e+00  3.529900e+04  2.594617e+00 0  2.892165e-01  6.648157e+00 2   5.3920  5.008032e+00 -9.464274e-01  0  0.2650  6.710412e+12  0.000000e+00  0.000000e+00  3.496813e-01 -9.214007e+01  2.443773e+01  1  0.2650  9.029809e+10  0.000000e+00  0.000000e+00  3.751619e-01 -1.116625e+02  7.141102e-01  2  0.2650  2.785987e+13  2.226531e+01 -7.303094e+00  5.036950e-01 -1.075768e+02  4.732906e+00  3  0.2650  3.502498e+11  2.226531e+01 -7.303094e+00  1.567391e-01 -1.516340e+02  8.122715e-01  4  0.2650  5.391981e+00  0.000000e+00  0.000000e+00  1.060083e-01 -4.115781e+01  0.000000e+00 
5  5.818179e-01  9.964524e-01  4.753200e+04  3.145944e-02 6  2.836894e-01  1.128015e+00 3   9.5504 -7.850077e-02  6.772000e-02  0  2.4420  1.237410e+10  0.000000e+00  0.000000e+00  3.343078e-01 -1.242350e+02  2.778527e+01  1  2.4420  9.008237e+06  0.000000e+00  0.000000e+00  4.732843e-01 -1.339070e+02  3.253029e-02  2  2.4420  1.963161e+11 -5.697448e-01  5.511610e-01  1.447467e-01 -1.736044e+01  4.730220e+00  3  2.4420  1.224667e+09 -5.697448e-01  5.511610e-01  1.728590e-01  7.858697e+01  1.197408e-02  4  2.4420  9.550357e+00  0.000000e+00  0.000000e+00  2.485206e-01  4.756381e+00  0.000000e+00 
3  3.947092e+00  3.451610e+00  2.899400e+04  2.792574e-01 6 -1.000000e+00  5.677811e+00 1   3.6685  4.412224e-02  1.129261e-01 -1 -1.0000 -1.000000e+00 -1.000000e+00 -1.000000e+00 -1.000000e+00 -1.000000e+00 -1.000000e+00 -1 -1.0000 -1.000000e+00 -1.000000e+00 -1.000000e+00 -1.000000e+00 -1.000000e+00 -1.000000e+00  0  1.6460  1.233533e+12  0.000000e+00  0.000000e+00  2.189289e-01 -1.561633e+02  5.188416e+00  1  1.6460  3.911369e+10  0.000000e+00  0.000000e+00  2.933794e-01 -2.027719e+02  5.570129e-02  2  1.6460  3.668546e+00  0.000000e+00  0.000000e+00  1.299437e-01 -1.528725e+02  0.000000e+00 
3  1.359003e+00  8.054742e-01  4.159000e+04  7.191407e-01 6 -1.000000e+00  2.165625e+00 1   7.7037  5.942364e-02 -5.475993e-01 -1 -1.0000 -1.000000e+00 -1.000000e+00 -1.000000e+00 -1.000000e+00 -1.000000e+00 -1.000000e+00 -1 -1.0000 -1.000000e+00 -1.000000e+00 -1.000000e+00 -1.000000e+00 -1.000000e+00 -1.000000e+00  0  0.8970  4.042417e+12  0.000000e+00  0.000000e+00  2.478868e-01  1.524678e+02  5.416556e+00  1  0.8970  7.311049e+10  0.000000e+00  0.000000e+00  3.466200e-01  1.425686e+02  4.037960e-02  2  0.8970  7.703703e+00  0.000000e+00  0.000000e+00  9.458468e-02  5.201027e+01  0.000000e+00 
3  1.290764e+00  5.455780e-01  4.800700e+04  1.231427e+00 6 -1.000000e+00  1.671786e+00 1   9.2681  2.182768e-01  1.018704e+00 -1 -1.0000 -1.000000e+00 -1.000000e+00 -1.000000e+00 -1.000000e+00 -1.000000e+00 -1.000000e+00 -1 -1.0000 -1.000000e+00 -1.000000e+00 -1.000000e+00 -1.000000e+00 -1.000000e+00 -1.000000e+00  0  1.0430  4.287802e+12  0.000000e+00  0.000000e+00  4.000973e-01  7.608447e+01  9.001635e+00  1  1.0430  9.203938e+10  0.000000e+00  0.000000e+00  3.003121e-01  1.294916e+02  9.362603e-02  2  1.0430  9.268112e+00  0.000000e+00  0.000000e+00  9.647658e-03 -1.140157e+02  0.000000e+00 
1  4.592895e+00  1.159674e+01  2.591600e+04  2.856310e+00 0 -1.000000e+00  1.159674e+01 2   3.2167  7.921673e-01  4.802676e+00 -1 -1.0000 -1.000000e+00 -1.000000e+00 -1.000000e+00 -1.000000e+00 -1.000000e+00 -1.000000e+00 -1 -1.0000 -1.000000e+00 -1.000000e+00 -1.000000e+00 -1.000000e+00 -1.000000e+00 -1.000000e+00  0  0.4970  1.034907e+14  0.000000e+00  0.000000e+00  5.911244e-01  1.788009e+02  4.915804e+00  1  0.4970  5.513653e+11  0.000000e+00  0.000000e+00  2.562079e-01  1.244100e+02  8.482641e-01  2  0.4970  3.216746e+00  0.000000e+00  0.000000e+00  5.855528e-02 -3.194080e+01  0.000000e+00 
3  3.551338e+00  1.596120e+00  3.189200e+04  2.710662e-01 6 -1.000000e+00  4.213205e+00 1   4.2421  2.590887e-01 -2.264098e-01 -1 -1.0000 -1.000000e+00 -1.000000e+00 -1.000000e+00 -1.000000e+00 -1.000000e+00 -1.000000e+00 -1 -1.0000 -1.000000e+00 -1.000000e+00 -1.000000e+00 -1.000000e+00 -1.000000e+00 -1.000000e+00  0  1.1470  9.411466e+11  0.000000e+00  0.000000e+00  4.502484e-01  1.553333e+01  3.458780e+00  1  1.1470  3.495200e+10  0.000000e+00  0.000000e+00  3.896024e-01  4.644820e+00  5.924806e-02  2  1.1470  4.242133e+00  0.000000e+00  0.000000e+00  9.994288e-02  1.455315e+02  0.000000e+00 
3  1.071087e+00  2.184194e-01  2.957100e+04  9.125178e-01 6 -1.000000e+00  1.905166e+00 2   3.8458 -6.080674e-01  7.186766e-01 -1 -1.0000 -1.000000e+00 -1.000000e+00 -1.000000e+00 -1.000000e+00 -1.000000e+00 -1.000000e+00 -1 -1.0000 -1.000000e+00 -1.000000e+00 -1.000000e+00 -1.000000e+00 -1.000000e+00 -1.000000e+00  0  1.3860  8.180858e+12  0.000000e+00  0.000000e+00  4.225772e-01 -1.136035e+02  6.045842e+00  1  1.3860  9.081495e+10  0.000000e+00  0.000000e+00  1.397914e-01 -9.596363e+01  4.612601e-02  2  1.3860  3.845776e+00  0.000000e+00  0.000000e+00  1.375359e-01 -1.436449e+02  0.000000e+00 
3  3.052205e+00  2.331627e+00  3.304700e+04  7.036649e-01 6 -1.000000e+00  5.536769e+00 3   4.7850  7.567124e-03 -4.376602e-01 -1 -1.0000 -1.000000e+00 -1.000000e+00 -1.000000e+00 -1.000000e+00 -1.000000e+00 -1.000000e+00 -1 -1.0000 -1.000000e+00 -1.000000e+00 -1.000000e+00 -1.000000e+00 -1.000000e+00 -1.000000e+00  0  0.5000  2.776364e+12  0.000000e+00  0.000000e+00  3.672596e-01  1.514712e+02  8.973889e+00  1  0.5000  7.001963e+10  0.000000e+00  0.000000e+00  2.669201e-01  1.474019e+02  2.520153e-01  2  0.5000  4.785042e+00  0.000000e+00  0.000000e+00  7.360173e-02  4.791392e+01  0.000000e+00 
3  2.154050e+00  2.820616e+00  3.354100e+04  1.218804e+00 6 -1.000000e+00  4.541278e+00 3   4.5769 -1.527940e-01 -4.454517e-01 -1 -1.0000 -1.000000e+00 -1.000000e+00 -1.000000e+00 -1.000000e+00 -1.000000e+00 -1.000000e+00 -1 -1.0000 -1.000000e+00 -1.000000e+00 -1.000000e+00 -1.000000e+00 -1.000000e+00 -1.000000e+00  0  0.1810  4.334599e+12  0.000000e+00  0.000000e+00  1.363505e-01 -1.307682e+02  6.649376e+00  1  0.1810  1.301281e+11  0.000000e+00  0.000000e+00  8.195514e-02 -7.699241e+01  6.490928e-01  2  0.1810  4.576865e+00  0.000000e+00  0.000000e+00  1.771932e-01  6.309514e+01  0.000000e+00 
3  7.833955e+00  1.132109e+01  1.923000e+04  3.726499e-01 6 -1.000000e+00  1.598737e+01 3   2.4315 -7.502617e-02  8.818388e-02 -1 -1.0000 -1.000000e+00 -1.000000e+00 -1.000000e+00 -1.000000e+00 -1.000000e+00 -1.000000e+00 -1 -1.0000 -1.000000e+00 -1.000000e+00 -1.000000e+00 -1.000000e+00 -1.000000e+00 -1.000000e+00  0  0.7780  1.204565e+12  0.000000e+00  0.000000e+00  2.758374e-01 -1.750379e+02  6.437138e+00  1  0.7780  4.024392e+10  0.000000e+00  0.000000e+00  1.870933e-01 -2.014224e+02  9.336788e-02  2  0.7780  2.431504e+00  0.000000e+00  0.000000e+00  1.306406e-01 -5.547669e+01  0.000000e+00 
3  4.422142e+00  3.364999e+00  1.926500e+04  6.110388e-01 6 -1.000000e+00  7.978233e+00 3   2.4497 -1.780097e-01 -2.742592e-01 -1 -1.0000 -1.000000e+00 -1.000000e+00 -1.000000e+00 -1.000000e+00 -1.000000e+00 -1.000000e+00 -1 -1.0000 -1.000000e+00 -1.000000e+00 -1.000000e+00 -1.000000e+00 -1.000000e+00 -1.000000e+00  0  0.6000  3.022321e+12  0.000000e+00  0.000000e+00  1.491198e-01  1.265163e+02  7.578276e+00  1  0.6000  7.807425e+10  0.000000e+00  0.000000e+00  4.686170e-01  1.484017e+02  1.310535e-01  2  0.6000  2.449693e+00  0.000000e+00  0.000000e+00  4.770434e-02  9.840884e+01  0.000000e+00 
3  1.253579e+00  1.580674e+00  4.556700e+04  1.848950e-01 6 -1.000000e+00  2.844013e+00 3   8.7268 -3.836000e-02 -8.974237e-03 -1 -1.0000 -1.000000e+00 -1.000000e+00 -1.000000e+00 -1.000000e+00 -1.000000e+00 -1.000000e+00 -1 -1.0000 -1.000000e+00 -1.000000e+00 -1.000000e+00 -1.000000e+00 -1.000000e+00 -1.000000e+00  0  1.7630  5.209814e+11  0.000000e+00  0.000000e+00  2.015142e-01 -1.277993e+02  5.712414e+00  1  1.7630  7.927979e+09  0.000000e+00  0.000000e+00  1.874493e-01 -1.216202e+02  4.908218e-02  2  1.7630  8.726821e+00  0.000000e+00  0.000000e+00  1.632649e-01  1.286282e+02  0.000000e+00 
1  1.225941e+00  2.203509e+00  4.822100e+04  1.219451e+00 0  2.903728e-01  2.203509e+00 2  12.8015  2.125421e+00 -3.557481e+00  0  0.3850  2.134587e+12  0.000000e+00  0.000000e+00  2.896536e-01  1.565945e+02  1.439978e+01  1  0.3850  8.672704e+10  0.000000e+00  0.000000e+00  1.633470e-01  1.922268e+02  2.275552e-01  2  0.3850  9.081389e+12  4.193728e+00 -7.279879e+00  3.195299e-01 -1.405403e+02  5.787459e+00  3  0.3850  1.119014e+11  4.193728e+00 -7.279879e+00  3.130092e-01 -2.235659e+02  3.966483e-01  4  0.3850  1.280146e+01  0.000000e+00  0.000000e+00  2.112610e-01  3.034514e+01  0.000000e+00 
3  7.753981e+00  5.952910e+00  2.063400e+04  5.617760e-01 6 -1.000000e+00  9.981632e+00 1   2.6362  1.922988e-01 -3.362505e-01 -1 -1.0000 -1.000000e+00 -1.000000e+00 -1.000000e+00 -1.000000e+00 -1.000000e+00 -1.000000e+00 -1 -1.0000 -1.000000e+00 -1.000000e+00 -1.000000e+00 -1.000000e+00 -1.000000e+00 -1.000000e+00  0  0.4760  8.740068e+11  0.000000e+00  0.000000e+00  2.909138e-01 -2.386082e+01  9.712366e+00  1  0.4760  4.551098e+10  0.000000e+00  0.000000e+00  3.311486e-01 -4.630661e+01  9.284967e-02  2  0.4760  2.636196e+00  0.000000e+00  0.000000e+00  4.391611e-02  1.429709e+02  0.000000e+00 
2  7.937389e-01  5.243120e-01  4.512800e+04  9.051787e-01 6 -1.000000e+00  1.096418e+00 1   9.1270 -4.746028e-02 -4.435496e-01 -1 -1.0000 -1.000000e+00 -1.000000e+00 -1.000000e+00 -1.000000e+00 -1.000000e+00 -1.000000e+00 -1 -1.0000 -1.000000e+00 -1.000000e+00 -1.000000e+00 -1.000000e+00 -1.000000e+00 -1.000000e+00  0  1.2620  1.933835e+12  0.000000e+00  0.000000e+00  2.419368e-01  1.288022e+02  5.154211e+00  1  1.2620  7.524022e+10  0.000000e+00  0.000000e+00  4.953840e-01  9.145804e+01  4.515935e-02  2  1.2620  9.126954e+00  0.000000e+00  0.000000e+00  8.100910e-02  1.306731e+02  0.000000e+00 
3  1.619233e+00  8.748824e-01  4.010100e+04  4.325417e-02 6 -1.000000e+00  2.048253e+00 1   6.8998 -7.795808e-02  6.064518e-03 -1 -1.0000 -1.000000e+00 -1.000000e+00 -1.000000e+00 -1.000000e+00 -1.000000e+00 -1.000000e+00 -1 -1.0000 -1.000000e+00 -1.000000e+00 -1.000000e+00 -1.000000e+00 -1.000000e+00 -1.000000e+00  0  2.8450  3.720942e+11  0.000000e+00  0.000000e+00  4.000363e-01  7.588980e+01  3.232532e+00  1  2.8450  2.846617e+09  0.000000e+00  0.000000e+00  7.048533e-01  1.343676e+01  2.187517e-02  2  2.8450  6.899773e+00  0.000000e+00  0.000000e+00  2.173067e-01  7.109355e+00  0.000000e+00 
3  4.066699e+00  1.889487e+00  2.617500e+04  7.637787e-01 6 -1.000000e+00  5.958572e+00 1   3.3029 -8.145493e-01 -1.287613e-01 -1 -1.0000 -1.000000e+00 -1.000000e+00 -1.000000e+00 -1.000000e+00 -1.000000e+00 -1.000000e+00 -1 -1.0000 -1.000000e+00 -1.000000e+00 -1.000000e+00 -1.000000e+00 -1.000000e+00 -1.000000e+00  0  0.8460  1.160351e+13  0.000000e+00  0.000000e+00  2.502125e-01 -6.973782e+00  2.968584e+00  1  0.8460  1.517033e+11  0.000000e+00  0.000000e+00  1.498392e-01  2.459099e+01  2.422507e-01  2  0.8460  3.302896e+00  0.000000e+00  0.000000e+00  1.039056e-01  1.103837e+02  0.000000e+00 
3  1.909489e+00  6.112678e-01  1.249500e+04  1.228688e+00 6 -1.000000e+00  4.668032e+00 2   1.7241  7.034930e-01  7.162830e-01 -1 -1.0000 -1.000000e+00 -1.000000e+00 -1.000000e+00 -1.000000e+00 -1.000000e+00 -1.000000e+00 -1 -1.0000 -1.000000e+00 -1.000000e+00 -1.000000e+00 -1.000000e+00 -1.000000e+00 -1.000000e+00  0  0.8080  7.181017e+13  0.000000e+00  0.000000e+00  5.085724e-01  1.295183e+02  3.029895e+00  1  0.8080  2.311961e+11  0.000000e+00  0.000000e+00  3.543343e-01  1.123754e+02  1.483629e-01  2  0.8080  1.724132e+00  0.000000e+00  0.000000e+00  3.818105e-02 -1.987151e+01  0.000000e+00 
3  1.324498e+00  3.401962e-01  4.965100e+04  9.871159e-01 6 -1.000000e+00  2.408997e+00 2  12.4021 -5.245516e-01 -5.684214e-01 -1 -1.0000 -1.000000e+00 -1.000000e+00 -1.000000e+00 -1.000000e+00 -1.000000e+00 -1.000000e+00 -1 -1.0000 -1.000000e+00 -1.000000e+00 -1.000000e+00 -1.000000e+00 -1.000000e+00 -1.000000e+00  0  1.6950  5.152730e+12  0.000000e+00  0.000000e+00  5.529614e-01  1.172398e+02  5.018642e+00  1  1.6950  6.652102e+10  0.000000e+00  0.000000e+00  4.856782e-01  7.294114e+01  6.459839e-02  2  1.6950  1.240214e+01  0.000000e+00  0.000000e+00  1.039502e-01 -2.906838e+01  0.000000e+00 
2  1.438824e+00  2.204069e-01  4.175000e+04  3.771045e+00 6  2.746854e-01  9.478165e+00 2   7.2784  5.586944e-01 -5.878440e+00  0  0.9050  2.003275e+13  0.000000e+00  0.000000e+00  3.562488e-01  3.984604e+01  6.897969e+00  1  0.9050  1.279304e+11  0.000000e+00  0.000000e+00  4.507724e-01 -1.396948e+01  9.981488e-02  2  0.9050  1.436471e+14  3.090070e+00 -1.052745e+01  5.628821e-01  6.335499e+01  4.722975e+00  3  0.9050  3.861901e+11  3.090070e+00 -1.052745e+01  1.420242e-01  4.654529e+01  1.783296e-01  4  0.9050  7.278366e+00  0.000000e+00  0.000000e+00  1.360094e-01 -1.629338e+02  0.000000e+00 
3  2.328293e+00  7.097616e-01  3.037800e+04  5.849487e-01 6 -1.000000e+00  4.157947e+00 2   3.8497 -5.563956e-01  4.748673e-01 -1 -1.0000 -1.000000e+00 -1.000000e+00 -1.000000e+00 -1.000000e+00 -1.000000e+00 -1.000000e+00 -1 -1.0000 -1.000000e+00 -1.000000e+00 -1.000000e+00 -1.000000e+00 -1.000000e+00 -1.000000e+00  0  1.7560  1.358366e+13  0.000000e+00  0.000000e+00  2.700707e-01  5.407286e+01  3.600981e+00  1  1.7560  1.229752e+11  0.000000e+00  0.000000e+00  4.649488e-01  1.829345e+01  4.249346e-02  2  1.7560  3.849716e+00  0.000000e+00  0.000000e+00  6.407730e-02 -1.095073e+02  0.000000e+00 
3  2.335828e+00  3.022530e+00  2.752400e+04  1.190290e+00 6 -1.000000e+00  3.318193e+00 1   3.5331 -1.872888e-01 -4.457450e-01 -1 -1.0000 -1.000000e+00 -1.000000e+00 -1.000000e+00 -1.000000e+00 -1.000000e+00 -1.000000e+00 -1 -1.0000 -1.000000e+00 -1.000000e+00 -1.000000e+00 -1.000000e+00 -1.000000e+00 -1.000000e+00  0  0.3900  7.512642e+12  0.000000e+00  0.000000e+00  1.501593e-01 -5.852002e+01  5.701358e+00  1  0.3900  1.323804e+11  0.000000e+00  0.000000e+00  4.706571e-01 -1.227080e+02  2.118387e-01  2  0.3900  3.533055e+00  0.000000e+00  0.000000e+00  1.173352e-01  9.224485e+01  0.000000e+00 
5  7.850626e-01  1.258005e+00  4.716400e+04  6.891719e-01 6 -1.000000e+00  1.582256e+00 3  10.1926 -9.514928e-02 -5.596858e-02 -1 -1.0000 -1.000000e+00 -1.000000e+00 -1.000000e+00 -1.000000e+00 -1.000000e+00 -1.000000e+00 -1 -1.0000 -1.000000e+00 -1.000000e+00 -1.000000e+00 -1.000000e+00 -1.000000e+00 -1.000000e+00  0  0.2830  2.508995e+12  0.000000e+00  0.000000e+00  1.470787e-01  9.624079e+00  4.841425e+00  1  0.2830  8.213522e+10  0.000000e+00  0.000000e+00  3.732889e-01 -4.212347e+01  4.625119e-01  2  0.2830  1.019263e+01  0.000000e+00  0.000000e+00  9.509856e-02  1.454684e+02  0.000000e+00 
1  3.884922e-01  7.176828e-01  4.161800e+04  1.710721e-01 0  2.936786e-01  7.176828e-01 2   8.0261  2.239386e-01 -2.875865e-01  0  0.4220  1.013373e+11  0.000000e+00  0.000000e+00  9.563154e-02 -7.962968e+01  3.827870e+01  1  0.4220  7.195982e+08  0.000000e+00  0.000000e+00  4.286257e-01 -1.290732e+02  1.615828e-01  2  0.4220  3.840038e+11  6.869932e-01 -1.396129e+00  2.233078e-01  1.573295e+02  7.852591e+00  3  0.4220  1.310154e+10  6.869932e-01 -1.396129e+00  5.300030e-01  1.841258e+02  1.333747e-01  4  0.4220  8.026114e+00  0.000000e+00  0.000000e+00  7.901968e-02  1.050216e+02  0.000000e+00 
3  3.599193e-01  1.908281e-01  3.309700e+04  3.017979e-01 6 -1.000000e+00  4.472145e-01 1   4.5399 -1.257513e-01  2.507775e-01 -1 -1.0000 -1.000000e+00 -1.000000e+00 -1.000000e+00 -1.000000e+00 -1.000000e+00 -1.000000e+00 -1 -1.0000 -1.000000e+00 -1.000000e+00 -1.000000e+00 -1.000000e+00 -1.000000e+00 -1.000000e+00  0  0.9350  8.133190e+11  0.000000e+00  0.000000e+00  3.238749e-02  1.522305e+02  5.203314e+00  1  0.9350  1.929075e+10  0.000000e+00  0.000000e+00  5.014669e-01  1.196952e+02  7.367767e-02  2  0.9350  4.539920e+00  0.000000e+00  0.000000e+00  1.770260e-01 -2.728828e+01  0.000000e+00 
5  1.554253e+00  3.338707e+00  3.743800e+04  1.196869e+00 6 -1.000000e+00  5.888881e+00 3   5.5714  1.434263e-01 -1.069950e-01 -1 -1.0000 -1.000000e+00 -1.000000e+00 -1.000000e+00 -1.000000e+00 -1.000000e+00 -1.000000e+00 -1 -1.0000 -1.000000e+00 -1.000000e+00 -1.000000e+00 -1.000000e+00 -1.000000e+00 -1.000000e+00  0  0.5970  2.810425e+13  0.000000e+00  0.000000e+00  2.239486e-01 -1.603348e+02  3.077462e+00  1  0.5970  2.685502e+11  0.000000e+00  0.000000e+00  2.771911e-01 -1.414387e+02  6.457723e-01  2  0.5970  5.571423e+00  0.000000e+00  0.000000e+00  4.132784e-02 -1.419235e+02  0.000000e+00 
3  2.025663e+00  4.342326e+00  4.021300e+04  2.117772e-01 6  3.155820e-01  4.569426e+00 3   6.9386 -2.737436e-01 -9.536226e-01  0  0.7190  1.037629e+11  0.000000e+00  0.000000e+00  1.765272e-01 -1.048520e+02  2.811830e+01  1  0.7190  9.888105e+08  0.000000e+00  0.000000e+00  1.506093e-01 -1.377366e+02  2.446961e-01  2  0.7190  5.097362e+12 -3.513238e-01 -1.603525e+00  2.373764e-01 -1.691588e+02  6.219983e+00  3  0.7190  1.125078e+11 -3.513238e-01 -1.603525e+00  1.019698e-01 -1.581236e+02  9.582622e-02  4  0.7190  6.938559e+00  0.000000e+00  0.000000e+00  7.086852e-02  1.065292e+01  0.000000e+00 
5  1.177486e+00  2.586395e+00  4.974100e+04  3.826278e+00 6  2.689445e-01  4.168782e+00 3  12.3517  1.001964e+01  3.714568e+00  0  1.0240  2.450198e+13  0.000000e+00  0.000000e+00  3.583790e-01  1.477597e+02  7.955475e+00  1  1.0240  9.210219e+10  0.000000e+00  0.000000e+00  1.967180e-01  1.756179e+02  1.271321e-01  2  1.0240  2.504799e+14  4.087228e+01  1.504863e+01  3.523048e-01  1.016155e+02  3.062962e+00  3  1.0240  4.571543e+11  4.087228e+01  1.504863e+01  3.814675e-01  7.968537e+01  3.327148e-01  4  1.0240  1.235168e+01  0.000000e+00  0.000000e+00  9.689550e-02 -1.712727e+02  0.000000e+00 
5  2.684954e+00  4.157474e+00  3.269900e+04  6.289999e-01 6 -1.000000e+00  7.939355e+00 3   4.4427 -6.021900e-02  6.021461e-02 -1 -1.0000 -1.000000e+00 -1.000000e+00 -1.000000e+00 -1.000000e+00 -1.000000e+00 -1.000000e+00 -1 -1.0000 -1.000000e+00 -1.000000e+00 -1.000000e+00 -1.000000e+00 -1.000000e+00 -1.000000e+00  0  1.0630  2.147313e+12  0.000000e+00  0.000000e+00  3.991321e-01  9.150130e+01  4.142259e+00  1  1.0630  9.831257e+10  0.000000e+00  0.000000e+00  4.397184e-02  1.409716e+02  1.368739e-01  2  1.0630  4.442731e+00  0.000000e+00  0.000000e+00  9.290264e-02  1.189980e+02  0.000000e+00 
3  7.792105e-01  9.423627e-01  4.760800e+04  1.442519e+00 6 -1.000000e+00  1.393794e+00 3  10.0380  4.313125e-01  5.558633e-01 -1 -1.0000 -1.000000e+00 -1.000000e+00 -1.000000e+00 -1.000000e+00 -1.000000e+00 -1.000000e+00 -1 -1.0000 -1.000000e+00 -1.000000e+00 -1.000000e+00 -1.000000e+00 -1.000000e+00 -1.000000e+00  0  0.3700  1.641524e+13  0.000000e+00  0.000000e+00  1.873636e-01 -6.036089e+01  7.232291e+00  1  0.3700  1.455200e+11  0.000000e+00  0.000000e+00  1.106377e-01 -2.696985e+01  5.707620e-01  2  0.3700  1.003801e+01  0.000000e+00  0.000000e+00  1.244741e-01  3.832223e+01  0.000000e+00 
3  5.018879e-01  2.088887e-01  4.921000e+04  1.626429e+00 6 -1.000000e+00  9.611583e-01 2  11.6068  8.416566e-01  1.023426e+00 -1 -1.0000 -1.000000e+00 -1.000000e+00 -1.000000e+00 -1.000000e+00 -1.000000e+00 -1.000000e+00 -1 -1.0000 -1.000000e+00 -1.000000e+00 -1.000000e+00 -1.000000e+00 -1.000000e+00 -1.000000e+00  0  0.6860  6.794232e+13  0.000000e+00  0.000000e+00  3.468614e-01 -5.207031e+01  2.084762e+00  1  0.6860  2.302317e+11  0.000000e+00  0.000000e+00  2.465763e-01 -1.274237e+02  1.897775e-01  2  0.6860  1.160681e+01  0.000000e+00  0.000000e+00  5.295863e-02 -6.242144e+01  0.000000e+00 
2  5.588823e+00  7.438507e-01  2.852800e+04  1.887740e+00 6 -1.000000e+00  1.033771e+01 2   3.6774 -1.939309e+00 -3.163276e-01 -1 -1.0000 -1.000000e+00 -1.000000e+00 -1.000000e+00 -1.000000e+00 -1.000000e+00 -1.000000e+00 -1 -1.0000 -1.000000e+00 -1.000000e+00 -1.000000e+00 -1.000000e+00 -1.000000e+00 -1.000000e+00  0  1.0860  3.540416e+13  0.000000e+00  0.000000e+00  2.133052e-01 -5.510086e+01  5.402491e+00  1  1.0860  1.686144e+11  0.000000e+00  0.000000e+00  1.581909e-01 -5.828651e+01  5.404628e-02  2  1.0860  3.677419e+00  0.000000e+00  0.000000e+00  1.054741e-01  1.102759e+02  0.000000e+00 
3  3.324767e+00  1.538519e+00  2.859500e+04  7.030158e-01 6 -1.000000e+00  4.465841e+00 1   3.6701 -5.157584e-01 -3.346109e-01 -1 -1.0000 -1.000000e+00 -1.000000e+00 -1.000000e+00 -1.000000e+00 -1.000000e+00 -1.000000e+00 -1 -1.0000 -1.000000e+00 -1.000000e+00 -1.000000e+00 -1.000000e+00 -1.000000e+00 -1.000000e+00  0  1.2470  3.930671e+12  0.000000e+00  0.000000e+00  2.622479e-01  7.224121e+01  6.389229e+00  1  1.2470  8.262345e+10  0.000000e+00  0.000000e+00  2.008915e-02  4.205197e+01  4.321860e-02  2  1.2470  3.670070e+00  0.000000e+00  0.000000e+00  8.343509e-02  5.966238e+01  0.000000e+00 
1  1.143566e+00  4.046663e+00  4.871500e+04  1.062372e+01 0 -1.000000e+00  4.046663e+00 2  13.0433  3.570628e+00  1.759666e+00 -1 -1.0000 -1.000000e+00 -1.000000e+00 -1.000000e+00 -1.000000e+00 -1.000000e+00 -1.000000e+00 -1 -1.0000 -1.000000e+00 -1.000000e+00 -1.000000e+00 -1.000000e+00 -1.000000e+00 -1.000000e+00  0  0.2880  1.409579e+14  0.000000e+00  0.000000e+00  4.482601e-01 -7.900094e+01  9.761125e+00  1  0.2880  4.728043e+11  0.000000e+00  0.000000e+00  1.972074e-01 -9.838871e+01  1.048386e+00  2  0.2880  1.304326e+01  0.000000e+00  0.000000e+00  9.944842e-02  1.737407e+02  0.000000e+00 
3  6.107400e+00  5.270749e+00  1.860900e+04  7.345955e-01 6 -1.000000e+00  7.106856e+00 1   2.3708 -1.178794e-01  4.739460e-01 -1 -1.0000 -1.000000e+00 -1.000000e+00 -1.000000e+00 -1.000000e+00 -1.000000e+00 -1.000000e+00 -1 -1.0000 -1.000000e+00 -1.000000e+00 -1.000000e+00 -1.000000e+00 -1.000000e+00 -1.000000e+00  0  0.5920  1.133388e+12  0.000000e+00  0.000000e+00  2.002368e-01 -7.739749e+01  5.510990e+00  1  0.5920  5.230541e+10  0.000000e+00  0.000000e+00  8.776846e-01 -7.948827e+01  1.626551e-01  2  0.5920  2.370792e+00  0.000000e+00  0.000000e+00  1.318990e-01  1.406040e+02  0.000000e+00 
3  2.353069e+00  1.651390e+00  3.036100e+04  1.575353e-01 6 -1.000000e+00  3.097662e+00 1   3.8180 -1.153251e-01  8.984446e-02 -1 -1.0000 -1.000000e+00 -1.000000e+00 -1.000000e+00 -1.000000e+00 -1.000000e+00 -1.000000e+00 -1 -1.0000 -1.000000e+00 -1.000000e+00 -1.000000e+00 -1.000000e+00 -1.000000e+00 -1.000000e+00  0  1.9030  1.002047e+12  0.000000e+00  0.000000e+00  1.785998e-01  1.704410e+02  3.033917e+00  1  1.9030  2.405324e+10  0.000000e+00  0.000000e+00  4.829122e-01  1.853600e+02  3.370882e-02  2  1.9030  3.817981e+00  0.000000e+00  0.000000e+00  5.146339e-02 -7.486858e+01  0.000000e+00 
1  1.918905e+00  3.454919e+00  4.304900e+04  1.126807e+01 0  2.755489e-01  3.454919e+00 2   7.2673 -3.332730e+00  1.051126e+01  0  0.4910  7.890740e+13  0.000000e+00  0.000000e+00  2.507452e-01 -1.606770e+01  1.528966e+01  1  0.4910  2.286568e+11  0.000000e+00  0.000000e+00  3.921982e-01  1.458937e+01  4.528114e-01  2  0.4910  4.443357e+14  3.330295e+01  5.291107e+01  1.681640e-01  1.165355e+02  3.175892e+00  3  0.4910  8.424697e+11  3.330295e+01  5.291107e+01  3.042349e-01  9.688135e+01  9.178015e-01  4  0.4910  7.267252e+00  0.000000e+00  0.000000e+00  1.787785e-01 -9.491441e+01  0.000000e+00 
3  1.925774e+00  8.234866e-01  2.234900e+04  8.371913e-01 6 -1.000000e+00  2.524671e+00 1   2.7811  4.632311e-01  6.637411e-01 -1 -1.0000 -1.000000e+00 -1.000000e+00 -1.000000e+00 -1.000000e+00 -1.000000e+00 -1.000000e+00 -1 -1.0000 -1.000000e+00 -1.000000e+00 -1.000000e+00 -1.000000e+00 -1.000000e+00 -1.000000e+00  0  0.4140  1.676659e+12  0.000000e+00  0.000000e+00  2.535492e-01  9.401591e+01  1.485396e+01  1  0.4140  4.846391e+10  0.000000e+00  0.000000e+00  5.506961e-01  5.701910e+01  1.050701e-01  2  0.4140  2.781065e+00  0.000000e+00  0.000000e+00  2.294661e-02 -1.097725e+02  0.000000e+00 
3  9.126564e-01  1.028172e+00  4.638300e+04  5.378921e-01 6 -1.000000e+00  1.440050e+00 1   9.5563  1.592520e-01 -1.394231e-01 -1 -1.0000 -1.000000e+00 -1.000000e+00 -1.000000e+00 -1.000000e+00 -1.000000e+00 -1.000000e+00 -1 -1.0000 -1.000000e+00 -1.000000e+00 -1.000000e+00 -1.000000e+00 -1.000000e+00 -1.000000e+00  0  1.3800  2.180196e+12  0.000000e+00  0.000000e+00  3.072604e-01 -1.213842e+02  3.553351e+00  1  1.3800  6.915345e+10  0.000000e+00  0.000000e+00  1.786280e-01 -1.817636e+02  6.359628e-02  2  1.3800  9.556316e+00  0.000000e+00  0.000000e+00  1.260757e-01  1.629328e+02  0.000000e+00 
3  9.568956e-01  9.565351e-01  4.386800e+04  5.763546e-01 6 -1.000000e+00  1.490563e+00 1   9.0515  1.060872e-01 -2.431044e-01 -1 -1.0000 -1.000000e+00 -1.000000e+00 -1.000000e+00 -1.000000e+00 -1.000000e+00 -1.000000e+00 -1 -1.0000 -1.000000e+00 -1.000000e+00 -1.000000e+00 -1.000000e+00 -1.000000e+00 -1.000000e+00  0  2.5040  2.521642e+12  0.000000e+00  0.000000e+00  1.500122e-01 -8.502289e+01  4.233901e+00  1  2.5040  5.439160e+10  0.000000e+00  0.000000e+00  2.425728e-01 -1.092479e+02  2.985451e-02  2  2.5040  9.051466e+00  0.000000e+00  0.000000e+00  3.435941e-02 -7.116122e+01  0.000000e+00 
3  2.920273e+00  1.777688e+00  3.520700e+04  1.134363e+00 6 -1.000000e+00  5.111922e+00 3   4.9941 -1.967941e-01  6.840684e-01 -1 -1.0000 -1.000000e+00 -1.000000e+00 -1.000000e+00 -1.000000e+00 -1.000000e+00 -1.000000e+00 -1 -1.0000 -1.000000e+00 -1.000000e+00 -1.000000e+00 -1.000000e+00 -1.000000e+00 -1.000000e+00  0  0.9570  1.099392e+13  0.000000e+00  0.000000e+00  4.026602e-01 -1.112789e+02  5.641369e+00  1  0.9570  1.069385e+11  0.000000e+00  0.000000e+00  2.517936e-01 -5.812171e+01  1.715364e-01  2  0.9570  4.994135e+00  0.000000e+00  0.000000e+00  9.770152e-02 -7.990369e+00  0.000000e+00 
3  1.886305e+00  3.876318e-01  3.528100e+04  3.829996e+00 6 -1.000000e+00  3.797553e+00 2   5.0086 -1.966356e-01  2.692498e+00 -1 -1.0000 -1.000000e+00 -1.000000e+00 -1.000000e+00 -1.000000e+00 -1.000000e+00 -1.000000e+00 -1 -1.0000 -1.000000e+00 -1.000000e+00 -1.000000e+00 -1.000000e+00 -1.000000e+00 -1.000000e+00  0  1.0080  1.177640e+14  0.000000e+00  0.000000e+00  8.048469e-03 -4.456601e+01  3.998660e+00  1  1.0080  3.968840e+11  0.000000e+00  0.000000e+00  1.844656e-01 -5.964994e+00  2.006091e-01  2  1.0080  5.008595e+00  0.000000e+00  0.000000e+00  6.964326e-02  1.529773e+02  0.000000e+00 
3  2.801161e+00  1.812934e+00  3.543300e+04  2.692272e-01 6 -1.000000e+00  3.367282e+00 1   5.5168  1.376982e-01  2.091505e-01 -1 -1.0000 -1.000000e+00 -1.000000e+00 -1.000000e+00 -1.000000e+00 -1.000000e+00 -1.000000e+00 -1 -1.0000 -1.000000e+00 -1.000000e+00 -1.000000e+00 -1.000000e+00 -1.000000e+00 -1.000000e+00  0  1.2240  9.243389e+11  0.000000e+00  0.000000e+00  5.212586e-01 -1.155688e+02  3.691060e+00  1  1.2240  2.333775e+10  0.000000e+00  0.000000e+00  4.736940e-01 -1.385961e+02  4.460604e-02  2  1.2240  5.516790e+00  0.000000e+00  0.000000e+00  1.553604e-01 -7.938161e+01  0.000000e+00 
1  2.687083e+00  5.487932e+00  3.280300e+04  5.513439e+00 0 -1.000000e+00  5.487932e+00 2   4.4666  5.549329e+00 -1.779745e+00 -1 -1.0000 -1.000000e+00 -1.000000e+00 -1.000000e+00 -1.000000e+00 -1.000000e+00 -1.000000e+00 -1 -1.0000 -1.000000e+00 -1.000000e+00 -1.000000e+00 -1.000000e+00 -1.000000e+00 -1.000000e+00  0  1.2950  8.464887e+13  0.000000e+00  0.000000e+00  2.590939e-01 -1.106152e+02  6.552252e+00  1  1.2950  2.191589e+11  0.000000e+00  0.000000e+00  6.285758e-01 -1.107963e+02  6.505988e-02  2  1.2950  4.466611e+00  0.000000e+00  0.000000e+00  1.047414e-01  8.042767e+01  0.000000e+00 
3  1.077357e+01  5.361900e+00  1.671700e+04  3.633495e-01 6 -1.000000e+00  1.289968e+01 1   2.1572 -3.417359e-01  3.265661e-01 -1 -1.0000 -1.000000e+00 -1.000000e+00 -1.000000e+00 -1.000000e+00 -1.000000e+00 -1.000000e+00 -1 -1.0000 -1.000000e+00 -1.000000e+00 -1.000000e+00 -1.000000e+00 -1.000000e+00 -1.000000e+00  0  0.9350  2.107802e+12  0.000000e+00  0.000000e+00  4.449472e-01  1.379441e+02  6.483596e+00  1  0.9350  5.907287e+10  0.000000e+00  0.000000e+00  4.390843e-01  1.835498e+02  5.419288e-02  2  0.9350  2.157244e+00  0.000000e+00  0.000000e+00  9.736559e-02 -6.810140e+01  0.000000e+00 
1  1.650774e+00  3.706605e+00  4.107400e+04  3.940449e+00 0 -1.000000e+00  3.706605e+00 2   6.8614  4.003295e+00  7.553943e-01 -1 -1.0000 -1.000000e+00 -1.000000e+00 -1.000000e+00 -1.000000e+00 -1.000000e+00 -1.000000e+00 -1 -1.0000 -1.000000e+00 -1.000000e+00 -1.000000e+00 -1.000000e+00 -1.000000e+00 -1.000000e+00  0  1.4930  8.071454e+13  0.000000e+00  0.000000e+00  2.851613e-01  8.659329e+01  3.962258e+00  1  1.4930  1.437936e+11  0.000000e+00  0.000000e+00  2.358445e-02  4.380589e+01  6.167254e-02  2  1.4930  6.861425e+00  0.000000e+00  0.000000e+00  1.600386e-01  9.908354e+01  0.000000e+00 
1  1.881950e+00  3.554935e+00  3.077000e+04  5.519950e-03 0 -1.000000e+00  3.554935e+00 2   4.0375 -4.280121e-03  1.017699e-02 -1 -1.0000 -1.000000e+00 -1.000000e+00 -1.000000e+00 -1.000000e+00 -1.000000e+00 -1.000000e+00 -1 -1.0000 -1.000000e+00 -1.000000e+00 -1.000000e+00 -1.000000e+00 -1.000000e+00 -1.000000e+00  0  0.8310  5.754127e+10  0.000000e+00  0.000000e+00  8.775836e-02 -1.584360e+02  9.644561e+00  1  0.8310  1.902334e+08  0.000000e+00  0.000000e+00  2.695961e-01 -1.594916e+02  5.667443e-02  2  0.8310  4.037497e+00  0.000000e+00  0.000000e+00  1.391904e-01  1.700328e+02  0.000000e+00 
3  3.795103e+00  1.992125e+00  3.087500e+04  4.866131e-01 6 -1.000000e+00  4.488231e+00 1   4.2073  3.271280e-01 -2.899522e-01 -1 -1.0000 -1.000000e+00 -1.000000e+00 -1.000000e+00 -1.000000e+00 -1.000000e+00 -1.000000e+00 -1 -1.0000 -1.000000e+00 -1.000000e+00 -1.000000e+00 -1.000000e+00 -1.000000e+00 -1.000000e+00  0  0.4770  7.838449e+11  0.000000e+00  0.000000e+00  3.234725e-01 -8.454896e+01  6.150542e+00  1  0.4770  3.019982e+10  0.000000e+00  0.000000e+00  2.625041e-01 -6.532698e+01  1.052371e-01  2  0.4770  4.207305e+00  0.000000e+00  0.000000e+00  9.258365e-02  1.426400e+02  0.000000e+00 
3  1.576776e+00  4.109346e+00  4.129800e+04  2.920081e+00 6 -1.000000e+00  5.376887e+00 3   6.6273  2.118771e-01 -3.460032e-01 -1 -1.0000 -1.000000e+00 -1.000000e+00 -1.000000e+00 -1.000000e+00 -1.000000e+00 -1.000000e+00 -1 -1.0000 -1.000000e+00 -1.000000e+00 -1.000000e+00 -1.000000e+00 -1.000000e+00 -1.000000e+00  0  0.1740  1.566910e+14  0.000000e+00  0.000000e+00  3.042663e-01 -4.549208e+01  5.684023e+00  1  0.1740  6.979062e+11  0.000000e+00  0.000000e+00  4.826102e-01 -7.923797e+01  5.324182e+00  2  0.1740  6.627255e+00  0.000000e+00  0.000000e+00  1.055933e-01 -1.266330e+02  0.000000e+00 
3  4.122427e+00  2.005067e+00  2.170200e+04  5.501404e-01 6 -1.000000e+00  5.412064e+00 1   2.7327 -3.117314e-01  4.184980e-01 -1 -1.0000 -1.000000e+00 -1.000000e+00 -1.000000e+00 -1.000000e+00 -1.000000e+00 -1.000000e+00 -1 -1.0000 -1.000000e+00 -1.000000e+00 -1.000000e+00 -1.000000e+00 -1.000000e+00 -1.000000e+00  0  1.1790  4.020530e+12  0.000000e+00  0.000000e+00  4.193758e-01  6.816571e+01  5.764133e+00  1  1.1790  9.603077e+10  0.000000e+00  0.000000e+00  3.167441e-01  1.420012e+02  1.276128e-01  2  1.1790  2.732661e+00  0.000000e+00  0.000000e+00  1.311835e-01  9.270321e+01  0.000000e+00 
3  1.122499e+00  5.577889e-01  3.885800e+04  1.849864e-01 6 -1.000000e+00  1.490294e+00 1   6.4503  1.423642e-01 -2.661462e-02 -1 -1.0000 -1.000000e+00 -1.000000e+00 -1.000000e+00 -1.000000e+00 -1.000000e+00 -1.000000e+00 -1 -1.0000 -1.000000e+00 -1.000000e+00 -1.000000e+00 -1.000000e+00 -1.000000e+00 -1.000000e+00  0  1.8680  6.601830e+11  0.000000e+00  0.000000e+00  2.850481e-01  6.832411e+01  3.518852e+00  1  1.8680  1.078672e+10  0.000000e+00  0.000000e+00  3.723456e-01  5.707560e+01  3.960236e-02  2  1.8680  6.450324e+00  0.000000e+00  0.000000e+00  1.303107e-01 -1.699491e+02  0.000000e+00 
3  1.229168e+00  7.364719e-01  4.193000e+04  7.703521e-01 6  2.718625e-01  2.016283e+00 1   8.0366 -3.495477e-01  5.734954e-02  0  1.8080  1.826984e+12  0.000000e+00  0.000000e+00  2.204897e-01  5.128936e+01  1.113124e+01  1  1.8080  5.151881e+10  0.000000e+00  0.000000e+00  4.382511e-01  5.420989e+01  4.957508e-02  2  1.8080  3.450098e+12 -8.336848e+00  1.323787e+01  1.223238e-02 -1.712964e+02  4.122786e+00  3  1.8080  7.227520e+10 -8.336848e+00  1.323787e+01  2.930186e-01 -1.956214e+02  9.097870e-02  4  1.8080  8.036632e+00  0.000000e+00  0.000000e+00  4.865114e-02  1.654009e+02  0.000000e+00 
