# num_image x_src y_src, sep, ein, fr, zs, fs, flag_out, frac_sh_trunc
# x_img, y_img, mag, delay, n_i, kappa, gamma1, gamma2, kappa*
# zmin, zmax, log10Mhmin, log10Mhmax, log10mshmin, log10mshmax, n_bins: 0.10, 3.00, 10.00, 16.00, 9.00, 16.00, 100
3  1.403927e-01 -7.332661e-01  2.356837e+00  1.189014e+00  2.060704e-01  4.450267e+00 6 1 -1.000000e+00
 4.218440e-01 -1.867969e+00  2.180121e+00  0.000000e+00  0.000000e+00  3.081431e-01  1.334123e-01  4.665873e-02  3.448886e-03
-1.010200e-01  4.301381e-01 -4.492585e-01  2.879639e+02  5.000000e-01  7.442378e-01  1.406542e+00  5.594132e-01  1.961987e-01
-1.873315e-03  5.416935e-03  1.264345e-04  3.272419e+02  1.000000e+00  9.119931e+01  1.465563e+00  1.498454e+01  8.990838e+01
3 -1.710292e-01 -4.244598e-02  4.331109e-01  1.996341e-01  1.310471e-01  5.653865e+00 6 1 -1.000000e+00
-3.522406e-01 -8.015392e-02  1.996525e+00  0.000000e+00  0.000000e+00  2.494494e-01 -2.173377e-01 -1.233703e-01  2.499810e-02
 7.015245e-02  1.560195e-02 -2.616387e-01  1.594292e+01  5.000000e-01  1.425380e+00 -1.788594e+00 -8.966295e-01  1.043278e+00
 9.264174e-03  1.973188e-03  7.279385e-03  1.638645e+01  1.000000e+00  1.385477e+01 -4.902425e+00 -1.958870e+00  1.327240e+01
3  1.224867e-01 -5.952065e-02  4.487460e-01  2.383907e-01  1.828461e-01  2.833084e+00 6 3 -1.000000e+00
 3.525690e-01 -6.842633e-02  3.272780e+00  0.000000e+00  0.000000e+00  2.878659e-01 -4.422213e-01  7.761844e-02  1.519249e-01
-7.887305e-02  5.498654e-02 -5.984152e-01  6.686925e+00  5.000000e-01  2.388566e+00 -6.904695e-01  1.767045e+00  2.181443e+00
-3.481572e-02  2.405012e-02  1.807158e-01  6.717234e+00  1.000000e+00  4.858813e+00 -9.588492e-01  2.904737e+00  4.607012e+00
1 -2.174822e+00  1.702584e+00  0.000000e+00  1.540129e+00  0.000000e+00  1.256727e+01 0 2 -1.000000e+00
-2.951031e+00  2.884072e+00  4.138429e+00  0.000000e+00  0.000000e+00  3.878255e-01 -6.189152e-02  3.595685e-01  1.425356e-03
3  3.452935e-01 -2.747354e-01  1.333222e+00  6.438993e-01  1.495423e-01  3.589919e+00 6 1 -1.000000e+00
 5.640315e-01 -8.412735e-01  1.633813e+00  0.000000e+00  0.000000e+00  1.837115e-01 -5.196532e-03  2.328833e-01  1.507011e-02
-2.990538e-01  1.748790e-01 -2.443240e-01  1.717931e+02  5.000000e-01  7.037572e-01 -1.141735e+00  1.696209e+00  4.357835e-01
-1.475940e-03  1.047317e-03  1.444659e-05  2.321428e+02  1.000000e+00  2.896534e+02 -4.769292e+01  1.087461e+02  2.889667e+02
2 -6.538830e-01  4.295407e+00  5.608534e+00  2.949332e+00  9.495626e-01  1.075542e+01 6 3  2.661802e-01
-1.974730e+00  3.380117e-01 -3.228267e+00  1.498206e+03  5.000000e-01  9.481302e-01 -5.344488e-01  1.637641e-01  9.378924e-04
 2.989736e+00  2.947556e+00  3.065442e+00  0.000000e+00  0.000000e+00  4.007310e-01 -8.119726e-02 -1.622131e-01  8.283382e-05
3  1.955772e-01 -2.995278e-01  8.579937e-01  3.647249e-01  1.057306e-01  6.440451e+00 6 1 -1.000000e+00
 4.230903e-01 -6.223803e-01  1.771789e+00  0.000000e+00  0.000000e+00  2.308626e-01  1.015634e-01  1.298303e-01  2.620817e-02
-1.767165e-02  2.325860e-02  1.763307e-02  5.848347e+01  1.000000e+00  1.101913e+01  1.573930e+00  6.418268e+00  1.038217e+01
-6.374560e-02  8.412095e-02 -1.873324e-01  5.810103e+01  5.000000e-01  2.544813e+00  8.171089e-01  2.656480e+00  2.081262e+00
3 -3.187311e+00  1.664745e+00  2.829006e+00  1.237545e+00  3.085651e-01  2.173869e+00 6 1  2.814580e-01
-2.306361e+00  1.896308e-01  2.510090e+00  0.000000e+00  0.000000e+00  3.482681e-01 -1.618597e-01  1.280048e-02  3.036481e-03
 5.224909e-01  1.600754e-01 -7.745260e-01  2.247564e+02  5.000000e-01  9.225355e-01 -8.217212e-01 -7.885983e-01  1.363465e-01
 7.288704e-03  2.266065e-04  1.871087e-04  2.506261e+02  1.000000e+00  7.602376e+01 -1.653429e+01  3.270113e+00  7.380741e+01
3 -5.770682e-03  6.929186e-02  1.012758e+00  6.029416e-01  7.088304e-01  3.625295e+00 6 3 -1.000000e+00
-1.825999e-01  5.881519e-01  3.609174e+00  0.000000e+00  0.000000e+00  3.116296e-01  3.970875e-01  1.977464e-01  3.930354e-02
-2.077633e-01 -4.242939e-01 -5.091732e+00  1.696389e+01  5.000000e-01  3.597656e-01  4.429204e-01 -6.404049e-01  7.429444e-02
 6.414280e-05 -4.026122e-04  5.481055e-05  5.920257e+01  1.000000e+00  1.364486e+02 -3.598124e+00  9.418944e+00  1.354263e+02
3 -4.532983e-01  2.070295e-01  2.073882e+00  1.059024e+00  1.950155e-01  1.234852e+01 6 1 -1.000000e+00
-1.603978e+00 -1.335750e-01  2.982355e+00  0.000000e+00  0.000000e+00  3.506921e-01 -2.797151e-01  8.974830e-02  3.827158e-03
 4.648382e-01 -2.784458e-01 -5.816055e-01  1.467968e+02  5.000000e-01  8.410975e-01 -4.923599e-01  1.225647e+00  4.671696e-02
 9.881249e-04 -2.570223e-04  6.947035e-06  2.000015e+02  1.000000e+00  3.868557e+02 -6.173417e+01 -3.357344e+01  3.831391e+02
1  2.133101e+00  1.280399e-01  0.000000e+00  1.149252e+00  0.000000e+00  6.241642e+00 0 2  2.820704e-01
-2.059882e+00  1.895120e-01  3.552403e+00  0.000000e+00  0.000000e+00  3.063008e-01 -4.468952e-01 -1.939487e-03  3.630234e-03
1 -3.699441e-01  3.330423e-01  0.000000e+00  3.344927e-01  0.000000e+00  1.562750e+01 0 2 -1.000000e+00
-4.237147e-01  6.270810e-01  3.029476e+00  0.000000e+00  0.000000e+00  3.188447e-01 -1.648689e-02  3.655279e-01  4.367418e-03
3  4.380328e-01 -9.562614e-02  1.160958e+00  5.238602e-01  1.210467e-01  8.058464e+00 6 1 -1.000000e+00
 8.784004e-01 -3.253419e-01  1.798343e+00  0.000000e+00  0.000000e+00  2.227319e-01 -1.951563e-01  9.996108e-02  1.221641e-02
-2.224977e-01  4.323054e-02 -2.176835e-01  3.940855e+01  5.000000e-01  9.568384e-01 -2.037646e+00  6.660992e-01  4.973509e-01
-4.523576e-03  1.184483e-03  1.643179e-04  4.440253e+01  1.000000e+00  8.284647e+01 -2.045702e+01  1.394960e+01  8.166569e+01
3  1.260291e-01 -2.120573e-02  1.014407e+00  5.494059e-01  5.823293e-01  7.809690e+00 6 1 -1.000000e+00
-3.167862e-01  1.759204e-01 -1.520402e+00  1.763145e+01  5.000000e-01  6.886963e-01 -2.874500e-01  8.197580e-01  1.787998e-01
 6.972176e-01  2.045159e-01  2.610898e+00  0.000000e+00  0.000000e+00  3.494579e-01 -1.918566e-01 -5.818902e-02  3.330073e-02
-4.417679e-03  6.894987e-04  1.464675e-03  2.502344e+01  1.000000e+00  2.824069e+01 -7.384059e+00  2.187522e+00  2.625697e+01
3 -9.703744e-03 -1.362313e+00  3.005961e+00  1.242763e+00  2.441738e-02  1.484825e+01 6 2 -1.000000e+00
-5.426795e-01 -2.763702e+00  4.543356e+00  0.000000e+00  0.000000e+00  4.342636e-01  3.160955e-01 -6.300218e-03  5.438238e-03
 2.858697e-02  9.467355e-02  3.143031e-02  4.049133e+02  1.000000e+00  1.046479e+01  6.449913e+00 -4.020516e+00  9.179740e+00
 4.822220e-02  1.836085e-01 -1.109368e-01  4.046978e+02  5.000000e-01  4.629224e+00  4.444877e+00 -1.558356e+00  3.513621e+00
3  8.252649e-01  3.298621e-01  3.925735e+00  1.558890e+00  2.352278e-01  4.476836e+00 6 3 -1.000000e+00
 3.072432e+00  1.536569e+00  3.557202e+00  0.000000e+00  0.000000e+00  4.533991e-01 -9.774579e-02 -8.999124e-02  8.607319e-04
-4.664271e-01 -1.628048e-01 -8.367528e-01  9.659417e+02  5.000000e-01  1.206850e+00 -8.898202e-01 -6.679094e-01  1.810591e-01
-1.529891e-02 -5.680095e-03  8.649543e-04  1.001112e+03  1.000000e+00  3.593967e+01 -6.474115e+00 -4.768180e+00  3.386616e+01
3 -1.747826e-01  3.034634e-01  1.610008e+00  7.905536e-01  4.042128e-01  9.008231e+00 6 1 -1.000000e+00
 1.342985e-01 -4.948720e-01 -7.514598e-01  2.273095e+01  5.000000e-01  5.307906e-01  1.142620e+00  4.952970e-01  2.409084e-01
-9.293108e-01  7.137893e-01  1.859070e+00  0.000000e+00  0.000000e+00  2.244678e-01  6.147156e-02  2.444750e-01  2.970868e-02
 2.543568e-03 -4.427540e-03  3.400158e-04  3.146331e+01  1.000000e+00  5.582922e+01  4.162324e+00  6.919415e+00  5.496629e+01
3 -3.143183e-01 -1.623060e-01  1.866208e+00  9.122989e-01  3.482569e-01  6.420939e+00 6 1 -1.000000e+00
-1.011349e+00 -1.142672e+00  2.119200e+00  0.000000e+00  0.000000e+00  3.091022e-01 -7.369798e-02  5.687022e-03  3.789613e-03
 4.165975e-01  5.887032e-02 -7.380261e-01  1.314826e+02  5.000000e-01  9.658489e-01 -1.159000e+00 -1.133591e-01  2.816675e-01
 7.255718e-03  2.352262e-03  5.525736e-04  1.500788e+02  1.000000e+00  4.768756e+01 -1.772783e+01 -7.465817e+00  4.562071e+01
2 -1.520873e-01  6.168056e-03  9.598375e-01  5.529308e-01  4.999171e-01  7.043795e+00 6 3 -1.000000e+00
 3.585687e-01  1.745863e-02 -1.529397e+00  3.643502e+01  5.000000e-01  4.527411e-01 -9.711161e-01 -1.013831e-01  5.503753e-02
-5.998044e-01  7.045964e-02  3.059300e+00  0.000000e+00  0.000000e+00  3.045910e-01 -3.847686e-01  9.313787e-02  1.065688e-02
2 -1.596508e+00 -2.144599e+00  1.011703e-02  4.910385e-01  2.003616e-01  1.699797e+01 6 1  2.747855e-01
 2.432994e-03  7.561378e-03  6.413137e-05  1.259628e-01  1.000000e+00  1.840390e+02  1.087034e+02 -7.806307e+01  1.826100e+02
 5.768242e-03  1.711283e-02 -3.200782e-04  0.000000e+00  5.000000e-01  5.852117e+01  6.106696e+01 -5.199759e+01  5.731413e+01
3  1.015424e-01 -1.063631e-01  7.435201e-01  4.684584e-01  5.485612e-01  6.626333e+00 6 1 -1.000000e+00
 1.827984e-01 -5.655869e-01  1.923532e+00  0.000000e+00  0.000000e+00  2.535515e-01  1.302769e-01  1.426053e-01  1.118558e-01
-1.797217e-01  8.356747e-02 -1.055175e+00  4.782170e+00  5.000000e-01  1.301913e+00 -7.470455e-01  6.933866e-01  1.084602e+00
-3.198461e-02  2.146694e-02  1.226539e-01  4.935206e+00  1.000000e+00  4.325640e+00 -1.069965e+00  1.327416e+00  4.001981e+00
3 -3.047763e-01  6.872763e-01  1.896716e+00  8.005449e-01  2.215473e-02  4.620332e+00 6 2 -1.000000e+00
-1.127302e+00  1.250426e+00  4.569111e+00  0.000000e+00  0.000000e+00  4.245329e-01  1.340832e-01  3.071206e-01  7.212311e-03
 8.735917e-02 -2.063273e-01 -1.012274e-01  3.135695e+02  5.000000e-01  2.596150e+00  2.536879e+00  2.447588e+00  1.551152e+00
 7.695091e-03 -1.717854e-02  8.409471e-04  3.216932e+02  1.000000e+00  4.394902e+01  1.706999e+01  1.908137e+01  4.212180e+01
3 -4.190169e-01 -9.462220e-02  2.103004e+00  8.714502e-01  9.263942e-01  1.067809e+01 6 1 -1.000000e+00
-1.462604e+00 -4.644802e-01  2.805928e+00  0.000000e+00  0.000000e+00  3.400867e-01 -2.617554e-01 -1.028658e-01  8.490232e-03
 5.559238e-01  1.255798e-01 -2.599395e+00  7.914712e+01  5.000000e-01  7.835877e-01 -6.074786e-01 -2.500179e-01  1.101172e-01
 1.813405e-02  4.211367e-03  4.257950e-03  8.893282e+01  1.000000e+00  1.665182e+01 -2.811388e+00 -1.490173e+00  1.450359e+01
3 -1.349745e-01  3.125094e-02  4.169528e-01  1.881249e-01  2.118364e-01  3.743358e+00 6 1 -1.000000e+00
-3.218985e-01  2.256181e-02  1.532331e+00  0.000000e+00  0.000000e+00  1.750333e-01 -1.604219e-01  4.726865e-02  2.575540e-02
 9.100756e-02 -3.538833e-02 -3.246035e-01  1.810158e+01  5.000000e-01  8.917965e-01 -1.252864e+00  1.233986e+00  6.398379e-01
 2.515607e-03 -8.076898e-04  4.557561e-04  2.075942e+01  1.000000e+00  5.197149e+01 -1.476843e+01  1.363196e+01  5.143939e+01
3  3.720203e+00 -3.690833e+00  4.447931e+00  2.428740e+00  4.995341e-02  8.857653e+00 6 2  2.851485e-01
 1.694619e+00  1.201810e-02 -3.369208e+00  1.670486e+02  5.000000e-01  8.424897e-01 -5.660619e-01  3.448254e-02  9.749629e-03
-2.734082e+00  4.251750e-01  6.744701e+01  0.000000e+00  0.000000e+00  5.561450e-01 -4.068942e-01  1.289102e-01  2.006439e-03
 3.565929e-03  7.887666e-04  8.871973e-05  2.598852e+02  1.000000e+00  1.114382e+02 -1.193234e+01 -2.797785e+01  1.062784e+02
1 -4.142077e-01  1.712454e+00  0.000000e+00  9.090042e-01  0.000000e+00  3.422809e+00 0 2  2.931576e-01
-9.041137e-01 -2.051029e+00  3.648029e+00  0.000000e+00  0.000000e+00  4.211450e-01  2.205607e-01 -1.109302e-01  1.682844e-02
2 -1.004529e+00  2.598866e+00  5.169364e+00  2.584842e+00  7.638942e-01  1.306892e+01 6 3  2.726370e-01
-8.783181e-01 -1.057554e+00 -3.689550e+00  1.043051e+03  5.000000e-01  1.066062e+00  7.074636e-02 -5.199951e-01  3.190289e-03
 1.672825e+00  3.438443e+00  2.818425e+00  0.000000e+00  0.000000e+00  3.650032e-01  1.829385e-01 -1.222556e-01  1.265041e-04
3 -1.975049e-01  2.814433e-01  1.821435e+00  8.046419e-01  5.607432e-01  4.299005e+00 6 1 -1.000000e+00
 2.423435e-01 -5.725051e-01 -1.405872e+00  1.072018e+02  5.000000e-01  5.027835e-01  7.012492e-01  6.832103e-01  4.801211e-02
-8.458986e-01  8.880954e-01  2.507158e+00  0.000000e+00  0.000000e+00  2.931215e-01  2.390584e-02  3.166191e-01  5.787317e-03
 1.911962e-04 -3.265812e-04  1.682510e-06  2.020610e+02  1.000000e+00  7.775853e+02  8.595161e+01  3.669897e+01  7.753785e+02
3  1.673958e-01 -4.915039e-01  5.790287e-01  2.742792e-01  2.929960e-01  3.650479e+00 6 3  2.691865e-01
-9.160193e-02 -2.237321e-01 -8.815226e-01  4.879698e+01  5.000000e-01  6.751682e-01  7.210649e-01 -8.485175e-01  2.431863e-01
 4.083925e-01  6.829491e-02  3.008650e+00  0.000000e+00  0.000000e+00  3.091075e-01 -3.064957e-01 -2.258714e-01  2.527874e-02
-6.992110e-04 -1.511622e-03  4.333666e-04  8.008012e+01  1.000000e+00  5.167563e+01  1.491951e+01 -6.157319e+00  5.014353e+01
3 -4.890848e-01 -1.017197e+00  1.893771e+00  9.958560e-01  1.041842e-01  2.209613e+00 6 1  2.823801e-01
-1.611339e+00  2.183011e-01  2.444487e+00  0.000000e+00  0.000000e+00  2.778062e-01 -3.338150e-01  3.236765e-02  3.852467e-03
 2.723664e-01  2.330835e-02 -2.546770e-01  2.696343e+02  5.000000e-01  1.807975e+00 -2.126058e+00 -2.433993e-01  5.014830e-01
 2.199547e-02  3.145093e-03  2.078066e-03  2.766298e+02  1.000000e+00  2.587561e+01 -1.086685e+01 -4.414843e+00  2.242174e+01
5 -2.539881e-02 -4.323766e-02  1.632874e+00  6.057017e-01  1.000000e+00  7.810543e+00 6 1 -1.000000e+00
 1.939819e-03 -5.276220e-01 -1.239145e+00  3.837133e+01  5.000000e-01  4.510331e-01  1.052782e+00  4.807644e-03  5.854480e-02
 7.790311e-01 -1.231079e-01  2.286487e+00  1.238414e+01  0.000000e+00  3.207019e-01 -1.036145e-01  1.155755e-01  1.830114e-02
-8.511729e-01 -2.976118e-02  2.140141e+00  0.000000e+00  0.000000e+00  3.103946e-01 -8.505337e-02 -3.259932e-02  1.602522e-02
 7.199597e-02  4.695199e-01 -8.448446e-01  5.320265e+01  5.000000e-01  4.957908e-01  1.167537e+00 -2.733734e-01  8.345212e-02
 7.168196e-05  1.121704e-04  7.431062e-06  1.451026e+02  1.000000e+00  3.728541e+02  1.461756e+01 -5.908930e+01  3.711739e+02
3 -3.600060e-01  2.968738e-02  1.427899e+00  6.099047e-01  3.446486e-01  6.873862e+00 6 1 -1.000000e+00
 4.352079e-01  1.547139e-02 -7.350361e-01  1.152060e+02  5.000000e-01  4.417995e-01 -1.289711e+00 -9.332636e-02  8.005233e-02
-9.814966e-01  1.939216e-01  2.132712e+00  0.000000e+00  0.000000e+00  2.531998e-01 -2.833285e-01  9.245978e-02  6.700334e-03
 5.409114e-04  1.205696e-05  3.503285e-06  1.901898e+02  1.000000e+00  5.390732e+02 -3.548641e+01 -5.307721e+01  5.377972e+02
5  3.921836e-01  6.045678e-01  6.371796e-01  2.603195e-01  1.000000e+00  6.562469e+00 6 3  2.808689e-01
-2.871701e-01 -2.552043e-01  2.148114e+00  0.000000e+00  0.000000e+00  2.620622e-01 -3.508653e-02 -2.789201e-01  3.210121e-02
-3.730337e-02  2.445158e-01 -2.843302e+00  1.132583e+01  5.000000e-01  5.518111e-01  7.188269e-01  1.893803e-01  2.197944e-01
 2.440233e-01 -6.349400e-02 -3.796848e+00  1.097471e+01  5.000000e-01  5.166146e-01 -6.296727e-01  3.170964e-01  2.004420e-01
 2.107931e-01  1.423263e-01  7.182893e+00  1.065583e+01  0.000000e+00  3.751965e-01 -1.865409e-01 -4.651476e-01  9.093135e-02
 1.313392e-03  1.321032e-03  1.839004e-03  1.885051e+01  1.000000e+00  2.453055e+01  8.499310e-01  3.031807e+00  2.354963e+01
3 -1.555834e-01  3.697684e-01  1.179449e+00  5.174667e-01  2.212081e-01  4.734626e+00 6 1 -1.000000e+00
 1.531815e-01 -2.648423e-01 -3.183254e-01  4.161623e+01  5.000000e-01  3.838284e-01  7.463616e-01  1.721642e+00  1.782958e-01
-8.665977e-02  8.899638e-01  1.439031e+00  0.000000e+00  0.000000e+00  1.339946e-01  1.510393e-01  1.795568e-01  1.017714e-02
 3.279389e-04 -9.085886e-04  8.948622e-06  5.867771e+01  1.000000e+00  3.379171e+02  3.975847e+01  1.353971e+01  3.372279e+02
3 -8.010464e-03 -1.071544e-01  5.028838e-01  2.082073e-01  2.246993e-01  1.271459e+01 6 3 -1.000000e+00
-1.479670e-02 -3.466878e-01  3.595539e+00  0.000000e+00  0.000000e+00  3.566637e-01  3.684060e-01 -6.021660e-03  5.869022e-02
 2.424329e-02  1.546783e-01 -8.079150e-01  1.924581e+01  5.000000e-01  8.245065e-01  1.090872e+00 -2.802686e-01  4.255671e-01
 6.402426e-04  3.741470e-03  1.398238e-03  2.405569e+01  1.000000e+00  3.017975e+01  1.038121e+01 -5.338755e+00  2.929684e+01
1  5.008032e+00 -9.464274e-01  0.000000e+00  2.594617e+00  0.000000e+00  5.391981e+00 0 2  2.892165e-01
 5.396395e+00 -1.665074e+00  3.414985e+00  0.000000e+00  0.000000e+00  3.855519e-01 -2.736529e-01  9.916420e-02  4.615398e-03
5 -7.850077e-02  6.772000e-02  1.050409e-01  3.145944e-02  1.000000e+00  9.550357e+00 6 3  2.836894e-01
-4.993816e-02 -2.060162e-02  3.520576e+00  0.000000e+00  0.000000e+00  4.561497e-01  9.984547e-02 -4.194676e-02  6.796825e-04
 1.137305e-02 -1.698469e-02 -2.933182e+00  1.563581e-01  5.000000e-01  1.024947e+00  3.320345e-01  4.809388e-01  8.951833e-03
-7.559220e-03  1.446966e-02 -2.926796e+00  1.717950e-01  5.000000e-01  1.130860e+00  3.817870e-01  4.615555e-01  1.090781e-02
 4.830424e-02  1.657400e-02  3.758854e+00  3.312017e-02  0.000000e+00  4.795121e-01  6.413329e-02 -2.749721e-02  8.010226e-04
-5.626405e-05  5.223719e-04  2.396395e-01  1.839456e-01  1.000000e+00  3.170006e+00  3.386484e-01  6.490830e-01  7.480003e-02
3  4.412224e-02  1.129261e-01  6.532200e-01  2.792574e-01  3.695572e-01  3.668546e+00 6 1 -1.000000e+00
-3.327298e-02 -2.236795e-01 -7.646962e-01  3.482398e+01  5.000000e-01  5.853411e-01  1.206003e+00 -1.587704e-01  2.674643e-01
 3.245322e-01  3.228293e-01  2.069223e+00  0.000000e+00  0.000000e+00  2.526146e-01  6.748670e-02 -2.660024e-01  3.941699e-02
-5.606833e-04 -1.415646e-03  1.610824e-04  5.321280e+01  1.000000e+00  8.423344e+01  1.942266e+01 -1.850842e+01  8.326753e+01
3  5.942364e-02 -5.475993e-01  1.724605e+00  7.191407e-01  1.383364e-01  7.703703e+00 6 1 -1.000000e+00
-9.113335e-03 -1.309320e+00  2.539370e+00  0.000000e+00  0.000000e+00  3.087319e-01  2.800680e-01  7.493410e-02  4.753302e-03
-2.931938e-02  4.151667e-01 -3.512874e-01  1.193972e+02  5.000000e-01  6.347166e-01  1.679051e+00  4.011146e-01  1.149586e-01
 6.180492e-05  7.361102e-04  2.235529e-06  1.674896e+02  1.000000e+00  6.954956e+02  1.379283e+02 -1.264064e+02  6.936798e+02
3  2.182768e-01  1.018704e+00  2.628665e+00  1.231427e+00  1.065007e-01  9.268112e+00 6 1 -1.000000e+00
 5.156689e-01  2.272316e+00  1.677519e+00  0.000000e+00  0.000000e+00  2.077911e-01  1.625677e-01 -7.105155e-02  2.229794e-03
-8.142589e-02 -2.876359e-01 -1.786569e-01  4.052905e+02  5.000000e-01  1.558152e+00  2.180128e+00 -1.075127e+00  6.055354e-01
-4.684019e-03 -1.273424e-02  3.243930e-04  4.182661e+02  1.000000e+00  6.182828e+01  1.579988e+01 -1.917714e+01  5.942321e+01
1  7.921673e-01  4.802676e+00  0.000000e+00  2.856310e+00  0.000000e+00  3.216746e+00 0 2 -1.000000e+00
 2.364071e+00  7.505140e+00  6.375277e+00  0.000000e+00  0.000000e+00  4.671916e-01  3.076165e-01 -1.800025e-01  3.995016e-03
3  2.590887e-01 -2.264098e-01  8.292980e-01  2.710662e-01  1.435179e-01  4.242133e+00 6 1 -1.000000e+00
 5.517641e-01 -3.862457e-01  1.407476e+00  0.000000e+00  0.000000e+00  1.439281e-01 -4.128272e-02  1.437472e-01  1.121908e-02
-2.864148e-03  3.875988e-03  3.091814e-04  6.165922e+01  1.000000e+00  6.224264e+01  1.404641e+01  1.786090e+01  6.173871e+01
-9.901847e-02  1.277750e-01 -2.019980e-01  5.567473e+01  5.000000e-01  9.088834e-01  3.499119e-01  2.199183e+00  6.617030e-01
3 -6.080674e-01  7.186766e-01  1.774166e+00  9.125178e-01  1.314368e-02  3.845776e+00 6 2 -1.000000e+00
-6.403749e-01  1.470270e+00  3.163848e+00  0.000000e+00  0.000000e+00  3.342446e-01  1.616610e-01  3.178445e-01  1.814126e-03
 1.247714e-01 -1.304227e-01 -4.158460e-02  4.140302e+02  5.000000e-01  1.898527e+00  2.868249e-01  4.977192e+00  8.821309e-01
 2.423220e-03 -2.497193e-03  2.309189e-05  4.390102e+02  1.000000e+00  2.177821e+02 -8.185421e+00  6.018483e+01  2.155542e+02
3  7.567124e-03 -4.376602e-01  1.522720e+00  7.036649e-01  1.773394e-01  4.785042e+00 6 3 -1.000000e+00
 5.207862e-02 -1.171921e+00  3.290679e+00  0.000000e+00  0.000000e+00  3.464538e-01  3.394685e-01  8.941586e-02  3.929988e-02
 3.802453e-02  3.507344e-01 -5.835670e-01  4.793484e+01  5.000000e-01  1.208485e+00  1.311142e+00 -1.948637e-01  6.421173e-01
 3.742142e-03  3.470079e-02  1.170496e-02  5.062668e+01  1.000000e+00  1.129707e+01  4.241953e+00 -1.612950e+00  1.023115e+01
3 -1.527940e-01 -4.454517e-01  2.754337e+00  1.218804e+00  3.857729e-01  4.576865e+00 6 3 -1.000000e+00
-7.543240e-01 -1.724873e+00  1.714654e+00  0.000000e+00  0.000000e+00  2.203398e-01  1.274661e-01 -9.172893e-02  7.539856e-02
 9.819699e-02  8.942076e-01 -4.444723e+00  3.146150e+01  5.000000e-01  5.522746e-01  6.522523e-01 -3.295523e-03  3.551336e-01
 1.256141e-02  3.315903e-02  9.937225e-03  3.851934e+01  1.000000e+00  1.127234e+01  1.497718e+00 -1.626651e+00  1.085211e+01
3 -7.502617e-02  8.818388e-02  8.788471e-01  3.726499e-01  5.014442e-01  2.431504e+00 6 3 -1.000000e+00
 1.064801e-01 -3.295971e-01 -4.164777e+00  1.577328e+01  5.000000e-01  4.333066e-01  6.312814e-01  4.034031e-01  1.579802e-01
-3.749569e-01  4.056515e-01  2.088403e+00  0.000000e+00  0.000000e+00  2.486833e-01 -6.632133e-03  2.925714e-01  3.897270e-02
 9.379933e-04 -1.317373e-03  2.939044e-04  2.871605e+01  1.000000e+00  5.989095e+01  6.395557e+00  4.977288e+00  5.900083e+01
3 -1.780097e-01 -2.742592e-01  1.484038e+00  6.110388e-01  1.778921e-01  2.449693e+00 6 3 -1.000000e+00
-3.352045e-01 -9.711926e-01  3.254977e+00  0.000000e+00  0.000000e+00  3.282979e-01  2.798270e-01 -2.562396e-01  5.697189e-02
 2.761570e-01  3.810665e-01 -5.790346e-01  5.010422e+01  5.000000e-01  8.534385e-01  3.180259e-01 -1.283492e+00  4.471530e-01
 3.660727e-03  5.758494e-03  3.682401e-04  6.645655e+01  1.000000e+00  5.985604e+01  1.183695e+01 -2.466375e+01  5.871171e+01
3 -3.836000e-02 -8.974237e-03  3.320321e-01  1.848950e-01  3.089025e-01  8.726821e+00 6 3 -1.000000e+00
 1.244716e-01  3.876301e-02 -1.589941e+00  4.177908e+00  5.000000e-01  6.059576e-01 -6.539819e-01 -5.971025e-01  1.828456e-01
-2.030703e-01  9.318404e-02  5.147063e+00  0.000000e+00  0.000000e+00  4.254507e-01 -3.204501e-01  1.820250e-01  6.735604e-02
 1.071568e-03  1.451639e-04  1.030573e-03  7.075604e+00  1.000000e+00  3.278777e+01 -6.290840e+00  7.441712e-01  3.153551e+01
1  2.125421e+00 -3.557481e+00  0.000000e+00  1.219451e+00  0.000000e+00  1.280146e+01 0 2  2.903728e-01
 2.470170e+00 -2.378062e+00  3.230652e+00  0.000000e+00  0.000000e+00  2.864848e-01  1.787909e-01  4.093931e-01  3.218194e-03
3  1.922988e-01 -3.362505e-01  1.261751e+00  5.617760e-01  3.556768e-01  2.636196e+00 6 1 -1.000000e+00
 5.600694e-01 -7.388625e-01  1.657119e+00  0.000000e+00  0.000000e+00  1.741313e-01  1.044040e-01  2.601958e-01  1.247226e-02
-1.220853e-01  3.225899e-01 -5.893987e-01  3.583405e+01  5.000000e-01  4.975021e-01  1.031415e+00  9.409206e-01  1.972081e-01
-1.320658e-03  2.978945e-03  1.452092e-04  4.593854e+01  1.000000e+00  8.451025e+01  9.249461e+00 -1.338719e+00  8.353976e+01
2 -4.746028e-02 -4.435496e-01  1.438115e+00  9.051787e-01  2.286794e-01  9.126954e+00 6 1 -1.000000e+00
 1.621887e-01 -1.074737e+00  1.908083e+00  0.000000e+00  0.000000e+00  2.281546e-01  2.675228e-01 -9.516605e-03  2.759139e-03
 1.000160e-01  3.620337e-01 -4.363392e-01  1.218005e+02  5.000000e-01  4.933771e-01  1.354346e+00 -8.451084e-01  6.293106e-02
3 -7.795808e-02  6.064518e-03  1.895849e-01  4.325417e-02  1.824451e-01  6.899773e+00 6 1 -1.000000e+00
-1.737135e-01 -1.094577e-02  1.600106e+00  0.000000e+00  0.000000e+00  2.080724e-01  1.702869e-02  4.359648e-02  2.634011e-03
 1.584781e-02 -7.959257e-03 -2.919314e-01  8.699351e+00  5.000000e-01  1.588427e+00 -1.478305e+00  1.259493e+00  1.201169e+00
 4.642474e-03 -2.499083e-03  3.175339e-02  8.733773e+00  1.000000e+00  7.473539e+00 -6.719858e-01  3.156334e+00  6.991534e+00
3 -8.145493e-01 -1.287613e-01  1.701435e+00  7.637787e-01  1.005550e-01  3.302896e+00 6 1 -1.000000e+00
-1.522810e+00 -3.660541e-02  2.146843e+00  0.000000e+00  0.000000e+00  2.527130e-01 -2.910271e-01 -8.911160e-02  1.985189e-02
 1.774904e-01  2.552497e-02 -2.158758e-01  1.991962e+02  5.000000e-01  2.555626e+00 -2.512115e+00 -8.611314e-01  2.085175e+00
 7.377009e-02  9.579166e-03  4.553235e-02  1.996161e+02  1.000000e+00  7.078057e+00 -3.732753e+00 -1.023194e+00  6.509266e+00
3  7.034930e-01  7.162830e-01  2.237969e+00  1.228688e+00  1.714728e-02  1.724132e+00 6 2 -1.000000e+00
 1.271282e+00  1.424835e+00  5.976315e+00  0.000000e+00  0.000000e+00  4.370695e-01  4.849866e-02 -3.836814e-01  1.300217e-02
-2.502910e-01 -2.162996e-01 -1.024776e-01  4.019759e+02  5.000000e-01  1.917913e+00 -2.052411e-01 -3.249411e+00  1.234366e+00
-1.607577e-02 -1.282649e-02  6.278682e-04  4.212774e+02  1.000000e+00  4.651313e+01 -7.260832e+00 -2.064061e+01  4.542464e+01
3 -5.245516e-01 -5.684214e-01  1.586965e+00  9.871159e-01  1.994282e-02  1.240214e+01 6 2 -1.000000e+00
-5.234853e-01 -1.338810e+00  3.308032e+00  0.000000e+00  0.000000e+00  3.528889e-01  1.822587e-01 -2.885135e-01  1.363489e-03
 5.473974e-03  3.484449e-03  1.709285e-04  2.937058e+02  1.000000e+00  8.148285e+01 -2.152130e+01 -1.280330e+01  7.923475e+01
 1.317405e-01  1.065754e-01 -6.597148e-02  2.819392e+02  5.000000e-01  1.813214e+00 -3.280170e-01 -3.963810e+00  6.642785e-01
2  5.586944e-01 -5.878440e+00  5.295452e+00  3.771045e+00  5.407568e-04  7.278366e+00 6 2  2.746854e-01
-5.322477e+00 -5.153818e-01 -4.339437e+01  1.979046e+03  5.000000e-01  6.931555e-01 -3.646558e-02  3.403943e-01  1.365864e-04
-4.006421e-02 -1.440088e-01 -2.346580e-02  2.330766e+03  5.000000e-01  8.843921e+00  8.991779e+00 -4.825994e+00  6.694324e+00
3 -5.563956e-01  4.748673e-01  1.637643e+00  5.849487e-01  2.913849e-02  3.849716e+00 6 2 -1.000000e+00
-9.083150e-01  1.053581e+00  3.189206e+00  0.000000e+00  0.000000e+00  3.622222e-01 -3.079518e-02  3.037344e-01  4.782360e-03
 1.764535e-01 -1.732648e-01 -9.292866e-02  4.547932e+02  5.000000e-01  1.192236e+00 -5.288117e-01  3.243186e+00  5.065754e-01
 1.393197e-03 -1.838459e-03  1.065679e-05  5.167501e+02  1.000000e+00  3.395579e+02  7.726540e+01  1.217151e+02  3.379745e+02
3 -1.872888e-01 -4.457450e-01  2.435528e+00  1.190290e+00  8.297324e-01  3.533055e+00 6 1 -1.000000e+00
-3.106552e-01 -1.678717e+00  2.018001e+00  0.000000e+00  0.000000e+00  2.588951e-01  1.734772e-01 -1.536302e-01  1.320311e-02
 4.737155e-01  6.270499e-01 -1.674401e+00  6.813366e+01  5.000000e-01  4.436274e-01  1.524856e-01 -9.399612e-01  9.236356e-02
 1.266794e-03  4.557949e-03  2.308621e-04  9.953527e+01  1.000000e+00  6.752410e+01  8.574267e-01  9.650451e+00  6.652094e+01
5 -9.514928e-02 -5.596858e-02  1.502567e+00  6.891719e-01  1.000000e+00  1.019263e+01 6 3 -1.000000e+00
-3.209642e-01 -6.722416e-01 -3.264672e+00  3.237657e+00  5.000000e-01  5.096723e-01  4.856724e-01 -5.575420e-01  3.440362e-01
-8.257630e-01  2.526826e-01  2.567770e+00  0.000000e+00  0.000000e+00  2.761676e-01 -3.061209e-01  2.019412e-01  1.232986e-01
 4.014434e-01  4.240837e-01 -1.139194e+00  8.252673e+00  5.000000e-01  7.722192e-01  8.724526e-02 -9.602530e-01  5.952326e-01
 3.429879e-01 -6.916316e-01  4.062049e+00  2.536930e+00  0.000000e+00  3.183036e-01  3.155547e-01  3.448972e-01  1.522320e-01
 6.768044e-03  5.081510e-03  5.400000e-03  1.324753e+01  1.000000e+00  1.561500e+01 -4.230236e-01 -5.313582e+00  1.518972e+01
1  2.239386e-01 -2.875865e-01  0.000000e+00  1.710721e-01  0.000000e+00  8.026114e+00 0 2  2.936786e-01
 2.442518e-01 -2.582717e-01  3.412718e+00  0.000000e+00  0.000000e+00  4.032304e-01  1.434739e-02  2.508118e-01  1.136388e-02
3 -1.257513e-01  2.507775e-01  6.852697e-01  3.017979e-01  1.820761e-01  4.539920e+00 6 1 -1.000000e+00
 3.269142e-02 -9.285640e-02 -2.811088e-01  2.771369e+01  5.000000e-01  9.565741e-01  1.505681e+00  1.136729e+00  5.975537e-01
-3.903230e-01  4.462664e-01  1.543909e+00  0.000000e+00  0.000000e+00  1.814979e-01  1.373256e-01  5.814280e-02  6.631913e-03
 3.505343e-03 -8.018008e-03  3.965961e-03  2.863117e+01  1.000000e+00  1.701194e+01  1.856853e+00  8.880194e-01  1.639872e+01
5  1.434263e-01 -1.069950e-01  2.393164e+00  1.196869e+00  1.000000e+00  5.571423e+00 6 3 -1.000000e+00
 1.774016e-01 -1.306012e+00 -1.388905e+01  1.519443e+01  5.000000e-01  5.608750e-01  4.909166e-01  1.543723e-01  1.488801e-01
 1.498613e+00  1.952230e-01  4.614379e+00  0.000000e+00  0.000000e+00  4.410886e-01 -3.044801e-01 -5.440523e-02  7.927962e-02
-6.262518e-01  7.598865e-01 -2.041517e+00  4.780454e+01  5.000000e-01  7.804916e-01  1.672477e-01  7.141735e-01  3.315435e-01
-3.814292e-01 -1.285546e+00  1.435563e+01  1.484000e+01  0.000000e+00  5.050448e-01  3.725389e-01 -1.911448e-01  1.077046e-01
-1.116166e-02  9.681874e-03  7.193291e-03  7.581863e+01  1.000000e+00  1.341110e+01  1.016781e-01  3.873840e+00  1.238529e+01
3 -2.737436e-01 -9.536226e-01  1.129226e+00  2.117772e-01  9.030703e-01  6.938559e+00 6 3  3.155820e-01
-2.508141e-03 -1.675234e-01 -2.590899e+00  3.545936e+00  5.000000e-01  8.441555e-01  6.268649e-01 -1.315080e-01  2.207243e-02
 4.410668e-01 -1.733878e-01  4.595264e+00  1.905497e+00  0.000000e+00  5.104082e-01  1.092842e-01 -1.007061e-01  3.730107e-03
-6.842688e-01 -7.973742e-02  5.088490e+00  0.000000e+00  0.000000e+00  4.644579e-01  2.652667e-01  1.411275e-01  1.365383e-03
5  1.001964e+01  3.714568e+00  7.788769e+00  3.826278e+00  1.000000e+00  1.235168e+01 6 3  2.689445e-01
 1.874088e+00 -5.206636e+00  4.824790e+00  0.000000e+00  0.000000e+00  5.089973e-01  1.793776e-01  4.055174e-02  2.877612e-04
-4.528365e+00 -7.711522e-01  1.253450e+01  2.338725e+02  0.000000e+00  5.784266e-01 -2.657417e-01 -1.653048e-01  3.068061e-04
-3.537746e+00 -2.662898e+00 -1.249925e+01  2.464117e+02  5.000000e-01  6.849466e-01 -9.917826e-02 -4.116152e-01  4.240263e-04
 2.416680e-01  3.803035e-01 -5.569384e-01  1.096195e+03  5.000000e-01  2.495229e+00  7.381371e-01 -1.867188e+00  2.805134e-01
 1.625303e-02  2.963234e-02  2.432334e-03  1.104183e+03  1.000000e+00  2.511921e+01  7.244451e+00 -1.086859e+01  2.103044e+01
5 -6.021900e-02  6.021461e-02  1.313906e+00  6.289999e-01  1.000000e+00  4.442731e+00 6 3 -1.000000e+00
 5.310281e-01 -3.506141e-02 -1.946768e+00  2.618806e+01  5.000000e-01  4.288269e-01 -9.157651e-01  3.584546e-02  1.434186e-01
-3.391607e-01  6.723398e-01  2.397649e+00  0.000000e+00  0.000000e+00  2.564334e-01  2.025804e-01  3.078591e-01  5.811089e-02
-3.149381e-01 -4.988384e-01 -7.577687e+00  1.923349e+01  5.000000e-01  3.494672e-01  2.158530e-01 -7.131387e-01  1.194572e-01
-5.929253e-02 -6.114136e-01  8.743732e+00  1.900298e+01  0.000000e+00  3.183765e-01  5.571086e-01 -1.996821e-01  1.042758e-01
 6.372966e-04 -6.386924e-04  1.491220e-04  6.969426e+01  1.000000e+00  8.328568e+01  6.116607e-02  8.062997e+00  8.229631e+01
3  4.313125e-01  5.558633e-01  3.202789e+00  1.442519e+00  4.571292e-01  1.003801e+01 6 3 -1.000000e+00
-3.693089e-01 -4.929434e-01 -1.462604e+00  1.123761e+02  5.000000e-01  1.257891e+00  2.552405e-01 -8.276909e-01  5.362575e-01
 1.710951e+00  1.942293e+00  3.199541e+00  0.000000e+00  0.000000e+00  4.198702e-01  4.663890e-02 -1.477516e-01  2.402368e-02
-7.761790e-02 -1.026322e-01  9.001849e-02  1.143211e+02  1.000000e+00  4.896297e+00  5.653169e-01 -1.937193e+00  3.803228e+00
3  8.416566e-01  1.023426e+00  3.403575e+00  1.626429e+00  4.723240e-02  1.160681e+01 6 2 -1.000000e+00
 1.138479e+00  2.653049e+00  3.667553e+00  0.000000e+00  0.000000e+00  4.076765e-01  1.017472e-01 -2.604482e-01  5.010585e-03
-3.617497e-01 -4.020520e-01 -1.732273e-01  3.869147e+02  5.000000e-01  1.095737e+00  2.050451e-01 -2.395806e+00  4.304621e-01
-8.731629e-03 -1.036510e-02  2.334184e-04  4.212823e+02  1.000000e+00  6.728875e+01  1.122786e+00 -1.043001e+01  6.608112e+01
2 -1.939309e+00 -3.163276e-01  4.207614e+00  1.887740e+00  5.177535e-03  3.677419e+00 6 2 -1.000000e+00
-3.963764e+00  5.399353e-01  3.421431e+00  0.000000e+00  0.000000e+00  3.906048e-01 -2.794209e-01 -3.179806e-02  3.805952e-04
 2.144794e-01  4.365392e-02 -1.771458e-02  1.395237e+03  5.000000e-01  3.041160e+00 -7.200909e+00 -2.960394e+00  1.554816e+00
3 -5.157584e-01 -3.346109e-01  1.685830e+00  7.030158e-01  1.186860e-01  3.670070e+00 6 1 -1.000000e+00
-1.013504e+00 -9.686652e-01  1.804197e+00  0.000000e+00  0.000000e+00  2.415664e-01 -6.220646e-02 -1.307234e-01  2.744556e-03
 1.259714e-03  8.104768e-04  8.941464e-06  2.844304e+02  1.000000e+00  3.412658e+02 -2.702296e+01 -5.667516e+01  3.393817e+02
 2.581800e-01  1.380610e-01 -2.141329e-01  2.411389e+02  5.000000e-01  8.288896e-01 -1.312704e+00 -1.725133e+00  2.305007e-01
1  3.570628e+00  1.759666e+00  0.000000e+00  1.062372e+01  0.000000e+00  1.304326e+01 0 2 -1.000000e+00
 1.065704e+01  6.777020e+00  1.252195e+01  0.000000e+00  0.000000e+00  5.627965e-01 -8.397516e-02 -3.228549e-01  1.839940e-03
3 -1.178794e-01  4.739460e-01  9.748142e-01  7.345955e-01  5.500341e-01  2.370792e+00 6 1 -1.000000e+00
-3.595825e-01  8.345716e-01  1.354074e+00  0.000000e+00  0.000000e+00  1.268118e-01  1.540678e-01 -1.443933e-02  1.831276e-03
 2.408292e-02 -6.156648e-02 -7.447867e-01  4.527421e+01  5.000000e-01  1.423541e+00  1.071860e+00  6.108761e-01  1.092254e+00
 1.609484e-02 -3.591678e-02  2.989414e-01  4.528662e+01  1.000000e+00  2.958016e+00  4.608187e-01  5.256753e-01  2.584518e+00
3 -1.153251e-01  8.984446e-02  4.648306e-01  1.575353e-01  2.842046e-01  3.817981e+00 6 1 -1.000000e+00
 8.819561e-02 -9.875257e-02 -4.925268e-01  3.333051e+01  5.000000e-01  5.009111e-01 -1.190146e-01  1.505082e+00  2.889408e-01
-2.573683e-01  2.121382e-01  1.733001e+00  0.000000e+00  0.000000e+00  1.705068e-01 -1.348518e-01  3.046968e-01  1.932355e-02
 7.976078e-04 -1.123322e-03  1.169166e-04  4.366498e+01  1.000000e+00  1.007525e+02  2.890351e+01  2.370763e+01  1.002422e+02
1 -3.332730e+00  1.051126e+01  0.000000e+00  1.126807e+01  0.000000e+00  7.267252e+00 0 2  2.755489e-01
-1.965636e+01 -5.979856e+00  3.241671e+00  0.000000e+00  0.000000e+00  3.034097e-01 -3.726534e-01 -1.946397e-01  3.132027e-05
3  4.632311e-01  6.637411e-01  1.845674e+00  8.371913e-01  1.063906e-01  2.781065e+00 6 1 -1.000000e+00
 8.014278e-01  1.392516e+00  1.718695e+00  0.000000e+00  0.000000e+00  2.115485e-01  8.636837e-02 -1.798877e-01  1.986914e-03
-1.506690e-01 -1.886300e-01 -1.828531e-01  8.599418e+01  5.000000e-01  1.058919e+00  5.170356e-01 -2.281451e+00  3.421357e-01
-5.594789e-03 -7.402265e-03  5.064501e-04  9.004715e+01  1.000000e+00  4.546653e+01 -1.416862e+00 -8.584267e-01  4.374855e+01
3  1.592520e-01 -1.394231e-01  1.216492e+00  5.378921e-01  5.097727e-01  9.556316e+00 6 1 -1.000000e+00
 7.063489e-01 -3.815030e-01  2.489664e+00  0.000000e+00  0.000000e+00  2.878420e-01 -1.392855e-01  2.934413e-01  1.716624e-02
-2.631557e-01  3.532856e-01 -1.269163e+00  5.664160e+01  5.000000e-01  4.515339e-01  3.473810e-01  9.839017e-01  1.111193e-01
-5.585121e-04  5.875202e-04  1.983752e-05  1.058318e+02  1.000000e+00  2.284069e+02  1.920073e+01  3.058882e+01  2.272042e+02
3  1.060872e-01 -2.431044e-01  1.154261e+00  5.763546e-01  4.118140e-01  9.051466e+00 6 1 -1.000000e+00
 2.843264e-01 -7.729560e-01  2.426451e+00  0.000000e+00  0.000000e+00  3.134962e-01  1.826685e-01  1.606087e-01  4.732471e-03
-1.613158e-01  2.918080e-01 -9.992465e-01  1.361514e+02  5.000000e-01  5.755678e-01  5.889518e-01  9.132538e-01  7.069574e-02
-2.231937e-04  3.714971e-04  3.532637e-06  2.095861e+02  1.000000e+00  5.435658e+02 -9.013602e+00  1.059328e+02  5.415137e+02
3 -1.967941e-01  6.840684e-01  2.102038e+00  1.134363e+00  1.209325e-01  4.994135e+00 6 3 -1.000000e+00
-3.263134e-01  1.757596e+00  3.064231e+00  0.000000e+00  0.000000e+00  3.650386e-01  2.633876e-01  8.635305e-02  6.087511e-03
 9.899096e-02 -3.009667e-01 -3.705650e-01  2.273848e+02  5.000000e-01  1.316440e+00  1.258689e+00  1.102007e+00  4.746034e-01
 5.791927e-03 -2.523443e-02  3.736053e-03  2.347340e+02  1.000000e+00  1.819879e+01  4.930287e+00  1.956653e+00  1.664568e+01
3 -1.966356e-01  2.692498e+00  8.064432e+00  3.829996e+00  1.041912e-02  5.008595e+00 6 2 -1.000000e+00
-2.163272e+00  7.494733e+00  4.053069e+00  0.000000e+00  0.000000e+00  4.547671e-01  2.180762e-01  5.472739e-02  6.079305e-04
 1.308860e-02 -2.704797e-01 -4.222941e-02  3.412073e+03  5.000000e-01  5.511734e+00  6.600379e+00  6.862380e-01  3.692690e+00
 3.651313e-03 -7.903396e-02  3.457604e-03  3.415938e+03  1.000000e+00  2.444314e+01  1.607633e+01  1.383680e+00  2.209989e+01
3  1.376982e-01  2.091505e-01  7.094069e-01  2.692272e-01  2.898711e-01  5.516790e+00 6 1 -1.000000e+00
 1.821965e-01  5.283778e-01  1.445050e+00  0.000000e+00  0.000000e+00  1.466222e-01  1.383620e-02 -1.898544e-01  7.294707e-03
-9.585702e-02 -1.242664e-01 -4.188782e-01  3.519542e+01  5.000000e-01  4.319175e-01  1.498814e-01 -1.639385e+00  1.850051e-01
-6.939608e-04 -1.648523e-03  1.243251e-04  4.220337e+01  1.000000e+00  9.207460e+01  1.304646e+01  8.996849e+00  9.143630e+01
1  5.549329e+00 -1.779745e+00  0.000000e+00  5.513439e+00  0.000000e+00  4.466611e+00 0 2 -1.000000e+00
 9.442379e+00 -4.082428e+00  4.171145e+00  0.000000e+00  0.000000e+00  3.748309e-01 -2.996770e-01  2.475638e-01  1.377858e-04
3 -3.417359e-01  3.265661e-01  1.208546e+00  3.633495e-01  1.727744e-01  2.157244e+00 6 1 -1.000000e+00
-6.503516e-01  7.413131e-01  1.433636e+00  0.000000e+00  0.000000e+00  1.552258e-01 -5.209522e-02  1.157691e-01  6.684397e-03
 1.432784e-01 -1.701332e-01 -2.476956e-01  1.134054e+02  5.000000e-01  7.311404e-01 -1.114216e-02  2.027159e+00  3.956424e-01
 1.879572e-03 -2.981094e-03  7.755715e-05  1.284428e+02  1.000000e+00  1.238017e+02  3.537228e+01  3.058320e+01  1.228913e+02
1  4.003295e+00  7.553943e-01  0.000000e+00  3.940449e+00  0.000000e+00  6.861425e+00 0 2 -1.000000e+00
 6.359849e+00  3.903097e+00  5.041704e+00  0.000000e+00  0.000000e+00  4.254338e-01 -2.722461e-01 -2.401307e-01  5.240925e-05
1 -4.280121e-03  1.017699e-02  0.000000e+00  5.519950e-03  0.000000e+00  4.037497e+00 0 2 -1.000000e+00
-1.731231e-02  1.779609e-02  3.568183e+00  0.000000e+00  0.000000e+00  4.414156e-01  1.429038e-01  1.064914e-01  1.298187e-01
3  3.271280e-01 -2.899522e-01  1.062216e+00  4.866131e-01  1.970074e-01  4.207305e+00 6 1 -1.000000e+00
 6.333320e-01 -5.947055e-01  1.398631e+00  0.000000e+00  0.000000e+00  1.406148e-01  2.927731e-03  1.534590e-01  1.465986e-02
-1.584756e-01  1.133506e-01 -2.755407e-01  3.016960e+01  5.000000e-01  9.010833e-01 -5.114674e-01  1.837774e+00  6.561829e-01
-8.790037e-03  6.205610e-03  1.401307e-03  3.218279e+01  1.000000e+00  2.872491e+01 -4.362284e+00  6.001781e+00  2.824756e+01
3  2.118771e-01 -3.460032e-01  4.422599e+00  2.920081e+00  5.840953e-01  6.627255e+00 6 3 -1.000000e+00
 1.030378e+00 -3.239999e+00  6.792126e+00  0.000000e+00  0.000000e+00  5.806956e-01  1.097206e-01  1.286401e-01  7.072625e-02
-1.263675e+00  5.411001e-01 -1.162845e+01  5.063522e+01  5.000000e-01  1.009599e+00 -2.344254e-01  1.764450e-01  3.385488e-01
-2.128995e-01  2.119276e-01  1.904489e+00  5.231194e+01  1.000000e+00  1.761936e+00 -1.952026e-01  1.317821e-01  8.203171e-01
3 -3.117314e-01  4.184980e-01  1.363428e+00  5.501404e-01  1.372562e-01  2.732661e+00 6 1 -1.000000e+00
-3.841787e-01  1.121020e+00  1.723534e+00  0.000000e+00  0.000000e+00  2.251557e-01  8.960839e-03  1.417758e-01  8.893604e-03
 1.204378e-01 -1.455884e-01 -2.365658e-01  1.828319e+02  5.000000e-01  1.264255e+00  8.122693e-02  2.071325e+00  7.084069e-01
 9.631750e-03 -1.525878e-02  3.588345e-03  1.883177e+02  1.000000e+00  1.841526e+01  2.683447e+00  4.172581e+00  1.745526e+01
3  1.423642e-01 -2.661462e-02  4.082403e-01  1.849864e-01  1.400864e-01  6.450324e+00 6 1 -1.000000e+00
 3.317305e-01  1.352724e-03  1.762674e+00  0.000000e+00  0.000000e+00  2.304447e-01 -1.524732e-01  4.058586e-02  2.133788e-02
-7.572712e-02  2.662003e-02 -2.469267e-01  1.989823e+01  5.000000e-01  1.305549e+00 -1.599393e+00  1.259003e+00  9.587556e-01
-4.618732e-03  1.498248e-03  1.572138e-03  2.128461e+01  1.000000e+00  2.965313e+01 -9.835570e+00  9.390791e+00  2.904182e+01
3 -3.495477e-01  5.734954e-02  1.493040e+00  7.703521e-01  1.334165e-01  8.036632e+00 6 1  2.718625e-01
-1.462293e-01 -1.214388e+00  2.690795e+00  0.000000e+00  0.000000e+00  3.001994e-01  3.358095e-01 -7.290775e-02  1.680718e-03
-4.341920e-02  2.751083e-01 -3.589963e-01  2.332802e+02  5.000000e-01  1.174129e+00  1.628800e+00  4.035798e-01  1.505241e-01
-8.854079e-04  3.181357e-03  7.150166e-05  2.582838e+02  1.000000e+00  1.262241e+02  1.874447e+01  3.666120e+01  1.223232e+02
