# num_image x_src y_src, sep, ein, fr, zs, fs, flag_out, frac_sh_trunc
# x_img, y_img, mag, delay, n_i, kappa, gamma1, gamma2, kappa*
# zmin, zmax, log10Mhmin, log10Mhmax, log10mshmin, log10mshmax, n_bins: 0.10, 3.00, 10.00, 16.00, 9.00, 16.00, 100
3  2.985998e-01  1.638505e-01  9.868535e-01  4.506848e-01  2.173051e-01  6.691661e+00 6 1 -1.000000e+00
 6.896509e-01  3.900218e-01  1.565737e+00  0.000000e+00  0.000000e+00  1.927860e-01 -2.958758e-02 -1.097369e-01  1.943466e-02
-1.777766e-01 -8.056237e-02 -3.402426e-01  7.090279e+01  5.000000e-01  9.950336e-01 -1.111213e+00 -1.305492e+00  6.628236e-01
-7.843468e-03 -3.691280e-03  1.023840e-03  7.692216e+01  1.000000e+00  3.477505e+01 -9.074839e+00 -9.038009e+00  3.408510e+01
3 -4.107264e-01 -9.516636e-01  8.868132e-01  3.065474e-01  1.059122e-01  1.713378e+00 6 1  2.955038e-01
-7.402414e-01 -2.600152e-01  1.502010e+00  0.000000e+00  0.000000e+00  1.713088e-01 -8.748673e-02 -1.153283e-01  5.874490e-03
 1.108014e-02  5.880060e-03  3.358267e-03  6.518844e+01  1.000000e+00  1.908389e+01 -2.505874e+00 -4.793231e+00  1.814383e+01
 9.066632e-02  4.987171e-02 -1.590811e-01  6.400306e+01  5.000000e-01  1.487333e+00 -1.374326e+00 -2.152863e+00  9.640908e-01
3 -2.766619e-01  9.279837e-02  8.423165e-01  3.976311e-01  1.345349e-01  2.387880e+00 6 1 -1.000000e+00
-6.240111e-01  8.327767e-02  2.212369e+00  0.000000e+00  0.000000e+00  2.241700e-01 -3.557787e-01  1.527404e-01  2.417673e-02
 1.996516e-01 -9.300815e-02 -2.976410e-01  5.720566e+01  5.000000e-01  7.913983e-01 -1.233615e+00  1.371664e+00  4.614218e-01
 3.270138e-03 -1.511890e-03  2.018371e-04  6.968951e+01  1.000000e+00  7.536601e+01 -1.109732e+01  2.127586e+01  7.452141e+01
3  5.606943e-01  4.725340e-01  1.788549e+00  7.294736e-01  1.114852e-01  4.329470e+00 6 1 -1.000000e+00
 1.254347e+00  9.840720e-01  1.418143e+00  0.000000e+00  0.000000e+00  1.559287e-01  2.702920e-02 -8.110758e-02  3.731886e-03
-1.538675e-01 -1.185782e-01 -1.581019e-01  1.589500e+02  5.000000e-01  1.732787e+00 -6.129471e-01 -2.546823e+00  9.017925e-01
-1.266551e-02 -9.683335e-03  1.098364e-03  1.623660e+02  1.000000e+00  3.435903e+01 -4.493410e+00 -1.349776e+01  3.243096e+01
3  1.393115e-02  4.998318e-02  3.271813e-01  1.559465e-01  4.291239e-01  1.235608e+00 6 3 -1.000000e+00
-5.211311e-03 -1.045796e-01 -1.895429e+00  2.019812e+00  5.000000e-01  1.182154e+00  7.453343e-01 -7.240137e-02  9.005792e-01
 1.508890e-01  1.829623e-01  4.416974e+00  0.000000e+00  0.000000e+00  4.037551e-01  4.845017e-02 -3.560354e-01  1.979300e-01
-2.208105e-03 -1.928278e-02  2.103005e-01  2.118868e+00  1.000000e+00  3.553457e+00  1.326648e+00 -7.103692e-02  3.130611e+00
5  6.465434e-03  1.789521e-01  3.013884e+00  1.724734e+00  1.000000e+00  2.236490e+00 6 3 -1.000000e+00
-1.131684e+00 -7.143492e-01 -2.374918e+00  6.267480e+01  5.000000e-01  8.961189e-01 -2.787689e-01 -5.951020e-01  4.104238e-01
 1.387858e+00 -1.608903e-01 -1.026722e+01  4.787812e+01  5.000000e-01  6.348958e-01 -4.263370e-01  2.212130e-01  1.345044e-01
-1.625519e-01  1.763006e+00  4.314357e+00  0.000000e+00  0.000000e+00  4.414594e-01  2.629400e-01  1.050994e-01  2.908238e-02
 7.263576e-01 -1.116810e+00  1.341067e+01  4.589296e+01  0.000000e+00  5.220022e-01  1.482859e-01  3.632157e-01  5.104602e-02
-5.724036e-03 -1.072928e-02  7.492544e-03  1.027607e+02  1.000000e+00  1.384507e+01 -2.112371e+00 -5.202667e+00  1.263142e+01
3 -3.786839e-01  1.532709e-01  1.064069e+00  5.835114e-01  1.026029e-01  3.644525e+00 6 3 -1.000000e+00
-8.477566e-01  2.435735e-01  3.056135e+00  0.000000e+00  0.000000e+00  3.175656e-01 -2.432109e-01  2.816993e-01  1.432183e-02
 1.789597e-01 -3.588279e-02 -3.135682e-01  6.797162e+01  5.000000e-01  1.398295e+00 -1.503548e+00  1.042631e+00  7.288187e-01
 2.137147e-02 -2.405410e-03  6.558603e-03  7.002990e+01  1.000000e+00  1.503135e+01 -6.660409e+00 -2.150822e-01  1.383082e+01
1  1.378351e+00 -1.201872e+00  0.000000e+00  8.018169e-01  0.000000e+00  6.203793e+00 0 2  2.764056e-01
 1.522327e+00 -3.979144e-01  3.545861e+00  0.000000e+00  0.000000e+00  3.840381e-01 -2.125358e-02  3.113492e-01  5.943786e-04
3  5.862917e-02 -1.247575e-01  4.104070e-01  2.019884e-01  2.215688e-01  1.869087e+00 6 1 -1.000000e+00
 1.592544e-01 -2.672855e-01  2.228192e+00  0.000000e+00  0.000000e+00  2.113871e-01  2.287109e-01  3.475735e-01  8.592686e-02
-3.920178e-02  9.194855e-02 -4.936980e-01  1.566198e+01  5.000000e-01  1.091961e+00  1.003348e+00  1.013548e+00  9.077956e-01
-4.757935e-03  1.055260e-02  1.437108e-02  1.654822e+01  1.000000e+00  1.002975e+01  2.364256e+00  2.522394e+00  9.733336e+00
5  1.081545e+00 -1.011663e+00  1.547422e+00  5.613869e-01  1.000000e+00  2.808580e+00 6 3  2.895746e-01
-6.974992e-01 -5.274514e-01  2.827788e+00  0.000000e+00  0.000000e+00  3.668452e-01 -1.323177e-01 -1.724637e-01  1.183254e-02
 4.753809e-01 -2.466960e-01 -2.315022e+00  1.515927e+01  5.000000e-01  4.780507e-01 -4.308159e-01  7.202708e-01  2.797588e-02
-4.532978e-02  6.152204e-01 -3.865353e+00  1.300312e+01  5.000000e-01  5.200507e-01  6.376614e-01  2.871374e-01  7.096377e-02
 4.383012e-01  5.234881e-01  5.467799e+00  1.211613e+01  0.000000e+00  4.417334e-01  5.211708e-02 -3.550443e-01  3.415897e-02
 2.114041e-04  1.521801e-04  1.099925e-05  4.155823e+01  1.000000e+00  3.126489e+02  5.905303e+01 -5.217745e+01  3.106999e+02
3 -4.605706e-01  3.769835e-02  1.674675e+00  6.949283e-01  2.786772e-01  3.601824e+00 6 1 -1.000000e+00
 3.933045e-01 -7.318554e-02 -6.260032e-01  2.147774e+02  5.000000e-01  7.062914e-01 -1.240965e+00  3.790867e-01  1.917796e-01
-1.277581e+00  3.941666e-02  2.246338e+00  0.000000e+00  0.000000e+00  3.053214e-01 -1.910089e-01  3.041262e-02  6.484070e-03
 2.867353e-03 -7.839129e-04  5.392846e-05  2.662593e+02  1.000000e+00  1.445909e+02 -2.669124e+01  3.691681e+01  1.431035e+02
2  8.454738e-01 -1.681153e+00  4.488126e+00  2.442500e+00  1.507665e-02  2.739599e+00 6 2  2.743332e-01
 2.143636e+00  3.717898e+00  3.517451e+00  0.000000e+00  0.000000e+00  4.028119e-01  1.951384e-01 -1.850889e-01  1.920141e-04
-6.025704e-02 -1.918504e-01 -5.303137e-02  1.217724e+03  5.000000e-01  3.425102e+00  4.080208e+00 -2.844254e+00  1.004150e+00
1  1.394373e-04 -3.133279e+00  0.000000e+00  1.681903e+00  0.000000e+00  5.313213e+00 0 2  2.815078e-01
-1.192447e+00  2.993365e+00  4.722483e+00  0.000000e+00  0.000000e+00  4.066084e-01  3.152216e-01  2.024747e-01  1.237601e-03
5  6.311624e-02  9.225523e-02  1.130141e+00  4.484346e-01  1.000000e+00  4.890245e+00 6 3 -1.000000e+00
 2.933636e-02 -4.464635e-01  6.362262e+00  2.324438e+01  0.000000e+00  4.172891e-01  3.781576e-01  1.984238e-01  4.135385e-02
 2.015733e-01 -3.561708e-01 -4.839003e+00  2.344496e+01  5.000000e-01  4.567106e-01  1.427107e-01  6.938668e-01  5.354910e-02
-3.368809e-01 -8.394768e-02 -1.355605e+00  2.761197e+01  5.000000e-01  5.379985e-01 -9.374062e-01 -2.690600e-01  6.772992e-02
 2.485750e-01  6.622087e-01  2.014885e+00  0.000000e+00  0.000000e+00  2.899098e-01  4.399358e-02 -7.737206e-02  1.059141e-02
-2.758746e-04 -4.348522e-04  2.852040e-05  5.043610e+01  1.000000e+00  1.897478e+02  1.487908e+01 -1.848588e+01  1.875841e+02
3  3.860455e-01  7.404522e-02  1.108570e+00  5.727757e-01  1.743873e-01  1.413050e+00 6 1 -1.000000e+00
-2.436005e-01 -5.371649e-02 -3.448494e-01  6.300271e+01  5.000000e-01  1.231815e+00 -1.584288e+00 -6.660226e-01  1.014413e+00
 8.387501e-01  1.859604e-01  1.977492e+00  0.000000e+00  0.000000e+00  2.160259e-01 -3.078922e-01 -1.188555e-01  6.750983e-02
-2.331709e-02 -5.434277e-03  6.150970e-03  6.675967e+01  1.000000e+00  1.529060e+01 -5.665163e+00 -3.090508e+00  1.494178e+01
3 -1.727979e-01  6.946592e-01  1.957544e+00  9.286166e-01  1.720426e-01  2.449165e+00 6 1 -1.000000e+00
-8.562564e-01  1.470350e+00  1.845121e+00  0.000000e+00  0.000000e+00  2.278285e-01  2.048042e-01  1.110600e-01  7.667429e-03
 3.211749e-02 -2.740040e-01 -3.174395e-01  2.490701e+02  5.000000e-01  1.424236e+00  1.808312e+00  2.453388e-01  7.251036e-01
 6.522740e-03 -3.092649e-02  5.366841e-03  2.545225e+02  1.000000e+00  1.594601e+01  5.739711e+00  2.027185e+00  1.461918e+01
5 -1.181411e-02 -1.330760e-02  8.099302e-01  2.953260e-01  1.000000e+00  2.258521e+00 6 3 -1.000000e+00
 1.293848e-01 -3.361882e-01 -1.677449e+00  8.021789e+00  5.000000e-01  5.336968e-01  6.981351e-01  5.711300e-01  2.753319e-01
-4.005608e-01 -1.191716e-01  2.694230e+00  0.000000e+00  0.000000e+00  2.659285e-01 -3.227709e-01 -2.520244e-01  3.824586e-02
 3.919159e-01  4.806373e-02  3.126473e+00  3.270577e+00  0.000000e+00  2.791932e-01 -4.264439e-01 -1.336369e-01  4.698251e-02
-6.481169e-02  3.376539e-01 -1.477659e+00  9.914500e+00  5.000000e-01  5.420295e-01  8.975508e-01  2.844044e-01  2.752982e-01
 7.634599e-05  1.619282e-04  1.527766e-04  3.269636e+01  1.000000e+00  8.528518e+01  2.104946e+01  1.074281e+01  8.413188e+01
3 -1.462451e-01  1.557457e-01  6.353828e-01  2.674154e-01  3.235134e-01  2.817846e+00 6 1 -1.000000e+00
 1.040341e-01 -1.120610e-01 -5.243029e-01  3.084279e+01  5.000000e-01  6.674762e-01 -8.883120e-03  1.420488e+00  4.205434e-01
-2.889728e-01  3.871953e-01  1.620653e+00  0.000000e+00  0.000000e+00  1.714499e-01 -1.032186e-02  2.633504e-01  2.498032e-02
 3.416404e-03 -4.087381e-03  1.302129e-03  3.489002e+01  1.000000e+00  2.926462e+01  2.166863e+00  5.120587e+00  2.869715e+01
3 -1.370386e-01  3.648085e-02  6.669194e-01  3.028783e-01  5.079678e-01  3.822483e+00 6 1 -1.000000e+00
 2.222841e-01 -4.910988e-02 -1.116361e+00  2.000760e+01  5.000000e-01  4.071240e-01 -1.028772e+00  4.346234e-01  1.183422e-01
-4.151169e-01  1.471078e-01  2.197700e+00  0.000000e+00  0.000000e+00  2.302133e-01 -3.125806e-01  1.996089e-01  1.936340e-02
 5.487562e-04 -1.480837e-04  2.342494e-05  3.405862e+01  1.000000e+00  2.090024e+02 -2.041680e+01  1.259480e+01  2.079325e+02
1 -1.071183e+00 -1.012985e+00  0.000000e+00  1.675231e+00  0.000000e+00  2.951379e+00 0 2 -1.000000e+00
-3.134586e+00 -1.696382e+00  3.363484e+00  0.000000e+00  0.000000e+00  4.063750e-01 -6.634056e-02 -2.251194e-01  3.534038e-03
3 -3.628319e-01  2.274215e-01  2.361373e+00  1.055900e+00  7.509157e-01  4.523218e+00 6 1 -1.000000e+00
 6.654012e-01 -3.745151e-01 -1.933285e+00  1.082375e+02  5.000000e-01  5.143111e-01 -4.660890e-01  7.320580e-01  5.103229e-02
-1.325315e+00  8.955765e-01  2.574571e+00  0.000000e+00  0.000000e+00  3.394178e-01 -8.858006e-02  2.002701e-01  6.085486e-03
 5.076290e-04 -3.087463e-04  2.578446e-06  1.936763e+02  1.000000e+00  6.281343e+02 -4.033621e+01  6.196681e+01  6.263609e+02
3 -5.904713e-01  5.734049e-01  2.608192e+00  1.021552e+00  1.679155e-01  3.832047e+00 6 1 -1.000000e+00
 3.623107e-01 -3.243878e-01 -3.612742e-01  3.654191e+02  5.000000e-01  8.071116e-01 -3.279481e-01  1.642448e+00  1.407247e-01
-1.339518e+00  1.652084e+00  2.151524e+00  0.000000e+00  0.000000e+00  3.035598e-01  9.222651e-03  1.419756e-01  2.370360e-03
 1.794587e-03 -2.177510e-03  2.207497e-05  4.310756e+02  1.000000e+00  2.159098e+02  2.426283e+01  1.724467e+01  2.139075e+02
1 -3.892199e+00  2.877067e+00  0.000000e+00  4.027656e+00  0.000000e+00  3.389408e+00 0 2 -1.000000e+00
-1.034457e+01  3.926113e+00  3.282466e+00  0.000000e+00  0.000000e+00  4.094564e-01 -1.410640e-01  1.555432e-01  3.815158e-05
3  1.456466e-01  8.155932e-01  2.234589e+00  1.055014e+00  3.080189e-01  3.715262e+00 6 1 -1.000000e+00
-1.253856e-03 -4.289502e-01 -5.196366e-01  6.749030e+01  5.000000e-01  1.014374e+00  1.367358e+00 -2.344357e-01  6.962864e-01
 2.761898e-01  1.788348e+00  1.687028e+00  0.000000e+00  0.000000e+00  1.939550e-01  2.118768e-01 -1.098106e-01  2.203959e-02
 2.084674e-03 -5.397961e-02  1.291170e-02  6.981194e+01  1.000000e+00  1.039528e+01  2.965135e+00  1.424849e+00  9.855700e+00
3 -1.131012e-01  7.775562e-01  2.647993e+00  1.338119e+00  1.229297e-01  2.745301e+00 6 1 -1.000000e+00
-2.355144e-01  2.353609e+00  2.788807e+00  0.000000e+00  0.000000e+00  3.741184e-01  1.692976e-01  6.700626e-02  1.207718e-03
 3.956431e-02 -2.800574e-01 -3.428272e-01  4.897425e+02  5.000000e-01  1.520518e+00  1.715749e+00  4.940309e-01  3.812164e-01
 2.169262e-03 -1.468914e-02  9.275791e-04  5.015015e+02  1.000000e+00  3.560531e+01  1.045724e+01  3.177774e+00  3.329857e+01
3  1.930193e-01  5.779796e-01  1.324181e+00  5.151712e-01  3.636035e-02  8.094072e+00 6 2 -1.000000e+00
 3.668384e-01  9.674756e-01  3.023649e+00  0.000000e+00  0.000000e+00  2.663278e-01  3.571149e-01 -2.828738e-01  1.719089e-02
-9.640029e-02 -2.730342e-01 -1.099409e-01  1.365927e+02  5.000000e-01  9.599222e-01  2.410651e+00 -1.812777e+00  5.699838e-01
-5.536592e-04 -1.424223e-03  5.360009e-06  1.740148e+02  1.000000e+00  4.780636e+02  1.404197e+02 -1.459628e+02  4.770852e+02
3 -2.358165e-01 -7.211221e-01  1.721892e+00  6.876974e-01  1.168309e-01  7.402712e+00 6 1 -1.000000e+00
-5.744708e-01 -1.482080e+00  1.680152e+00  0.000000e+00  0.000000e+00  2.233805e-01  7.404111e-02 -4.971342e-02  9.531440e-03
 1.948788e-02  6.335248e-02  5.385970e-02  1.400202e+02  1.000000e+00  7.261685e+00  3.796964e+00 -2.494997e+00  6.559437e+00
 3.842051e-02  1.270433e-01 -1.962937e-01  1.399122e+02  5.000000e-01  3.182963e+00  2.636113e+00 -1.706059e+00  2.590139e+00
1 -1.007095e+00 -2.080166e+00  0.000000e+00  4.326102e-01  0.000000e+00  3.712291e+00 0 2  3.021537e-01
-9.178945e-01 -1.203187e+00  3.482298e+00  0.000000e+00  0.000000e+00  3.706659e-01  1.866055e-01 -2.721636e-01  7.539046e-04
3 -6.999316e-02  2.477434e-01  1.259679e+00  4.904496e-01  3.048697e-01  6.222872e+00 6 3 -1.000000e+00
 1.348458e-01 -3.491436e-01 -9.765012e-01  3.952042e+01  5.000000e-01  8.543734e-01  8.891740e-01  5.046196e-01  2.991174e-01
-3.547784e-01  8.114852e-01  3.203012e+00  0.000000e+00  0.000000e+00  3.613886e-01  2.501730e-01  1.817468e-01  3.854141e-02
 4.042994e-03 -7.346286e-03  8.955542e-04  4.843543e+01  1.000000e+00  4.087386e+01  8.141205e+00  2.017469e+01  3.916994e+01
3  1.891893e-02 -9.903150e-03  1.438223e-01  6.802840e-02  1.754881e-01  5.040523e+00 6 3 -1.000000e+00
 8.327252e-02 -3.923432e-02  1.168679e+01  0.000000e+00  0.000000e+00  4.523785e-01 -2.741680e-01  3.730342e-01  3.003789e-02
-4.588707e-02  2.403220e-02 -2.050892e+00  8.220498e-01  5.000000e-01  6.471187e-01 -4.465472e-01  6.424280e-01  1.234199e-01
-6.484935e-04  3.645706e-04  3.013635e-03  1.175785e+00  1.000000e+00  1.924634e+01  9.289912e-01 -4.905655e-01  1.794812e+01
3 -3.728911e-02 -3.239634e-02  2.700426e-01  1.235108e-01  4.738784e-01  2.035661e+00 6 3 -1.000000e+00
-1.417501e-01 -1.108274e-01  1.872727e+00  0.000000e+00  0.000000e+00  2.207063e-01 -2.839088e-02 -2.692803e-01  8.049510e-02
 6.552772e-02  6.225898e-02 -3.951914e+00  6.168330e+00  5.000000e-01  5.261369e-01  9.396628e-03 -6.910137e-01  3.512322e-01
 2.630774e-03  2.198833e-03  9.807691e-03  7.644858e+00  1.000000e+00  1.119149e+01 -4.021813e-01 -1.320578e+00  1.083511e+01
1  2.297495e+00  9.498522e-01  0.000000e+00  2.317657e+00  0.000000e+00  1.298320e+00 0 2 -1.000000e+00
 3.609497e+00  2.433647e+00  4.181440e+00  0.000000e+00  0.000000e+00  4.100995e-01 -1.812213e-01 -2.756616e-01  1.699792e-02
1 -2.317186e-02 -4.861825e-02  0.000000e+00  8.701651e-02  0.000000e+00  1.301980e+01 0 2 -1.000000e+00
-7.626923e-02 -1.253152e-01  3.660487e+00  0.000000e+00  0.000000e+00  4.063428e-01  1.694553e-01 -2.247802e-01  1.346178e-02
3 -1.625596e-01  5.225068e-02  8.776073e-01  3.821783e-01  3.448878e-01  3.694767e+00 6 1 -1.000000e+00
 2.737748e-01 -1.727503e-01 -7.832843e-01  7.734282e+01  5.000000e-01  3.764367e-01 -5.265177e-01  1.178256e+00  6.567768e-02
-5.950801e-01 -4.911497e-02  2.271128e+00  0.000000e+00  0.000000e+00  2.383631e-01 -3.720325e-01  3.705047e-02  8.923399e-03
 1.714394e-04 -7.791881e-05  1.914594e-06  1.674417e+02  1.000000e+00  7.285035e+02  4.784414e+01  6.832398e+01  7.274217e+02
3  3.399958e-01 -5.554186e-01  1.502561e+00  5.266453e-01  2.423931e-01  2.037834e+00 6 1 -1.000000e+00
 7.219557e-01 -1.038877e+00  1.384634e+00  0.000000e+00  0.000000e+00  1.366641e-01  5.556914e-02  1.415930e-01  8.773207e-03
-7.121465e-02  2.372774e-01 -3.356258e-01  8.830941e+01  5.000000e-01  8.962812e-01  1.235727e+00  1.209646e+00  6.572439e-01
-6.129668e-03  2.354760e-02  5.041936e-03  9.142657e+01  1.000000e+00  1.584537e+01  4.607683e+00 -9.043341e-01  1.544824e+01
1 -1.010843e+00  4.682581e-02  0.000000e+00  1.466513e+00  0.000000e+00  1.548539e+00 0 2 -1.000000e+00
-2.516446e+00 -2.754420e-01  3.284444e+00  0.000000e+00  0.000000e+00  4.068580e-01 -2.127764e-01 -4.558640e-02  1.697087e-02
5 -9.279058e-01 -7.203281e-01  1.718068e+00  5.792292e-01  1.000000e+00  2.998733e+00 6 3  3.030734e-01
 2.973073e-01 -9.254852e-01  3.533056e+00  0.000000e+00  0.000000e+00  4.665908e-01 -2.869572e-02  2.570659e-02  4.706795e-03
-4.443506e-01 -1.799284e-01 -2.109658e+00  1.648013e+01  5.000000e-01  8.028392e-01 -4.388109e-01 -5.659752e-01  4.606593e-02
 2.723826e-01  2.286301e-01 -1.740628e+00  2.236474e+01  5.000000e-01  9.210943e-01 -1.880302e-01 -7.384959e-01  8.618949e-02
-5.782461e-01  5.527449e-01  3.986388e+00  9.529117e+00  0.000000e+00  4.979020e-01 -4.998718e-03  3.498304e-02  7.976754e-03
 3.941531e-03  7.178324e-03  2.130077e-02  2.658553e+01  1.000000e+00  8.080431e+00  3.715432e-01 -1.745794e+00  4.177214e+00
1  1.279551e+00 -2.082391e+00  0.000000e+00  1.479005e+00  0.000000e+00  8.552553e+00 0 2 -1.000000e+00
 2.342973e+00 -3.659750e+00  3.107077e+00  0.000000e+00  0.000000e+00  3.806215e-01  1.268980e-01  2.137306e-01  9.994759e-04
3 -6.080745e-01 -9.389059e-01  5.657477e+00  2.824615e+00  1.138095e-01  2.346440e+00 6 3 -1.000000e+00
-4.271742e+00 -1.835326e+00  6.148642e+00  0.000000e+00  0.000000e+00  5.380662e-01 -1.193576e-01 -1.910473e-01  4.855195e-03
 5.848747e-01  1.066452e+00 -6.997739e-01  5.881332e+02  5.000000e-01  1.293086e+00  6.968629e-01 -1.014551e+00  2.143362e-01
 1.564183e-02  2.537723e-02  1.024341e-03  6.506769e+02  1.000000e+00  3.448333e+01  5.850585e+00 -1.051983e+01  3.214946e+01
3  1.176177e-01 -1.716185e-01  9.630766e-01  5.251328e-01  5.176447e-01  1.577127e+00 6 1 -1.000000e+00
 3.098110e-01 -5.714120e-01  2.158150e+00  0.000000e+00  0.000000e+00  2.467645e-01  1.618744e-01  2.789277e-01  1.710922e-02
-2.238652e-01  2.302777e-01 -1.117155e+00  6.212148e+01  5.000000e-01  4.468314e-01  6.279005e-02  1.094159e+00  1.449332e-01
-7.669463e-04  8.279585e-04  4.138857e-05  9.879531e+01  1.000000e+00  1.598765e+02 -1.683858e+01  2.823050e+01  1.589861e+02
1 -2.113731e-02 -4.290870e-02  0.000000e+00  2.083921e-02  0.000000e+00  8.988494e+00 0 2  2.758025e-01
-3.901049e-02  1.938506e-02  3.252083e+00  0.000000e+00  0.000000e+00  4.008115e-01 -2.171107e-01  6.629243e-02  5.768750e-04
