# num_image x_src y_src, sep, ein, fr, zs, fs, flag_out, frac_sh_trunc
# x_img, y_img, mag, delay, n_i, kappa, gamma1, gamma2, kappa*
# zmin, zmax, log10Mhmin, log10Mhmax, log10mshmin, log10mshmax, n_bins: 0.10, 3.00, 10.00, 16.00, 9.00, 16.00, 100
3  3.233386e-01  5.134655e-01  1.723901e+00  7.331629e-01  1.044614e-01  2.802287e+00 6 1 -1.000000e+00
 6.729039e-01  1.315091e+00  2.266382e+00  0.000000e+00  0.000000e+00  3.168270e-01  7.695274e-02 -1.398986e-01  1.406756e-03
-1.371958e-01 -2.066096e-01 -2.367495e-01  3.254766e+02  5.000000e-01  9.575478e-01  6.892131e-01 -1.936663e+00  2.054008e-01
-1.239997e-03 -2.301980e-03  4.218038e-05  3.582338e+02  1.000000e+00  1.556397e+02  1.371646e+01 -4.196081e+00  1.537135e+02
1  5.242760e-01 -5.961654e-01  0.000000e+00  2.194931e-01  0.000000e+00  5.586782e+00 0 2  2.767637e-01
 5.372615e-01 -1.694363e-01  3.395625e+00  0.000000e+00  0.000000e+00  4.092292e-01 -9.555090e-02  2.130344e-01  7.354216e-03
3 -1.450241e-01 -2.520927e-01  9.125199e-01  4.593639e-01  2.198104e-01  4.172817e+00 6 1 -1.000000e+00
-5.306582e-01 -4.442891e-01  1.682366e+00  0.000000e+00  0.000000e+00  1.856048e-01  1.176738e-01 -2.345026e-01  1.137643e-02
 8.982680e-02  2.248080e-01 -3.698017e-01  6.208656e+01  5.000000e-01  4.371949e-01  1.370515e+00 -1.068920e+00  1.754821e-01
 6.283494e-04  9.825977e-04  2.977720e-05  8.489425e+01  1.000000e+00  1.846620e+02 -3.223051e+00 -1.177204e+01  1.839635e+02
3  9.254058e-01 -4.040845e-01  2.517882e+00  9.629377e-01  1.048060e-01  8.167960e+00 6 1 -1.000000e+00
 1.880126e+00 -1.047019e+00  1.706081e+00  0.000000e+00  0.000000e+00  2.242927e-01 -1.048106e-01  6.780888e-02  6.409320e-03
-1.261610e-02  5.845864e-03  3.564062e-04  1.789528e+02  1.000000e+00  5.670027e+01 -1.055843e+01  1.361074e+01  5.564021e+01
-3.380609e-01  1.443588e-01 -1.788075e-01  1.685381e+02  5.000000e-01  1.159686e+00 -1.708518e+00  1.642885e+00  6.588114e-01
3 -2.684033e-01 -1.031763e+00  4.414248e+00  1.470084e+00  7.042073e-01  8.362845e+00 6 1 -1.000000e+00
-9.418215e-01 -3.439396e+00  1.769477e+00  0.000000e+00  0.000000e+00  2.479053e-01  1.785144e-02  1.374678e-02  5.119365e-03
 1.008791e-01  8.499353e-01 -1.246078e+00  2.546948e+02  5.000000e-01  8.829998e-01  8.548189e-01 -2.923891e-01  2.920099e-01
 1.400338e-03  2.909000e-02  1.009867e-03  2.742944e+02  1.000000e+00  3.681079e+01  1.698751e+01  1.899310e+00  3.525255e+01
3  1.428944e-01 -4.873956e-01  3.330359e-01  7.456385e-01  6.819684e-01  3.459561e+00 6 1  2.882689e-01
 3.215989e-02  2.410644e-01 -2.146702e+00  3.375621e+01  5.000000e-01  1.025246e+00  6.738611e-01  1.112631e-01  1.074639e-01
 8.811809e-02 -8.723675e-02 -1.463983e+00  3.485356e+01  5.000000e-01  1.539527e+00  5.144181e-01  8.423366e-01  2.244943e-01
 3.932988e-02 -8.460574e-03  7.420100e-01  3.494852e+01  1.000000e+00  2.274537e+00  1.605574e-01  5.009741e-01  5.091968e-01
3 -4.941960e-01 -1.828141e-01  1.609841e+00  1.026068e+00  4.181499e-02  4.762070e+00 6 2 -1.000000e+00
-1.247259e+00  1.464318e-01  4.551818e+00  0.000000e+00  0.000000e+00  4.085371e-01 -3.599267e-01 -2.426386e-02  1.515424e-02
 4.804915e-03  1.831990e-03  7.777847e-05  2.392076e+02  1.000000e+00  1.313096e+02 -4.749135e+01 -4.322186e+01  1.299537e+02
 3.625773e-01  1.426094e-01 -1.903342e-01  1.960368e+02  5.000000e-01  1.286796e+00 -1.668615e+00 -1.597465e+00  6.501512e-01
3 -3.383479e-01 -3.060577e-02  1.137504e+00  5.801929e-01  1.375810e-01  9.946638e+00 6 1 -1.000000e+00
-7.958386e-01 -2.170828e-01  2.824404e+00  0.000000e+00  0.000000e+00  2.957165e-01 -3.422140e-01 -1.576322e-01  6.160448e-03
 3.231225e-01 -1.252949e-02 -3.885845e-01  9.700171e+01  5.000000e-01  5.879890e-01 -1.656251e+00  5.490698e-03  1.427926e-01
 6.377956e-04 -9.789336e-05  3.858499e-06  1.467940e+02  1.000000e+00  5.441421e+02 -1.312142e+02  1.364481e+02  5.426732e+02
2 -5.045369e-01  8.266745e-02  1.515737e+00  8.947328e-01  1.049384e-01  9.856447e+00 6 1 -1.000000e+00
-1.155626e+00  2.758919e-01  1.977037e+00  0.000000e+00  0.000000e+00  2.703114e-01 -1.545664e-01  5.241333e-02  1.305057e-02
 3.250979e-01 -4.801470e-02 -2.074670e-01  1.925579e+02  5.000000e-01  9.270654e-01 -2.124990e+00  5.565793e-01  4.894744e-01
3 -5.233973e-01 -1.959884e-01  1.191630e+00  3.919478e-01  2.619696e-01  2.672105e+00 6 1 -1.000000e+00
-1.039432e+00 -2.711822e-01  1.334166e+00  0.000000e+00  0.000000e+00  1.262813e-01 -7.912022e-02 -8.713455e-02  1.539068e-02
 1.036458e-01  6.549924e-02 -3.495110e-01  3.142107e+01  5.000000e-01  2.266726e+00 -9.903356e-01 -1.866808e+00  2.033340e+00
 5.275454e-02  3.306759e-02  1.037185e-01  3.145331e+01  1.000000e+00  5.125260e+00 -9.461240e-01 -2.545809e+00  4.852794e+00
3 -1.095689e-02 -4.922190e-01  1.766533e+00  7.940440e-01  1.686961e-01  2.760493e+00 6 3 -1.000000e+00
 5.672917e-02 -1.360384e+00  3.010429e+00  0.000000e+00  0.000000e+00  3.793660e-01  2.302256e-01  2.043939e-03  6.928880e-03
 2.521968e-02  4.058676e-01 -5.078476e-01  1.768478e+02  5.000000e-01  7.851887e-01  1.408789e+00 -1.747917e-01  1.967740e-01
 1.829522e-04  3.002577e-03  5.497982e-05  2.178267e+02  1.000000e+00  1.390667e+02  2.858111e+01 -7.552705e+00  1.375846e+02
1  9.937854e-02  3.387346e-02  0.000000e+00  3.106493e-02  0.000000e+00  8.204617e+00 0 2  2.704903e-01
-4.637153e-02  1.547661e-02  1.706951e+01  0.000000e+00  0.000000e+00  5.321113e-01 -3.324363e-01  2.232084e-01  2.913023e-02
1 -3.089526e+00 -2.160180e+00  0.000000e+00  3.171357e+00  0.000000e+00  2.597513e+00 0 2 -1.000000e+00
-7.209221e+00 -2.736841e+00  3.211403e+00  0.000000e+00  0.000000e+00  3.871650e-01 -1.723354e-01 -1.856793e-01  8.074630e-04
3  2.701787e-01  2.428781e-01  1.073317e+00  5.109252e-01  1.496176e-01  8.637455e+00 6 1 -1.000000e+00
 6.614430e-01  5.346788e-01  1.902825e+00  0.000000e+00  0.000000e+00  2.509953e-01 -2.982911e-03 -1.883204e-01  3.149195e-02
-1.760410e-01 -1.366117e-01 -2.846960e-01  5.319144e+01  5.000000e-01  1.219115e+00 -2.997977e-01 -1.862968e+00  8.413721e-01
-8.866554e-03 -6.354148e-03  1.096814e-03  5.782509e+01  1.000000e+00  3.571200e+01 -7.129013e+00 -1.556818e+01  3.496674e+01
3  3.087362e-01 -3.699678e-02  1.228776e+00  6.408244e-01  2.580029e-01  6.116584e+00 6 1 -1.000000e+00
 8.466830e-01  1.359712e-02  2.372874e+00  0.000000e+00  0.000000e+00  2.303786e-01 -4.133193e-01  7.371821e-03  5.000561e-02
-3.800923e-01  8.368895e-02 -6.122083e-01  5.184713e+01  5.000000e-01  6.429203e-01 -1.205435e+00  5.548553e-01  3.873206e-01
-5.486433e-03  1.000537e-03  3.909027e-04  6.894554e+01  1.000000e+00  5.430112e+01 -1.483919e+01  7.913701e+00  5.362794e+01
3  2.534571e-01 -8.675924e-02  1.539699e+00  7.536948e-01  3.763890e-01  8.496638e+00 6 1 -1.000000e+00
 1.085334e+00  3.563695e-03  2.888601e+00  0.000000e+00  0.000000e+00  3.687195e-01 -2.140713e-01  8.062338e-02  4.779389e-03
-4.329909e-01  2.592266e-01 -1.087238e+00  1.823756e+02  5.000000e-01  5.907556e-01 -3.878769e-01  9.678815e-01  7.049144e-02
-2.460432e-04  1.088059e-04  9.229779e-07  3.422256e+02  1.000000e+00  1.090218e+03 -1.623260e+02  2.767590e+02  1.087860e+03
1  8.508122e-01  1.052025e-01  0.000000e+00  1.851996e+00  0.000000e+00  1.694312e+00 0 2 -1.000000e+00
 2.092091e+00  7.771609e-01  4.373181e+00  0.000000e+00  0.000000e+00  3.450663e-01 -3.120994e-01 -3.207267e-01  1.906141e-01
1  1.147741e-02 -6.100259e-03  0.000000e+00  4.832857e-03  0.000000e+00  5.302684e+00 0 2 -1.000000e+00
 2.489577e-02 -1.043620e-02  4.544532e+00  0.000000e+00  0.000000e+00  4.865212e-01 -1.432307e-01  1.519893e-01  1.417306e-01
3  8.401677e-01  1.036534e-01  1.725001e+00  6.076547e-01  1.439078e-01  1.622239e+00 6 1 -1.000000e+00
 1.416667e+00  3.183814e-01  1.406219e+00  0.000000e+00  0.000000e+00  1.178022e-01 -2.493608e-01 -7.046437e-02  1.071970e-02
-2.779779e-01 -3.808684e-03 -2.023658e-01  4.811337e+01  5.000000e-01  9.746312e-01 -2.215992e+00 -1.776804e-01  7.172427e-01
-2.122947e-02 -3.022515e-04  2.063547e-03  5.018604e+01  1.000000e+00  2.346287e+01 -4.129283e+00  1.710871e+00  2.295836e+01
3 -8.353815e-02  1.012483e-01  3.013681e-01  1.446097e-01  1.119859e-01  3.003803e+00 6 1 -1.000000e+00
-1.583278e-01  1.917712e-01  1.720802e+00  0.000000e+00  0.000000e+00  1.904063e-01  7.166313e-02  2.630248e-01  3.782493e-02
 3.644893e-02 -3.819566e-02 -1.927056e-01  1.019518e+01  5.000000e-01  1.608091e+00  2.399035e-01  2.345524e+00  1.360859e+00
 4.455882e-03 -4.544679e-03  4.431415e-03  1.053697e+01  1.000000e+00  1.826537e+01 -4.748233e-01  8.497412e+00  1.788739e+01
3  3.467646e-01 -6.091787e-01  2.564326e+00  1.106222e+00  2.739301e-01  1.134314e+01 6 1 -1.000000e+00
 1.599270e+00 -1.441571e+00  1.882893e+00  0.000000e+00  0.000000e+00  2.532739e-01  4.120493e-02  1.574945e-01  2.837012e-03
-1.060088e-01  4.735765e-01 -5.157812e-01  2.426400e+02  5.000000e-01  9.915224e-01  1.340306e+00  3.774362e-01  1.639539e-01
-3.392135e-03  5.907370e-03  1.849585e-04  2.685960e+02  1.000000e+00  7.561810e+01  6.457793e+00  1.093349e+01  7.317125e+01
1  2.938741e-01  8.671359e-02  0.000000e+00  1.171380e-01  0.000000e+00  3.590202e+00 0 2  2.920788e-01
-8.909311e-02  1.520542e-01  3.476398e+00  0.000000e+00  0.000000e+00  3.980922e-01  2.040308e-01  1.816873e-01  4.165822e-03
3  1.106750e+00 -4.111700e-01  6.300546e+00  2.566360e+00  5.534779e-01  2.793532e+00 6 1 -1.000000e+00
 5.058264e+00 -3.801466e-01  2.784269e+00  0.000000e+00  0.000000e+00  3.912170e-01 -7.512671e-02  7.623605e-02  6.429847e-03
-1.132293e+00  7.919807e-01 -1.541031e+00  4.592953e+02  5.000000e-01  9.364519e-01 -1.260350e-01  7.981665e-01  1.870536e-01
-5.330647e-02  2.153863e-02  4.953877e-03  4.974416e+02  1.000000e+00  1.574962e+01 -2.579041e+00  3.006282e+00  1.409716e+01
3 -7.042181e-01  3.995519e-01  6.392380e-01  3.117116e-01  2.408411e-01  7.854938e+00 6 3  2.871466e-01
 1.311323e-01 -6.789181e-02 -7.411932e-01  1.268872e+01  5.000000e-01  1.242686e+00 -8.436149e-01  8.344978e-01  4.515373e-01
-2.450373e-01  4.489463e-01  3.077519e+00  0.000000e+00  0.000000e+00  3.966361e-01  1.175628e-02  1.974153e-01  2.743419e-02
 1.109683e-02 -7.303723e-03  1.433537e-02  1.346638e+01  1.000000e+00  1.056322e+01 -1.639002e+00  4.360184e+00  8.813532e+00
3  7.480081e-03  1.271076e-01  6.773464e-01  2.959117e-01  6.063355e-01  4.166407e+00 6 1 -1.000000e+00
 9.667497e-03 -2.323595e-01 -1.356596e+00  2.134752e+01  5.000000e-01  5.670388e-01  9.472874e-01  1.650487e-01  3.314882e-01
 9.145753e-02  4.400307e-01  2.237369e+00  0.000000e+00  0.000000e+00  2.531610e-01  3.201503e-01 -9.120704e-02  6.942377e-02
-2.373428e-04 -3.804717e-03  1.174533e-03  2.948754e+01  1.000000e+00  3.129195e+01  8.065652e+00 -1.070164e+00  3.070041e+01
1  2.072542e+00 -1.395388e+00  0.000000e+00  1.708200e+00  0.000000e+00  3.684833e+00 0 2 -1.000000e+00
 2.784706e+00 -3.438739e+00  5.003302e+00  0.000000e+00  0.000000e+00  4.477085e-01 -7.883822e-02  3.145512e-01  2.221183e-03
3  2.411688e-01  1.529163e-01  1.275667e+00  7.148905e-01  6.329250e-01  7.801647e+00 6 1 -1.000000e+00
-3.052040e-01 -1.433562e-01 -1.358090e+00  5.789895e+01  5.000000e-01  6.955730e-01 -3.095482e-01 -8.562616e-01  2.697580e-01
 8.820908e-01  3.231814e-01  2.145736e+00  0.000000e+00  0.000000e+00  2.924175e-01 -2.484538e-02 -1.844323e-01  2.493475e-02
-1.104250e-02 -2.934403e-03  2.281422e-03  6.697297e+01  1.000000e+00  2.429208e+01 -1.014147e+01 -1.161169e+00  2.331010e+01
1  2.378972e+00  8.732283e-02  0.000000e+00  2.237361e+00  0.000000e+00  3.594222e+00 0 2 -1.000000e+00
 4.193991e+00  9.504071e-01  3.272413e+00  0.000000e+00  0.000000e+00  3.631118e-01 -3.087466e-01 -6.868245e-02  1.978833e-02
3 -3.657168e-02 -2.375581e-01  7.086628e-01  3.381509e-01  1.547458e-01  7.364772e+00 6 1 -1.000000e+00
-6.712582e-03 -5.165946e-01  2.063132e+00  0.000000e+00  0.000000e+00  2.040470e-01  3.839916e-01 -3.730416e-02  1.545540e-02
 4.915614e-02  1.898625e-01 -3.192610e-01  3.536933e+01  5.000000e-01  5.491268e-01  1.616254e+00 -8.504377e-01  2.537208e-01
 2.338731e-04  9.183848e-04  2.061237e-05  4.900213e+01  1.000000e+00  2.273390e+02  3.542095e+01 -3.821172e+01  2.264984e+02
3  1.737459e-01 -3.337045e-01  2.906311e+00  1.145009e+00  8.331716e-01  2.209285e+00 6 3 -1.000000e+00
 5.791979e-01 -1.825941e+00  4.381163e+00  0.000000e+00  0.000000e+00  4.577612e-01  1.529404e-01  2.058695e-01  1.312893e-02
-4.821271e-01  8.796517e-01 -3.650261e+00  1.771604e+02  5.000000e-01  6.335342e-01  2.347097e-01  5.942740e-01  5.926278e-02
-8.136236e-04  2.891841e-03  7.185595e-05  2.885211e+02  1.000000e+00  1.254572e+02  3.954666e+01  2.988244e+00  1.236088e+02
3 -2.856589e-01 -4.676804e-01  1.586329e+00  8.126890e-01  1.116984e-01  6.454259e+00 6 1 -1.000000e+00
-3.377081e-01 -1.191102e+00  2.491247e+00  0.000000e+00  0.000000e+00  2.900428e-01  1.959120e-01 -2.534804e-01  5.960989e-03
 2.212846e-01  2.934748e-01 -2.782682e-01  1.293909e+02  5.000000e-01  7.212221e-01  5.076825e-01 -1.847601e+00  2.131082e-01
 9.579830e-04  1.316291e-03  1.224150e-05  1.663216e+02  1.000000e+00  2.935528e+02  1.016717e+00 -6.242391e+01  2.920161e+02
3 -2.530864e-02  3.136445e-02  1.806966e-01  7.587254e-02  7.632218e-01  4.198514e+00 6 3 -1.000000e+00
 2.137774e-02 -3.526632e-02 -3.432999e+00  1.641900e+00  5.000000e-01  8.213262e-01  2.211467e-01  5.237451e-01  2.711760e-01
-8.843092e-02  1.082374e-01  2.620140e+00  0.000000e+00  0.000000e+00  3.566903e-01  2.931024e-02  1.770009e-01  1.668384e-02
 2.970011e-03 -4.766185e-03  8.928669e-02  1.704918e+00  1.000000e+00  4.386982e+00  4.731907e-01  2.187719e-01  3.483211e+00
3  1.012897e-01  1.887928e-01  8.791673e-01  4.326418e-01  2.132966e-01  4.161428e+00 6 3 -1.000000e+00
 4.001339e-01  5.043079e-01  3.259147e+00  0.000000e+00  0.000000e+00  3.638910e-01  1.565014e-01 -2.707641e-01  1.744773e-02
-1.151903e-01 -2.079954e-01 -6.951649e-01  1.040975e+02  5.000000e-01  8.089006e-01  7.378369e-01 -9.646883e-01  2.249364e-01
-1.505836e-03 -2.356156e-03  2.201467e-04  1.297710e+02  1.000000e+00  7.182661e+01  5.769786e+00 -2.099269e+01  7.002460e+01
3  9.519381e-01  2.090667e-01  3.684455e+00  2.157001e+00  1.624444e-01  3.172572e+00 6 3 -1.000000e+00
-8.232666e-01 -1.736178e-01 -6.167846e-01  1.615275e+02  5.000000e-01  1.336363e+00 -1.252733e+00 -4.063404e-01  4.013760e-01
 2.587298e+00  1.220389e+00  3.796896e+00  0.000000e+00  0.000000e+00  3.716260e-01 -2.579308e-01 -2.548580e-01  2.435054e-02
-6.503161e-02 -1.929493e-02  7.407340e-03  1.708175e+02  1.000000e+00  1.452065e+01 -5.637316e+00 -4.003411e+00  1.208843e+01
3 -1.928817e+00  1.071827e+00  2.153859e+00  1.179237e+00  2.137668e-01  8.503810e+00 6 3  2.735706e-01
 4.334181e-01 -2.769796e-01 -8.527818e-01  1.778703e+02  5.000000e-01  9.963229e-01 -2.908899e-01  1.043087e+00  2.128036e-01
-1.658466e+00  2.359815e-01  3.989309e+00  0.000000e+00  0.000000e+00  4.488276e-01 -1.658941e-01  1.600008e-01  1.191782e-02
 9.699699e-03 -4.513974e-03  7.225837e-04  2.041457e+02  1.000000e+00  4.130094e+01 -1.157409e+01  1.030938e+01  3.923918e+01
3 -1.829777e+00  2.090890e-01  1.341527e+00  4.575246e-01  1.988616e-01  1.086662e+01 6 1  2.862803e-01
-1.068621e+00  3.354368e-01  1.439079e+00  0.000000e+00  0.000000e+00  1.454298e-01 -1.774068e-01  6.267591e-02  1.447110e-03
 2.033476e-01 -9.093098e-02 -2.861775e-01  1.270398e+02  5.000000e-01  8.114456e-01 -1.318842e+00  1.338112e+00  1.537643e-01
 1.576559e-03 -8.093936e-04  2.355191e-05  1.420622e+02  1.000000e+00  2.103621e+02  1.330914e+01  3.458242e+01  2.071557e+02
1 -5.311454e-01  8.918634e-01  0.000000e+00  9.935807e-01  0.000000e+00  4.756466e+00 0 2 -1.000000e+00
-1.054302e+00  1.543936e+00  3.100614e+00  0.000000e+00  0.000000e+00  3.470900e-01  1.783383e-01  2.682726e-01  4.527308e-03
3 -3.337829e-01  2.606452e-01  1.480076e+00  5.169232e-01  2.449603e-01  9.366040e+00 6 1 -1.000000e+00
 1.954199e-01 -2.799465e-01 -3.589763e-01  1.704040e+02  5.000000e-01  5.250775e-01  8.168769e-01  1.531001e+00  1.438459e-01
-1.093110e+00  4.482820e-01  1.465447e+00  0.000000e+00  0.000000e+00  1.722089e-01  3.737177e-02  3.815475e-02  2.984399e-03
 3.707164e-04 -3.488686e-04  1.845072e-06  2.389527e+02  1.000000e+00  7.515967e+02  4.727165e+01  1.384787e+02  7.503164e+02
3 -4.062800e-01  7.844933e-02  1.655703e+00  6.722191e-01  2.999519e-01  1.399450e+01 6 1 -1.000000e+00
 3.715922e-01  2.085659e-02 -5.653696e-01  1.423636e+02  5.000000e-01  7.228158e-01 -1.308453e+00 -3.654272e-01  2.896746e-01
-1.165948e+00  6.351219e-01  1.884867e+00  0.000000e+00  0.000000e+00  2.659785e-01 -8.301567e-02 -3.680480e-02  9.093158e-03
 5.553967e-03 -8.743618e-04  2.905630e-04  1.676880e+02  1.000000e+00  6.131955e+01 -1.375974e+01  2.742805e+00  6.033234e+01
3 -9.426098e-02 -6.723353e-01  3.230166e+00  1.741368e+00  3.988101e-01  3.421829e+00 6 1 -1.000000e+00
 4.811855e-01 -2.457510e+00  1.917042e+00  0.000000e+00  0.000000e+00  2.692884e-01  1.071318e-01 -2.872717e-02  8.289586e-03
 5.188956e-01  7.724361e-01 -7.645357e-01  1.319973e+02  5.000000e-01  6.564974e-01  4.086714e-01 -1.122036e+00  2.141553e-01
 2.873239e-03  8.103000e-03  2.971051e-04  1.704522e+02  1.000000e+00  6.037231e+01 -8.672879e-01 -1.258993e+01  5.920460e+01
3 -1.893100e-02 -9.635849e-02  4.057312e-01  1.893162e-01  1.451969e-01  1.714726e+00 6 3 -1.000000e+00
 5.148600e-02 -2.885673e-01  4.491526e+00  0.000000e+00  0.000000e+00  3.186469e-01  4.689427e-01  1.472865e-01  1.972891e-01
 2.923239e-02  1.165531e-01 -6.521556e-01  1.300139e+01  5.000000e-01  1.266989e+00  1.108616e+00 -6.128861e-01  1.109237e+00
 3.520606e-03  1.537930e-02  3.495335e-02  1.391552e+01  1.000000e+00  7.199725e+00  2.773244e+00 -1.461555e+00  6.959976e+00
3  9.718643e-02 -4.487283e-01  9.148825e-01  4.253148e-01  1.063051e-01  3.040138e+00 6 1 -1.000000e+00
 4.444775e-02 -8.027032e-01  1.669422e+00  0.000000e+00  0.000000e+00  1.823110e-01  2.303866e-01  1.285591e-01  1.748889e-02
-2.295798e-03  2.706132e-02  1.441699e-02  1.778163e+02  1.000000e+00  1.042366e+01  4.394821e+00  3.581433e-01  9.984840e+00
-1.458736e-02  1.102727e-01 -1.774680e-01  1.763481e+02  5.000000e-01  1.876248e+00  2.338541e+00  9.663610e-01  1.551112e+00
3  1.183936e+00  1.614757e-02  1.476813e+00  8.784557e-01  2.434068e-01  2.717230e+00 6 3  2.790709e-01
 8.591788e-01  8.392618e-01  4.086070e+00  0.000000e+00  0.000000e+00  3.675219e-01 -4.389550e-02 -3.916221e-01  6.858596e-03
-2.620553e-01 -1.218895e-01 -9.945773e-01  1.874649e+02  5.000000e-01  1.699644e+00 -7.781027e-01 -9.431385e-01  2.702581e-01
-8.357844e-02 -3.847975e-02  1.614640e-01  1.888422e+02  1.000000e+00  4.359057e+00 -1.492025e+00 -1.692274e+00  1.623143e+00
3  2.105205e-01 -5.781666e-01  1.469096e+00  6.502330e-01  2.307409e-02  8.818009e+00 6 2 -1.000000e+00
 4.793113e-01 -1.123421e+00  5.800574e+00  0.000000e+00  0.000000e+00  3.461752e-01  3.727772e-01  3.407745e-01  3.002133e-02
-6.642607e-03  1.941366e-02  1.121401e-03  9.606738e+01  1.000000e+00  4.094913e+01  2.108586e+01  1.611140e+01  3.905792e+01
-8.246779e-02  2.340201e-01 -1.338430e-01  9.246976e+01  5.000000e-01  2.412217e+00  2.365488e+00  1.967299e+00  1.539567e+00
3  3.460549e-01  4.213863e-01  1.559594e+00  8.741343e-01  1.354339e-01  4.990443e+00 6 1 -1.000000e+00
 5.557522e-01  1.059507e+00  2.099467e+00  0.000000e+00  0.000000e+00  2.479887e-01  8.975673e-02 -2.848742e-01  4.465324e-03
-2.748286e-01 -2.605189e-01 -2.843390e-01  1.271531e+02  5.000000e-01  6.041082e-01 -1.401212e-02 -1.916628e+00  1.773191e-01
-8.279788e-04 -6.561965e-04  4.574330e-06  1.730578e+02  1.000000e+00  4.918064e+02 -1.033455e+02 -1.077002e+02  4.903598e+02
1 -1.880399e-01  3.110182e-01  0.000000e+00  4.135133e-01  0.000000e+00  7.985167e+00 0 2 -1.000000e+00
-4.949073e-01  5.458654e-01  3.252080e+00  0.000000e+00  0.000000e+00  3.556817e-01  1.722119e-01  2.792735e-01  9.009389e-02
1  9.290187e-01 -3.168903e+00  0.000000e+00  2.979337e+00  0.000000e+00  2.176033e+00 0 2 -1.000000e+00
 1.671992e+00 -6.864561e+00  3.020335e+00  0.000000e+00  0.000000e+00  3.730379e-01  2.214151e-01  1.138760e-01  2.326955e-03
3  9.969878e-02  6.306758e-03  1.248861e+00  6.168813e-01  7.985109e-01  1.550715e+01 6 3 -1.000000e+00
-5.326183e-01 -1.767725e-02 -5.057199e+00  2.131138e+01  5.000000e-01  5.208144e-01 -6.509782e-01 -5.986750e-02  5.479876e-02
 7.148305e-01  4.169748e-02  6.333288e+00  0.000000e+00  0.000000e+00  3.959510e-01 -4.491979e-01 -7.211514e-02  2.463166e-02
-8.005017e-04 -4.178197e-05  8.516910e-05  5.388968e+01  1.000000e+00  1.101713e+02 -1.330055e+01 -3.364606e-01  1.070744e+02
3 -9.191229e-02  1.394071e-01  4.888093e-01  2.778121e-01  2.027966e-01  5.030694e+00 6 1 -1.000000e+00
-2.612946e-01  2.507610e-01  2.021169e+00  0.000000e+00  0.000000e+00  1.998664e-01  1.208696e-01  3.617199e-01  1.806889e-02
 6.982194e-02 -1.088170e-01 -4.098863e-01  2.605959e+01  5.000000e-01  5.007313e-01  8.471148e-01  1.404054e+00  2.386389e-01
 1.045684e-03 -1.211026e-03  1.966012e-04  3.273164e+01  1.000000e+00  7.296295e+01 -7.536758e+00  5.951779e+00  7.234896e+01
3  6.813381e-02  1.420200e-02  1.867898e-01  1.153881e-01  1.718282e-01  1.197812e+00 6 1  2.787525e-01
 5.912840e-02  1.501910e-01  1.359704e+00  0.000000e+00  0.000000e+00  7.890487e-02  2.283525e-01 -2.466118e-01  2.693624e-02
-1.462307e-02 -2.142239e-02 -2.336356e-01  6.775021e+01  5.000000e-01  1.689924e+00  9.530166e-01 -1.961613e+00  1.606986e+00
-4.342240e-03 -6.307269e-03  2.880415e-02  6.821307e+01  1.000000e+00  7.575430e+00  5.795438e-01 -2.860627e+00  7.472444e+00
3 -9.085682e-02 -1.905375e-01  7.190586e-01  4.103390e-01  2.561678e-01  6.153520e+00 6 1 -1.000000e+00
-2.674068e-01 -4.473154e-01  2.348284e+00  0.000000e+00  0.000000e+00  2.494855e-01  2.060166e-01 -3.081984e-01  8.712549e-03
 8.353878e-02  1.802851e-01 -6.015547e-01  4.636014e+01  5.000000e-01  5.378487e-01  9.722580e-01 -9.647058e-01  1.177224e-01
 4.909163e-04  7.118286e-04  2.836491e-05  6.323321e+01  1.000000e+00  1.918975e+02 -1.627470e+01 -3.036688e+01  1.903790e+02
3 -8.317919e-02  3.855086e-01  8.865061e-01  4.121005e-01  1.558055e-01  9.247208e+00 6 1 -1.000000e+00
 2.666560e-02  7.474439e-01  1.431107e+00  0.000000e+00  0.000000e+00  1.349764e-01  1.829224e-01  1.266711e-01  1.938963e-02
 3.328990e-02 -1.390374e-01 -2.229743e-01  2.353877e+01  5.000000e-01  1.150033e+00  1.761952e+00  1.184422e+00  9.130248e-01
 2.163350e-03 -1.452130e-02  3.895190e-03  2.437047e+01  1.000000e+00  1.780654e+01  4.982788e+00  9.512023e-01  1.740474e+01
1 -8.766123e-02 -8.094987e-01  0.000000e+00  2.561344e-01  0.000000e+00  2.750308e+00 0 2  3.122839e-01
-3.679365e-01  2.804551e-01  3.614596e+00  0.000000e+00  0.000000e+00  4.053076e-01  4.946120e-02  2.730504e-01  2.540091e-02
3 -8.247318e-02  2.963236e-01  1.790469e-01  1.036827e-01  3.293665e-01  2.088078e+00 6 1  2.835656e-01
-1.382834e-01  3.897978e-02  2.878645e+00  0.000000e+00  0.000000e+00  3.487889e-01 -2.180013e-01  1.707798e-01  1.526687e-01
 3.286088e-02 -1.362632e-02 -9.481293e-01  4.594431e+00  5.000000e-01  1.882242e+00 -9.322497e-01  9.818196e-01  1.560370e+00
 1.385218e-02 -5.644332e-03  2.387638e-01  4.617051e+00  1.000000e+00  4.061705e+00 -1.619879e+00  1.600558e+00  3.656888e+00
3 -2.061197e-01  5.508681e-01  5.802639e-01  3.245300e-01  2.304136e-01  7.633414e+00 6 3  2.785325e-01
 4.148385e-01 -5.720869e-02  7.277295e+00  0.000000e+00  0.000000e+00  4.827497e-01 -3.227676e-01  1.611066e-01  1.627933e-02
-1.321268e-01  1.365315e-01 -1.676788e+00  1.606415e+01  5.000000e-01  9.875929e-01 -8.934466e-03  7.723033e-01  1.751324e-01
-6.361049e-03  6.327381e-03  1.497673e-02  1.852667e+01  1.000000e+00  9.775687e+00  7.218786e-01  3.117902e+00  7.538786e+00
3  8.101430e-02 -5.290489e-01  6.408908e-01  2.917928e-01  1.013801e-01  5.204073e+00 6 1  2.781796e-01
-4.127032e-01 -4.440619e-01  1.785634e+00  0.000000e+00  0.000000e+00  2.429120e-01 -9.497714e-02 -6.431529e-02  3.257801e-03
 1.895000e-02  8.223089e-03  5.503341e-02  5.299052e+01  1.000000e+00  8.667647e+00 -4.596091e+00 -4.415652e+00  6.782519e+00
 3.508001e-02  1.444783e-02 -1.810278e-01  5.297313e+01  5.000000e-01  4.374037e+00 -3.118655e+00 -2.679950e+00  2.830695e+00
3 -1.372468e-01 -2.805156e-01  8.350967e-01  2.909498e-01  1.160037e-01  3.147503e+00 6 1 -1.000000e+00
-3.449834e-01 -5.349828e-01  1.876885e+00  0.000000e+00  0.000000e+00  2.092990e-01  1.509280e-01 -2.638772e-01  1.559980e-02
 6.737300e-02  1.912049e-01 -2.177257e-01  2.045488e+02  5.000000e-01  7.921554e-01  1.588802e+00 -1.453218e+00  4.882587e-01
 5.397314e-04  1.742978e-03  3.344938e-05  2.569293e+02  1.000000e+00  1.912459e+02  7.347291e+01 -2.998863e+01  1.904753e+02
3 -2.838593e-02 -1.034489e-01  3.499319e-01  2.144700e-01  2.927255e-01  4.391440e+00 6 1 -1.000000e+00
-1.341821e-02 -2.799353e-01  1.657091e+00  0.000000e+00  0.000000e+00  2.125664e-01  1.194468e-01 -4.813370e-02  5.934096e-03
 5.484987e-02  6.327289e-02 -4.850727e-01  3.649889e+01  5.000000e-01  7.550272e-01  4.276396e-01 -1.392366e+00  3.857156e-01
 1.363608e-03  1.691323e-03  7.760914e-04  4.146745e+01  1.000000e+00  4.062378e+01 -8.149634e+00 -1.466696e+01  3.986260e+01
3  3.048191e-01 -5.329887e-02  7.228925e-01  2.610772e-01  1.223043e-01  7.975706e+00 6 1 -1.000000e+00
 5.681676e-01 -6.985799e-02  1.633970e+00  0.000000e+00  0.000000e+00  1.797544e-01 -2.366598e-01  6.920007e-02  4.465250e-03
-7.040269e-04  1.114349e-04  1.118249e-05  6.219604e+01  1.000000e+00  3.000782e+02 -2.386598e+00 -4.068805e+00  2.992755e+02
-1.478187e-01  2.982713e-02 -1.998415e-01  4.967910e+01  5.000000e-01  4.899780e-01 -2.098940e+00  9.265752e-01  1.894975e-01
2 -1.456555e+00 -2.988444e-01  1.927106e+00  9.250135e-01  1.704318e-01  6.587217e+00 6 1  2.857734e-01
-1.139191e+00 -1.106246e+00  1.760908e+00  0.000000e+00  0.000000e+00  2.194687e-01 -4.617566e-02 -1.980103e-01  8.441305e-04
 3.217588e-01  1.504807e-01 -3.001147e-01  1.390741e+02  5.000000e-01  9.816534e-01 -1.180584e+00 -1.392342e+00  8.296027e-02
1  8.696186e-02 -9.976191e-03  0.000000e+00  3.874328e-02  0.000000e+00  7.540705e+00 0 2  2.711757e-01
-4.414478e-02  1.239323e-01  3.408421e+00  0.000000e+00  0.000000e+00  3.606258e-01  3.212234e-01  1.105617e-01  4.510688e-03
1  2.954494e+00  5.004744e+00  0.000000e+00  2.311876e+00  0.000000e+00  9.183630e+00 0 2 -1.000000e+00
 4.658795e+00  6.849543e+00  4.687141e+00  0.000000e+00  0.000000e+00  3.994246e-01  1.634286e-01 -3.473215e-01  1.282259e-03
3  6.695105e-02 -1.294354e-01  5.651074e-01  2.759007e-01  2.870449e-01  2.704685e+00 6 1 -1.000000e+00
 1.117126e-01 -4.193615e-01  2.277684e+00  0.000000e+00  0.000000e+00  2.654921e-01  3.029521e-01  9.316306e-02  1.104963e-01
-9.031785e-02  1.083980e-01 -6.537974e-01  3.004969e+00  5.000000e-01  1.632050e+00  2.496284e-01  1.366272e+00  1.395568e+00
-1.917269e-02  2.470339e-02  6.633069e-02  3.080478e+00  1.000000e+00  6.101485e+00  4.621466e-01  3.276521e+00  5.758165e+00
5 -7.286475e-01  2.245910e+00  1.564098e+01  5.580124e+00  1.000000e+00  6.091142e+00 6 3 -1.000000e+00
-9.195768e+00  3.791614e+00  2.890319e+00  0.000000e+00  0.000000e+00  3.641392e-01 -1.504889e-01  1.889166e-01  2.989279e-04
 6.168170e+00  6.722416e+00  4.150731e+00  5.390100e+02  0.000000e+00  4.319152e-01  6.541794e-02 -2.784231e-01  1.249100e-03
-4.683720e-02  8.461066e+00 -3.866268e+00  7.351192e+02  5.000000e-01  7.407184e-01  5.701151e-01  2.903603e-02  1.082889e-03
 2.139770e-01 -9.987594e-01 -4.977707e-01  2.806477e+03  5.000000e-01  2.776047e+00  2.047837e+00  9.847158e-01  2.538195e-01
 1.719484e-02 -1.087036e-01  6.411619e-03  2.823498e+03  1.000000e+00  1.657735e+01  8.968648e+00  2.500090e+00  1.195496e+01
1 -1.048304e+00  2.108869e+00  0.000000e+00  5.896243e-01  0.000000e+00  1.026161e+01 0 2  2.671482e-01
 5.015060e-02  1.787393e+00  3.197969e+00  0.000000e+00  0.000000e+00  3.126015e-01  3.107513e-01  2.514993e-01  3.603973e-04
5  7.536547e-02 -1.032658e-01  1.732630e+00  5.951992e-01  1.000000e+00  6.161153e+00 6 3 -1.000000e+00
-1.552293e-01 -6.065675e-01 -2.285625e+00  2.769393e+01  5.000000e-01  5.337924e-01  7.485274e-01 -3.075278e-01  2.818869e-02
-7.439183e-01 -2.544444e-01  3.355001e+00  2.261046e+01  0.000000e+00  3.885122e-01 -9.315615e-02 -2.591849e-01  8.417049e-03
 9.868534e-01 -1.742159e-01  2.352877e+00  0.000000e+00  0.000000e+00  3.412392e-01 -6.387259e-02  6.981719e-02  4.385204e-03
-1.072032e-01  4.618161e-01 -7.972749e-01  4.761966e+01  5.000000e-01  6.899617e-01  1.085670e+00  4.143876e-01  7.068734e-02
-1.229545e-04  2.044188e-04  3.720659e-06  9.535745e+01  1.000000e+00  5.312873e+02  8.231536e+01  7.522791e+01  5.285354e+02
3 -8.912521e-02 -1.471542e-01  7.885722e-01  4.206085e-01  5.453762e-01  1.902975e+00 6 1 -1.000000e+00
-2.273310e-01 -5.000975e-01  2.161179e+00  0.000000e+00  0.000000e+00  2.600954e-01  1.995706e-01 -2.119432e-01  1.773614e-02
 1.683445e-01  1.820220e-01 -1.178655e+00  4.868008e+01  5.000000e-01  5.862845e-01  7.009260e-02 -1.007309e+00  1.625236e-01
 1.233668e-03  1.727656e-03  2.565266e-04  6.635072e+01  1.000000e+00  6.415218e+01 -1.026454e+00 -9.429419e+00  6.269264e+01
3  1.305158e-01  1.336597e-01  4.964296e-01  2.338698e-01  1.762658e-01  3.820216e+00 6 1 -1.000000e+00
 2.229557e-01  3.459217e-01  1.879154e+00  0.000000e+00  0.000000e+00  2.338265e-01  3.817751e-03 -2.342068e-01  1.436626e-02
-6.729747e-02 -5.681330e-02 -3.312306e-01  1.211021e+02  5.000000e-01  1.095972e+00 -3.304459e-01 -1.708526e+00  6.513561e-01
-5.174923e-03 -4.763445e-03  3.623617e-03  1.267173e+02  1.000000e+00  1.836901e+01 -1.058513e+00 -4.959292e+00  1.753920e+01
3  3.052208e-01 -3.039232e-01  1.640071e+00  9.639918e-01  1.204564e-01  1.496924e+00 6 3 -1.000000e+00
 7.766730e-01 -9.864685e-01  6.031057e+00  0.000000e+00  0.000000e+00  4.008824e-01  1.222152e-01  4.221338e-01  9.031942e-02
-2.968297e-01  2.534605e-01 -7.264793e-01  3.490864e+01  5.000000e-01  1.493355e+00 -1.642881e-01  1.262106e+00  9.260075e-01
-6.124917e-02  5.260567e-02  6.266326e-02  3.582713e+01  1.000000e+00  5.903009e+00 -5.695558e-01  2.785101e+00  4.975854e+00
1 -2.111135e-01 -2.565022e-01  0.000000e+00  6.084211e-02  0.000000e+00  1.010019e+01 0 2  2.731751e-01
-1.603016e-02 -1.326818e-01  3.170753e+00  0.000000e+00  0.000000e+00  3.791949e-01  1.841175e-01 -1.900453e-01  6.624260e-03
3  3.530599e-01  1.569783e-02  8.473467e-01  3.427035e-01  1.426116e-01  1.088967e+01 6 1 -1.000000e+00
 7.340799e-01  8.375577e-02  1.603889e+00  0.000000e+00  0.000000e+00  2.012772e-01 -1.201203e-01 -6.676054e-03  1.534841e-02
-1.094351e-01  3.263820e-03 -2.287331e-01  4.872945e+01  5.000000e-01  1.750591e+00 -2.219407e+00  9.760282e-02  1.345480e+00
-2.168907e-02  5.384746e-04  1.187098e-02  4.931564e+01  1.000000e+00  1.150326e+01 -5.073095e+00  5.857977e-01  1.090732e+01
3 -4.263598e-01 -7.561462e-01  1.600434e+00  7.698008e-01  1.314326e-02  6.013558e+00 6 2 -1.000000e+00
-9.388874e-01 -1.002166e+00  4.769714e+00  0.000000e+00  0.000000e+00  3.342429e-01  1.693708e-01 -4.526477e-01  7.611295e-03
 2.709789e-03  4.430399e-03  5.250687e-05  2.060419e+02  1.000000e+00  1.478140e+02  1.996154e+01 -4.594309e+01  1.459510e+02
 1.167204e-01  2.007817e-01 -6.268961e-02  1.897957e+02  5.000000e-01  1.673661e+00  2.106641e+00 -3.459406e+00  8.823863e-01
3  3.654741e-01  4.512301e-01  1.691073e+00  8.423509e-01  2.366719e-01  1.852630e+00 6 1 -1.000000e+00
 9.276870e-01  9.762325e-01  1.874079e+00  0.000000e+00  0.000000e+00  2.391951e-01  2.841570e-02 -2.107638e-01  1.674918e-02
-2.245003e-01 -2.615854e-01 -4.435419e-01  9.723798e+01  5.000000e-01  8.815729e-01  4.130959e-01 -1.448432e+00  4.799099e-01
-1.287846e-02 -1.234728e-02  2.049830e-03  1.048998e+02  1.000000e+00  2.401383e+01 -2.109807e+00 -6.110644e+00  2.322086e+01
3 -2.687058e-01  5.941029e-01  6.537544e-01  3.171498e-01  1.341974e-01  1.314405e+01 6 3  2.848096e-01
-3.366526e-02 -1.339109e-01 -4.914271e-01  1.740803e+01  5.000000e-01  1.240868e+00  1.202448e+00 -8.043789e-01  4.154157e-01
-3.873549e-02  5.198238e-01  3.661971e+00  0.000000e+00  0.000000e+00  3.983740e-01  2.979054e-01 -1.136910e-02  1.591341e-02
-1.078169e-03 -6.694689e-03  2.143911e-03  1.873555e+01  1.000000e+00  2.495268e+01  9.954747e+00 -2.862988e+00  2.296033e+01
3  3.075212e-01 -9.589905e-02  1.422260e+00  6.636868e-01  4.623110e-01  5.476362e+00 6 1 -1.000000e+00
 8.889628e-01 -3.206621e-01  2.311647e+00  0.000000e+00  0.000000e+00  2.092612e-01 -3.440653e-01  2.725711e-01  4.553329e-02
-4.641935e-01  1.172770e-01 -1.068700e+00  2.785772e+01  5.000000e-01  4.813611e-01 -9.553687e-01  5.403454e-01  2.513269e-01
-6.089657e-03  1.603131e-03  6.701379e-04  3.875339e+01  1.000000e+00  3.995820e+01 -4.931296e+00  1.092378e+00  3.927107e+01
3  5.077011e-01 -1.981805e-01  5.333784e-01  2.868742e-01  8.602160e-01  2.748497e+00 6 3  2.975372e-01
-2.283571e-01 -3.265370e-01  3.681540e+00  0.000000e+00  0.000000e+00  4.335132e-01  1.291437e-02 -2.216192e-01  1.836169e-02
 1.768909e-01  2.025760e-02 -3.166919e+00  5.696855e+00  5.000000e-01  9.513223e-01 -5.616483e-01 -5.181641e-02  1.727852e-01
 1.609383e-02  6.845147e-03  1.390443e-01  6.257246e+00  1.000000e+00  3.843856e+00 -8.620380e-01 -3.904514e-01  1.794065e+00
