# num_image x_src y_src, sep, ein, fr, zs, fs, flag_out, frac_sh_trunc
# x_img, y_img, mag, delay, n_i, kappa, gamma1, gamma2, kappa*
# zmin, zmax, log10Mhmin, log10Mhmax, log10mshmin, log10mshmax, n_bins: 0.10, 3.00, 10.00, 16.00, 9.00, 16.00, 100
3  7.901151e-02 -5.272491e-02  2.893245e-01  1.447362e-01  1.360946e-01  5.439728e+00 6 1 -1.000000e+00
 1.765933e-01 -1.275914e-01  2.210107e+00  0.000000e+00  0.000000e+00  2.394990e-01 -1.112116e-01  3.369378e-01  9.500415e-02
-6.047105e-02  3.826747e-02 -3.007836e-01  1.178699e+01  5.000000e-01  1.315678e+00 -7.874721e-01  1.674571e+00  1.121300e+00
-4.176397e-03  2.662960e-03  3.065081e-03  1.286198e+01  1.000000e+00  2.227734e+01 -4.922077e+00  1.011151e+01  2.196203e+01
3  2.944662e-01 -1.696685e+00  1.693725e+00  7.542369e-01  2.342416e-01  1.596171e+01 6 3  2.701512e-01
-1.139354e+00 -9.401011e-01  3.320344e+00  0.000000e+00  0.000000e+00  4.503825e-01  2.497548e-03 -2.999239e-02  2.721646e-03
 1.016987e-01  2.125010e-01 -7.777626e-01  1.905270e+02  5.000000e-01  1.420560e+00  9.157675e-01 -7.899238e-01  3.224625e-01
 1.055217e-02  1.693466e-02  6.079200e-03  1.951203e+02  1.000000e+00  1.668044e+01  3.815409e+00 -8.174557e+00  1.413867e+01
3 -3.580537e-02 -2.889582e-01  7.793464e-01  3.379569e-01  1.286559e-01  2.274393e+00 6 1 -1.000000e+00
-6.868067e-02 -5.952416e-01  2.059379e+00  0.000000e+00  0.000000e+00  2.287215e-01  3.226279e-01 -7.210054e-02  2.259397e-02
 2.122472e-02  1.789016e-01 -2.649512e-01  8.757781e+01  5.000000e-01  8.465036e-01  1.885179e+00 -4.939053e-01  5.026811e-01
 3.662439e-04  3.689580e-03  2.361525e-04  1.019181e+02  1.000000e+00  6.922355e+01  2.027502e+01 -2.970507e+00  6.841891e+01
1  2.111652e+00 -1.946744e+00  0.000000e+00  9.690591e-01  0.000000e+00  2.818122e+00 0 2  3.243113e-01
-2.057054e+00  6.950296e-01  4.160844e+00  0.000000e+00  0.000000e+00  4.477539e-01 -1.222348e-01  2.229318e-01  3.529622e-03
3 -1.518685e-01 -5.721980e-01  1.823755e+00  7.635791e-01  6.566179e-02  4.053622e+00 6 2 -1.000000e+00
-6.124494e-01 -1.149075e+00  4.037456e+00  0.000000e+00  0.000000e+00  2.434262e-01  3.645270e-01 -4.379992e-01  9.062224e-02
 1.291290e-01  5.171014e-01 -2.651066e-01  3.991019e+01  5.000000e-01  1.040654e+00  1.735952e+00 -8.718899e-01  8.106231e-01
 4.064550e-03  1.512945e-02  7.135284e-04  4.816162e+01  1.000000e+00  4.294749e+01  1.635030e+01 -9.527544e+00  4.239838e+01
5 -1.351964e-02  4.641053e-02  1.051020e+00  4.712121e-01  1.000000e+00  1.235115e+01 6 3 -1.000000e+00
-1.732164e-01 -4.529452e-01  4.354350e+00  1.130404e+00  0.000000e+00  3.576401e-01  2.437169e-01 -3.515294e-01  2.272644e-01
 3.521355e-01 -1.856885e-01 -2.019838e+00  1.803057e+00  5.000000e-01  5.909150e-01 -5.566995e-01  5.937385e-01  4.216798e-01
-4.179205e-01 -6.259386e-02 -3.297932e+00  1.354341e+00  5.000000e-01  4.773382e-01 -7.344122e-01 -1.924435e-01  3.194317e-01
 3.532445e-02  5.771780e-01  2.496438e+00  0.000000e+00  0.000000e+00  2.940818e-01  3.062896e-01 -6.274120e-02  1.722853e-01
 1.130976e-03 -2.983933e-03  5.339764e-03  3.451377e+00  1.000000e+00  1.492829e+01  1.189674e+00  2.303885e+00  1.449723e+01
3  1.850401e+00  4.798471e-01  1.799271e+00  7.329748e-01  2.726767e-01  5.118736e+00 6 1  2.735467e-01
 1.103260e+00 -1.101646e+00  2.073071e+00  0.000000e+00  0.000000e+00  2.689007e-01 -2.187213e-01  6.550729e-02  7.397343e-04
-3.079764e-01  1.450249e-02 -5.652783e-01  2.889952e+02  5.000000e-01  1.079593e+00 -1.332219e+00 -2.385109e-02  5.187450e-02
-4.633664e-03  7.128200e-04  3.786234e-04  3.107372e+02  1.000000e+00  5.268731e+01  4.044457e+00 -3.751386e+00  4.825684e+01
3  1.709870e-01  3.762643e-02  4.794065e-01  3.234231e-01  1.044092e-01  3.125297e+00 6 3 -1.000000e+00
 3.779046e-01  8.797988e-02  3.651010e+00  0.000000e+00  0.000000e+00  3.021526e-01 -3.930912e-01 -2.420195e-01  1.210175e-01
-9.074277e-02 -1.301663e-02 -3.811989e-01  5.514080e+01  5.000000e-01  2.102942e+00 -1.861026e+00 -6.134870e-01  1.824585e+00
-2.878114e-02 -4.039150e-03  5.978551e-02  5.565138e+01  1.000000e+00  6.555192e+00 -3.643878e+00 -9.251230e-01  6.199246e+00
3  1.566865e-01 -6.161774e-01  9.783846e-01  3.892571e-01  8.921419e-01  2.779197e+00 6 1  2.865360e-01
-6.104060e-01 -3.890592e-01  2.120006e+00  0.000000e+00  0.000000e+00  2.990994e-01 -1.087603e-01 -8.795525e-02  5.685858e-03
 2.354426e-01  1.026487e-01 -2.376310e+00  3.681877e+01  5.000000e-01  6.944701e-01 -5.700906e-01 -4.349318e-01  8.247770e-02
 2.983766e-03  2.146716e-03  6.610019e-04  4.365904e+01  1.000000e+00  4.092593e+01  3.129855e+00 -8.451560e+00  3.847565e+01
3 -7.496240e-01 -3.458666e-01  2.080377e+00  1.125725e+00  2.168158e-01  4.305713e+00 6 3  2.863545e-01
 1.063384e+00 -1.272825e+00  3.521177e+00  0.000000e+00  0.000000e+00  3.747954e-01 -5.355741e-02  3.225159e-01  9.431607e-03
-4.333179e-01  1.721156e-01 -7.634469e-01  9.251591e+01  5.000000e-01  1.156972e+00 -8.347753e-01  7.985231e-01  2.664644e-01
-3.257416e-02  1.302354e-02  9.940915e-03  9.784353e+01  1.000000e+00  1.163941e+01 -3.008930e+00  1.883903e+00  9.403483e+00
3  3.940003e-01 -5.569358e-01  5.971149e-01  2.636415e-01  9.069518e-01  8.387038e+00 6 3  2.972960e-01
-1.701288e-01 -1.445972e-01 -3.873865e+00  5.983185e+00  5.000000e-01  7.907675e-01 -3.938237e-02 -5.480578e-01  1.381448e-02
 4.007812e-01  3.035381e-02  3.513409e+00  0.000000e+00  0.000000e+00  4.169127e-01 -2.351105e-01  9.483760e-03  1.223512e-03
-1.579415e-03 -1.332316e-03  2.594024e-03  8.073529e+00  1.000000e+00  2.216270e+01  6.476483e+00 -4.518123e+00  1.752918e+01
3  6.210313e-02 -5.054781e-02  8.724914e-01  4.402127e-01  4.017506e-01  2.557357e+00 6 3 -1.000000e+00
 5.632108e-01 -1.370242e-02  4.302370e+00  0.000000e+00  0.000000e+00  3.463896e-01 -4.353970e-01  7.215191e-02  2.916433e-02
-2.424435e-01  3.212041e-01 -1.728480e+00  1.554667e+01  5.000000e-01  5.425897e-01  2.253723e-01  8.584723e-01  1.267870e-01
-5.258567e-04  5.518266e-04  1.044502e-04  3.800415e+01  1.000000e+00  1.013309e+02  1.100237e+01  1.926895e+01  9.937944e+01
3 -1.161196e-01 -2.819483e-02  4.898270e-01  2.778986e-01  3.079519e-01  1.737672e+00 6 1 -1.000000e+00
-2.891566e-01 -1.833988e-01  1.977830e+00  0.000000e+00  0.000000e+00  1.658943e-01 -2.131013e-01 -3.804149e-01  6.031501e-02
 1.700357e-01 -1.289072e-02 -6.090764e-01  2.543479e+01  5.000000e-01  7.106010e-01 -1.311671e+00  7.142908e-02  5.748710e-01
 4.524942e-03  4.719701e-05  1.995304e-03  3.237437e+01  1.000000e+00  2.489430e+01 -7.569416e+00  3.530535e+00  2.462488e+01
3 -2.310329e-02  8.188478e-02  5.421996e-01  2.421230e-01  5.569400e-01  3.375810e+00 6 1 -1.000000e+00
-3.090447e-02 -1.963975e-01 -1.287131e+00  4.344442e+00  5.000000e-01  9.279112e-01  8.318415e-01 -3.002640e-01  7.104253e-01
-2.220479e-01  3.109924e-01  2.311076e+00  0.000000e+00  0.000000e+00  2.688893e-01  8.366710e-02  3.079347e-01  1.139218e-01
 6.654748e-04 -1.164325e-02  2.537138e-02  5.110206e+00  1.000000e+00  7.841461e+00  2.628170e+00 -6.955731e-01  7.412858e+00
3  3.054074e-01 -1.970874e-02  8.963219e-01  3.257574e-01  3.923611e-01  4.003280e+00 6 1 -1.000000e+00
-1.893410e-01  3.886708e-02 -7.037745e-01  2.792880e+01  5.000000e-01  7.926192e-01 -1.114920e+00  4.699687e-01  4.496409e-01
 7.065011e-01  6.819101e-02  1.793691e+00  0.000000e+00  0.000000e+00  2.032752e-01 -2.764538e-01  2.887968e-02  1.993746e-02
-1.614818e-02  2.227617e-03  9.896577e-03  2.954251e+01  1.000000e+00  1.115113e+01 -1.045030e+00  9.530763e-01  1.048719e+01
3 -3.182991e-01 -2.090275e-01  4.427738e-01  2.395270e-01  9.817942e-01  3.459676e+00 6 1  2.815918e-01
-1.500681e-01 -1.420490e-02 -2.595641e+00  1.403050e+01  5.000000e-01  7.771663e-01 -6.505068e-01 -1.084294e-01  6.712295e-02
 2.077025e-01  2.466569e-01  2.548386e+00  0.000000e+00  0.000000e+00  3.378617e-01  3.078002e-03 -2.145049e-01  1.840517e-03
-2.374325e-03 -5.067007e-04  2.536524e-03  1.725366e+01  1.000000e+00  2.304575e+01 -9.146630e+00  2.848510e+00  1.953921e+01
3  6.237087e+00 -2.433168e+00  7.307441e+00  3.365761e+00  4.790621e-01  6.820191e+00 6 3  2.831014e-01
 1.490465e+00 -6.409856e+00  3.013024e+00  0.000000e+00  0.000000e+00  4.054237e-01 -1.373575e-01  5.254930e-02  7.118205e-05
-1.345654e+00  3.247647e-01 -1.443426e+00  7.730799e+02  5.000000e-01  9.953930e-01 -7.594770e-01  3.406058e-01  4.303276e-02
-6.850024e-03  2.585846e-03  5.445340e-05  8.485895e+02  1.000000e+00  1.535760e+02 -6.408198e+01  2.843618e+01  1.482265e+02
3 -1.685455e-02 -7.179025e-02  2.349747e-01  9.128202e-02  2.408814e-01  1.610307e+00 6 1  2.798050e-01
-2.605172e-02 -5.889636e-02 -5.367515e-01  8.372914e+00  5.000000e-01  9.560595e-01  8.101465e-01 -1.099388e+00  6.185385e-01
 1.221355e-01  1.234596e-01  2.228281e+00  0.000000e+00  0.000000e+00  2.419254e-01 -3.929254e-02 -3.526427e-01  4.059227e-02
-1.396370e-03 -2.979864e-03  3.522547e-03  9.398579e+00  1.000000e+00  1.949526e+01  6.415598e+00 -4.126669e+00  1.880614e+01
3  1.064674e-02  7.486088e-02  2.017602e-01  8.755078e-02  1.218105e-01  3.063159e+00 6 1 -1.000000e+00
-4.848831e-03 -4.255415e-02 -3.004981e-01  4.241881e+00  5.000000e-01  1.466147e+00  1.795129e+00 -5.679896e-01  1.222330e+00
-8.973824e-03  1.591638e-01  2.466931e+00  0.000000e+00  0.000000e+00  2.459330e-01  4.000824e-01 -5.647210e-02  8.020171e-02
-4.722402e-04 -5.768896e-03  1.051070e-02  4.409458e+00  1.000000e+00  1.223255e+01  5.531847e+00 -6.539520e-01  1.186914e+01
3 -3.533640e-01  5.510936e-01  5.436331e-01  2.232052e-01  1.571244e-01  1.149421e+01 6 1  2.739072e-01
 4.682799e-01  9.501602e-02  2.359592e+00  0.000000e+00  0.000000e+00  3.380246e-01 -1.195480e-01  1.084184e-02  1.773896e-03
-6.861875e-02  9.711883e-03 -3.707495e-01  2.888287e+01  5.000000e-01  1.349111e+00 -1.551785e+00  6.411559e-01  3.005831e-01
-2.924827e-03  7.423429e-05  8.812996e-04  2.996516e+01  1.000000e+00  3.580143e+01 -8.743634e+00  1.334843e-02  3.343094e+01
1 -2.676177e-02 -2.670312e+00  0.000000e+00  1.057234e+00  0.000000e+00  1.601537e+01 0 2 -1.000000e+00
 4.122967e-01 -3.958877e+00  3.134853e+00  0.000000e+00  0.000000e+00  3.619931e-01  2.960628e-01 -2.013453e-02  1.123815e-03
3 -9.400743e-02 -6.232884e-02  1.198310e+00  5.643868e-01  7.740816e-01  4.444010e+00 6 3 -1.000000e+00
-6.531631e-01 -2.968776e-01  3.883188e+00  0.000000e+00  0.000000e+00  3.694279e-01 -2.640639e-01 -2.652754e-01  9.337636e-02
 3.582622e-01  3.457469e-01 -3.005904e+00  1.018264e+01  5.000000e-01  5.700241e-01  4.391426e-02 -7.180734e-01  2.455725e-01
 2.570258e-03  1.846831e-03  7.341136e-04  1.986430e+01  1.000000e+00  4.015639e+01 -3.241378e+00 -1.267001e+01  3.914360e+01
3 -4.135876e-01 -3.680053e-01  1.522897e+00  6.424308e-01  1.116686e-01  6.535641e+00 6 1 -1.000000e+00
-1.002087e+00 -7.533843e-01  2.006804e+00  0.000000e+00  0.000000e+00  2.713463e-01 -3.933740e-03 -1.805985e-01  5.540046e-03
 1.993603e-01  1.824257e-01 -2.240969e-01  1.265920e+02  5.000000e-01  9.732294e-01 -1.469623e-01 -2.107480e+00  3.767537e-01
 2.280312e-03  2.038510e-03  4.143446e-05  1.441769e+02  1.000000e+00  1.637843e+02 -5.178951e+00 -4.834688e+01  1.621263e+02
3 -4.193548e-02  3.221582e-01  1.028407e+00  4.878338e-01  1.825667e-01  2.114551e+00 6 1 -1.000000e+00
-1.229574e-01  7.107414e-01  2.229234e+00  0.000000e+00  0.000000e+00  1.795497e-01  4.412874e-01  1.726833e-01  3.377259e-02
 1.742804e-02 -3.080386e-01 -4.069839e-01  2.548411e+01  5.000000e-01  5.401520e-01  1.610678e+00  2.725362e-01  3.271092e-01
 1.110477e-04 -3.088604e-03  1.304128e-04  3.432482e+01  1.000000e+00  9.097405e+01  2.008055e+01 -4.913514e+00  9.039341e+01
3 -5.228046e-02 -3.909933e-01  9.067227e-01  4.299465e-01  1.093007e-01  2.318819e+00 6 1 -1.000000e+00
-1.353453e-01 -7.392192e-01  1.836789e+00  0.000000e+00  0.000000e+00  2.165752e-01  2.530867e-01 -7.261710e-02  1.078021e-02
 4.565463e-04  7.108408e-03  7.269695e-04  9.888234e+01  1.000000e+00  3.934741e+01  9.728413e+00  5.552958e-01  3.851811e+01
 1.263568e-02  1.553465e-01 -2.007623e-01  9.259814e+01  5.000000e-01  1.038800e+00  2.188346e+00 -4.400691e-01  6.286528e-01
3  2.288903e-01  2.426140e-01  1.216305e+00  5.848075e-01  1.273599e-01  4.951899e+00 6 3 -1.000000e+00
-2.245078e-01 -2.473430e-01 -4.971853e-01  1.405443e+02  5.000000e-01  8.533413e-01  1.165720e-01 -1.421001e+00  3.772119e-01
 6.209900e-01  6.270314e-01  3.903782e+00  0.000000e+00  0.000000e+00  3.574197e-01  6.973156e-03 -3.958522e-01  3.260029e-02
-4.548385e-03 -5.092463e-03  5.807489e-04  1.704301e+02  1.000000e+00  4.457866e+01  2.266410e+00 -1.311671e+01  4.347996e+01
3  2.525833e-01  4.887665e-01  1.456581e+00  4.913695e-01  1.697478e-01  1.398233e+00 6 1 -1.000000e+00
-6.625868e-02 -2.569601e-01 -2.967684e-01  1.610200e+02  5.000000e-01  1.214344e+00  1.455725e+00 -1.138613e+00  8.262171e-01
 5.641754e-01  1.056121e+00  1.748290e+00  0.000000e+00  0.000000e+00  2.196558e-01  6.417735e-02 -1.811930e-01  1.457009e-02
-4.582022e-03 -2.116773e-02  2.908884e-03  1.687022e+02  1.000000e+00  2.199370e+01  9.744745e+00 -1.414490e+00  2.130406e+01
3 -8.599418e-02 -1.010672e+00  2.916239e+00  1.530416e+00  1.498198e-01  1.478806e+00 6 1 -1.000000e+00
-1.759762e-02 -2.364842e+00  2.637969e+00  0.000000e+00  0.000000e+00  3.302561e-01  2.571723e-01 -5.779072e-02  1.015997e-02
 1.628046e-02  5.511994e-01 -3.952200e-01  2.219960e+02  5.000000e-01  9.401287e-01  1.573237e+00 -2.423788e-01  4.074966e-01
-8.554877e-04  2.679133e-02  1.811328e-03  2.380301e+02  1.000000e+00  2.502844e+01  4.454137e+00  2.333605e+00  2.404549e+01
3  2.664932e-02  2.638666e-01  9.023424e-01  4.013082e-01  2.889084e-01  1.392525e+00 6 1 -1.000000e+00
 2.499690e-02 -2.022009e-01 -6.162253e-01  3.286921e+01  5.000000e-01  1.301260e+00  1.274393e+00  2.991054e-01  9.387233e-01
 2.287967e-01  6.768255e-01  2.132944e+00  0.000000e+00  0.000000e+00  2.664268e-01  2.208679e-01 -1.432182e-01  4.965730e-02
 2.459082e-03 -3.259075e-02  3.156173e-02  3.395826e+01  1.000000e+00  7.451939e+00  2.971530e+00  1.055268e+00  6.883794e+00
3  1.562196e-01  1.003192e-01  4.715708e-01  1.941399e-01  1.790871e-01  2.611576e+00 6 1 -1.000000e+00
 2.681634e-01  2.530867e-01  1.552542e+00  0.000000e+00  0.000000e+00  1.537969e-01 -1.240888e-01 -2.378167e-01  1.661436e-02
-9.054044e-02 -5.303505e-02 -2.780403e-01  2.771848e+01  5.000000e-01  6.409373e-01 -1.067296e+00 -1.608231e+00  4.187632e-01
-1.720693e-03 -1.201721e-03  2.415847e-04  3.212919e+01  1.000000e+00  6.640881e+01 -2.197179e+00 -1.158232e+01  6.590961e+01
3 -3.515132e-01  3.415205e-01  1.295812e+00  5.708298e-01  1.265491e-01  3.016424e+00 6 1 -1.000000e+00
-9.126357e-01  5.055833e-01  1.605276e+00  0.000000e+00  0.000000e+00  1.907734e-01  2.043492e-02  1.774386e-01  1.263483e-02
 1.790835e-01 -1.924697e-01 -2.031463e-01  1.043049e+02  5.000000e-01  8.036999e-01  4.397173e-01  2.183516e+00  4.558803e-01
 2.446493e-03 -2.073793e-03  5.424032e-05  1.228769e+02  1.000000e+00  1.444669e+02 -1.363086e+01  4.427730e+01  1.435796e+02
1  3.756333e-02  9.513371e-03  0.000000e+00  5.098797e-02  0.000000e+00  5.854824e+00 0 2 -1.000000e+00
 1.019487e-01  4.336233e-02  4.747279e+00  0.000000e+00  0.000000e+00  4.865155e-01 -1.941988e-01 -1.237181e-01  2.668415e-02
3 -2.504960e-01 -3.385934e-01  2.046563e+00  9.741349e-01  6.431482e-01  2.834874e+00 6 1 -1.000000e+00
-6.276142e-01 -1.533970e+00  2.280727e+00  0.000000e+00  0.000000e+00  3.279219e-01  3.868435e-02 -1.083317e-01  4.668993e-03
 3.588047e-01  2.591822e-01 -1.466845e+00  1.804900e+02  5.000000e-01  9.041651e-01 -4.208544e-01 -7.167991e-01  1.380712e-01
 9.211907e-03  1.306752e-02  3.668564e-03  1.954053e+02  1.000000e+00  1.775211e+01  1.080937e+00 -2.622667e+00  1.587819e+01
