# num_image x_src y_src, sep, ein, fr, zs, fs, flag_out, frac_sh_trunc
# x_img, y_img, mag, delay, n_i, kappa, gamma1, gamma2, kappa*
# zmin, zmax, log10Mhmin, log10Mhmax, log10mshmin, log10mshmax, n_bins: 0.10, 3.00, 10.00, 16.00, 9.00, 16.00, 100
3 -5.525578e-01  9.363349e-02  6.535731e-01  3.353473e-01  1.833537e-01  1.719058e+00 6 1  2.879786e-01
-4.672340e-01 -3.012662e-01  2.458373e+00  0.000000e+00  0.000000e+00  3.246129e-01 -1.430938e-01 -1.699965e-01  7.399495e-03
 1.110044e-01  3.361662e-03 -4.507519e-01  3.030354e+01  5.000000e-01  1.629739e+00 -1.600896e+00 -2.285110e-01  6.546188e-01
 1.853780e-02  9.777443e-05  2.041058e-02  3.086705e+01  1.000000e+00  9.343907e+00 -4.498556e+00  6.241689e-01  7.470135e+00
3  2.810869e-01  1.376347e-01  7.249917e-01  4.192116e-01  5.825732e-02  8.174565e+00 6 2  2.836480e-01
-5.793211e-01 -2.506958e-01  5.681590e+00  0.000000e+00  0.000000e+00  3.829126e-01 -3.564618e-01 -2.787918e-01  8.649665e-03
 9.006941e-02  2.774506e-02 -3.309942e-01  3.532426e+01  5.000000e-01  1.879364e+00 -1.641767e+00 -1.048372e+00  7.787028e-01
 2.182305e-02  7.050273e-03  2.906447e-02  3.558285e+01  1.000000e+00  7.668964e+00 -2.548093e+00 -1.891039e+00  5.948279e+00
3 -4.132635e-02 -5.716081e-02  5.820690e-01  3.126564e-01  6.192070e-01  3.966152e+00 6 1 -1.000000e+00
-8.457654e-02 -3.828455e-01  2.492405e+00  0.000000e+00  0.000000e+00  2.926618e-01  2.655597e-01 -1.690751e-01  4.781202e-02
 2.015494e-01  1.240433e-01 -1.543315e+00  5.181734e+00  5.000000e-01  5.352481e-01 -4.881112e-01 -7.910107e-01  1.808779e-01
 7.775638e-04  1.016289e-03  4.900656e-04  9.256712e+00  1.000000e+00  4.646773e+01  2.400865e-01 -5.168485e+00  4.535833e+01
3  8.597768e-02 -3.570122e-01  7.508638e-01  3.465584e-01  1.006116e-01  6.077936e+00 6 1 -1.000000e+00
 7.289756e-02 -6.495426e-01  1.619410e+00  0.000000e+00  0.000000e+00  1.722963e-01  2.399780e-01  9.997611e-02  2.480377e-02
-7.313531e-03  2.239614e-02  1.259278e-02  4.348798e+01  1.000000e+00  1.165723e+01  4.497531e+00  3.733397e+00  1.121343e+01
-3.150301e-02  9.402784e-02 -1.629314e-01  4.307746e+01  5.000000e-01  2.167614e+00  2.207794e+00  1.620654e+00  1.851838e+00
3  1.067348e-01  8.303463e-02  7.455591e-01  3.649299e-01  6.066357e-01  7.637617e+00 6 1 -1.000000e+00
-2.434704e-01 -9.967299e-02 -1.404790e+00  2.520854e+01  5.000000e-01  4.371246e-01 -7.392546e-01 -6.943929e-01  5.656428e-02
 3.247480e-01  3.830135e-01  2.315706e+00  0.000000e+00  0.000000e+00  2.826213e-01  7.023415e-03 -2.876616e-01  6.954105e-03
-2.496271e-04 -1.400453e-04  8.436645e-06  4.732016e+01  1.000000e+00  3.494277e+02 -4.083852e+01  3.469218e+01  3.479662e+02
3 -1.617177e-01  2.664119e+00  3.600604e+00  1.797588e+00  2.300664e-01  8.281477e+00 6 1  2.846320e-01
-9.779227e-01  3.278553e+00  2.197667e+00  0.000000e+00  0.000000e+00  3.069874e-01  1.449140e-01  6.510363e-02  9.654259e-04
 2.966463e-02 -1.781961e-01 -5.056095e-01  4.076659e+02  5.000000e-01  3.780246e+00  2.973240e+00  9.313551e-01  1.564247e+00
 2.039699e-02 -1.188786e-01  2.152329e-01  4.076882e+02  1.000000e+00  5.679344e+00  3.946888e+00  1.293138e+00  3.111615e+00
3 -2.074890e-01  6.820171e-02  5.612716e-01  2.858302e-01  3.234740e-01  5.568716e+00 6 3  2.697269e-01
-2.233732e-01 -3.288308e-01  3.790245e+00  0.000000e+00  0.000000e+00  3.887565e-01  1.973409e-01 -2.661578e-01  3.637715e-03
-1.995700e-02  1.942826e-01 -1.226046e+00  4.199309e+01  5.000000e-01  7.709532e-01  9.014072e-01  2.357069e-01  4.438786e-02
-5.921028e-06  2.571293e-04  9.841459e-06  6.741338e+01  1.000000e+00  3.286964e+02  7.076455e+01  2.768280e+01  3.238664e+02
1 -9.765362e+00  1.035923e+00  0.000000e+00  8.606360e+00  0.000000e+00  1.707843e+01 0 2 -1.000000e+00
-1.777069e+01  4.914841e+00  3.351573e+00  0.000000e+00  0.000000e+00  3.682577e-01 -3.165575e-01  2.285553e-02  1.343790e-04
1 -2.627720e-02  8.530775e-03  0.000000e+00  3.690215e-02  0.000000e+00  6.494484e+00 0 2 -1.000000e+00
-6.090787e-02  2.760369e-02  3.009445e+00  0.000000e+00  0.000000e+00  3.576628e-01 -2.082584e-01  1.921933e-01  3.774655e-02
3 -1.830419e-01 -1.169799e-01  1.572958e+00  7.671578e-01  6.343370e-01  1.232830e+01 6 3 -1.000000e+00
-7.098336e-01 -7.013958e-01  3.433591e+00  0.000000e+00  0.000000e+00  3.363029e-01 -5.022061e-02 -3.830555e-01  1.400711e-02
 5.660924e-01  2.185005e-01 -2.178054e+00  3.844024e+01  5.000000e-01  4.869692e-01 -6.457454e-01 -5.525747e-01  5.929243e-02
 7.363503e-04  4.316686e-04  2.555989e-05  7.827864e+01  1.000000e+00  1.989803e+02 -8.506029e+00 -1.991839e-01  1.971034e+02
3  6.615211e-03 -6.282947e-01  1.748086e+00  9.263504e-01  2.153215e-01  3.680882e+00 6 1 -1.000000e+00
 2.746031e-01 -1.368979e+00  1.827186e+00  0.000000e+00  0.000000e+00  2.224817e-01  2.363347e-01 -3.729688e-02  3.836182e-03
-2.856187e-02  3.526178e-01 -3.934325e-01  1.668624e+02  5.000000e-01  6.104851e-01  1.638927e+00 -8.585688e-02  1.477348e-01
-1.666250e-03  4.385301e-03  1.294546e-04  1.926766e+02  1.000000e+00  9.416599e+01 -7.071721e+00  3.008619e+01  9.283418e+01
3  3.010534e-01  3.442863e-01  1.314549e+00  6.678932e-01  1.225368e-01  3.526129e+00 6 1 -1.000000e+00
 5.721402e-01  8.083460e-01  2.260097e+00  0.000000e+00  0.000000e+00  2.671379e-01  7.653836e-02 -2.979427e-01  7.074627e-03
-2.317576e-01 -2.317447e-01 -2.769450e-01  1.216338e+02  5.000000e-01  5.862255e-01  4.420480e-02 -1.944243e+00  1.790719e-01
-6.159112e-04 -5.698925e-04  4.488808e-06  1.701806e+02  1.000000e+00  4.832664e+02 -4.729482e+01 -8.699327e+01  4.820690e+02
3 -5.157021e-02  2.385292e-01  9.835332e-01  4.480595e-01  9.867136e-02  5.302574e+00 6 2 -1.000000e+00
 4.751161e-02 -2.952087e-01 -5.607619e-01  4.086223e+01  5.000000e-01  8.755921e-01  1.253739e+00  4.763434e-01  4.359321e-01
-2.346456e-01  6.469829e-01  5.683128e+00  0.000000e+00  0.000000e+00  3.615327e-01  3.852417e-01  2.885651e-01  5.276795e-02
 1.059817e-03 -7.789124e-03  1.330192e-03  5.016622e+01  1.000000e+00  3.029730e+01  1.022686e+01  1.404153e+00  2.921816e+01
1 -1.957681e+00  1.120765e+00  0.000000e+00  3.960443e-01  0.000000e+00  9.725569e+00 0 2  2.958372e-01
 1.214718e-01  1.147580e+00  3.047856e+00  0.000000e+00  0.000000e+00  2.839514e-01  4.219127e-01  8.133795e-02  6.497055e-03
3 -9.654347e-01 -1.372527e-02  2.598420e+00  1.242579e+00  8.379409e-02  9.634458e+00 6 2 -1.000000e+00
-2.142378e+00  4.737395e-03  3.054053e+00  0.000000e+00  0.000000e+00  3.474817e-01 -3.123782e-01 -2.768241e-02  1.131763e-02
 4.560364e-01 -8.033139e-04 -2.559116e-01  2.244953e+02  5.000000e-01  1.229039e+00 -1.989985e+00  4.206425e-03  5.830654e-01
 2.218228e-02  1.452642e-04  1.030388e-03  2.388958e+02  1.000000e+00  3.393025e+01 -1.067197e+01  4.125411e-02  3.265612e+01
3 -1.252623e-01 -8.206179e-02  6.661125e-01  2.898575e-01  2.466544e-01  7.083235e+00 6 3 -1.000000e+00
-4.113993e-01 -2.328517e-01  3.501569e+00  0.000000e+00  0.000000e+00  3.534027e-01 -2.117245e-01 -2.960989e-01  2.973328e-02
 1.482862e-01  1.283381e-01 -8.636774e-01  2.032814e+01  5.000000e-01  8.673924e-01 -2.412219e-01 -1.056994e+00  3.319428e-01
 3.692923e-03  3.291912e-03  1.311426e-03  2.441221e+01  1.000000e+00  3.127850e+01  1.126482e+00 -1.236891e+01  2.979848e+01
3 -1.736948e-01 -2.208530e-01  1.182712e+00  4.523889e-01  6.676748e-01  1.114742e+01 6 1 -1.000000e+00
-6.310448e-01 -5.966929e-01  1.401451e+00  0.000000e+00  0.000000e+00  1.528814e-01  2.361849e-02 -5.921072e-02  2.445219e-02
 1.259341e-01  3.120375e-01 -9.357136e-01  3.434274e+01  5.000000e-01  5.173759e-01  9.410949e-01 -6.449570e-01  3.109781e-01
 2.547857e-03  3.599096e-03  3.504809e-04  4.406554e+01  1.000000e+00  5.608873e+01  6.382857e+00 -1.186610e+01  5.556216e+01
3 -4.803708e-01  3.958361e-02  5.682202e-01  2.270108e-01  1.155606e-01  2.781405e+00 6 1  2.715215e-01
-3.683043e-01  2.490794e-01  2.130870e+00  0.000000e+00  0.000000e+00  2.354806e-01 -1.893672e-01  2.816701e-01  4.248443e-03
 1.083633e-01 -6.021359e-02 -2.462445e-01  1.273921e+02  5.000000e-01  6.327968e-01 -1.187114e+00  1.669312e+00  1.504447e-01
 3.834731e-04 -2.677819e-04  8.007537e-06  1.616335e+02  1.000000e+00  3.574423e+02  2.520699e+01  3.915845e+01  3.556943e+02
3  1.137648e+00  1.249404e+00  5.026289e+00  2.170060e+00  5.785482e-03  9.500318e+00 6 2 -1.000000e+00
 2.377548e+00  4.243523e+00  3.201755e+00  0.000000e+00  0.000000e+00  4.234729e-01  2.162699e-02 -1.399536e-01  1.852650e-04
-1.238673e-01 -1.161225e-01 -1.852369e-02  1.807062e+03  5.000000e-01  4.557786e+00  4.910958e-02 -8.163353e+00  2.788746e+00
-8.446522e-03 -7.231438e-03  7.172636e-05  1.821649e+03  1.000000e+00  1.391490e+02 -1.770071e+01 -6.949794e+01  1.362373e+02
3  3.874749e-02 -3.944397e-02  4.010854e-01  1.593641e-01  3.106204e-01  3.208475e+00 6 3 -1.000000e+00
 2.192077e-01 -1.126817e-01  3.343394e+00  0.000000e+00  0.000000e+00  2.507554e-01 -3.000743e-01  4.150007e-01  2.340789e-02
-9.069378e-02  1.419369e-01 -1.038526e+00  1.016428e+01  5.000000e-01  4.436280e-01  4.402887e-01  1.038556e+00  1.754130e-01
-9.475673e-05  1.398299e-04  7.099509e-06  2.582673e+01  1.000000e+00  4.103209e+02  1.003210e+02  1.289360e+02  4.093192e+02
1  2.131499e+00  1.220174e+00  0.000000e+00  4.386856e+00  0.000000e+00  6.060038e+00 0 2  2.733341e-01
-8.008106e+00  2.708588e+00  3.463966e+00  0.000000e+00  0.000000e+00  3.780813e-01 -3.122793e-01  2.404458e-02  1.013360e-04
3 -8.199824e-01  8.526866e-01  1.157210e+00  4.124690e-01  7.114927e-01  1.298059e+01 6 1  2.797851e-01
-9.021844e-01 -1.729427e-01  2.314058e+00  0.000000e+00  0.000000e+00  3.291063e-01  1.323529e-01 -2.097483e-02  2.508976e-03
 2.187544e-01  1.145125e-01 -1.646436e+00  5.879234e+01  5.000000e-01  6.435584e-01 -2.954619e-01 -8.044411e-01  7.594350e-02
 9.774141e-04  1.888728e-04  2.844832e-05  7.346661e+01  1.000000e+00  1.954559e+02 -5.107747e+01  7.260693e+00  1.935855e+02
3  1.227154e+00 -8.141468e-01  5.495312e+00  1.974865e+00  1.616084e-01  1.518169e+01 6 1 -1.000000e+00
 4.151513e+00 -2.637626e+00  2.156628e+00  0.000000e+00  0.000000e+00  3.120485e-01 -9.301835e-02  3.062753e-02  4.060255e-04
-4.406767e-01  3.806932e-01 -3.485293e-01  7.270307e+02  5.000000e-01  1.570467e+00 -2.064345e-01  1.775392e+00  1.885328e-01
-6.774257e-03  5.669607e-03  7.198779e-05  7.570538e+02  1.000000e+00  1.226530e+02  4.453746e+00  2.980542e+01  1.187835e+02
1 -2.050443e-01 -1.062735e-01  0.000000e+00  2.156501e-01  0.000000e+00  7.452481e+00 0 2 -1.000000e+00
-3.313953e-01 -2.074171e-01  3.669447e+00  0.000000e+00  0.000000e+00  3.226245e-01 -2.506136e-01 -3.514396e-01  4.988120e-02
3  3.165485e-01  1.366332e-01  9.606457e-01  3.707994e-01  2.213363e-01  3.580302e+00 6 1 -1.000000e+00
-1.393720e-01 -5.838299e-02 -3.672603e-01  6.478336e+01  5.000000e-01  1.130473e+00 -1.198241e+00 -1.141975e+00  6.013771e-01
 7.368662e-01  3.353769e-01  1.659287e+00  0.000000e+00  0.000000e+00  2.137790e-01 -7.638442e-02 -9.818496e-02  8.940544e-03
-1.075183e-02 -4.875070e-03  2.949039e-03  6.724965e+01  1.000000e+00  2.047026e+01 -4.043818e+00 -4.862625e+00  1.939564e+01
3  6.567649e-01  2.676804e-01  1.883169e+00  9.090612e-01  6.467819e-02  9.431534e+00 6 2 -1.000000e+00
 1.256908e+00  9.812193e-01  3.228943e+00  0.000000e+00  0.000000e+00  3.731902e-01 -1.793433e-01 -2.258930e-01  2.436289e-03
-3.039839e-01 -7.231881e-02 -2.088422e-01  2.939179e+02  5.000000e-01  1.048273e+00 -1.799542e+00 -1.245907e+00  3.385921e-01
-6.613181e-03 -6.394236e-04  1.595715e-04  3.221586e+02  1.000000e+00  8.555148e+01 -2.740452e+01  1.145263e+01  8.400677e+01
3  5.892256e-03 -4.556410e-01  1.293423e+00  5.584058e-01  1.945230e-01  5.243224e+00 6 1 -1.000000e+00
 9.863302e-02 -1.099186e+00  1.937150e+00  0.000000e+00  0.000000e+00  2.695005e-01  1.277032e-01 -3.315591e-02  1.199989e-02
-2.549554e-02  1.882672e-01 -3.768202e-01  2.431291e+02  5.000000e-01  1.343518e+00  1.650382e+00  2.191585e-01  8.363447e-01
-4.930192e-03  2.659196e-02  9.924154e-03  2.481735e+02  1.000000e+00  1.217404e+01  4.202730e+00  2.536147e+00  1.138289e+01
3  1.153485e-01 -1.400186e-01  4.603471e-01  1.674700e-01  1.395339e-01  2.014520e+00 6 1 -1.000000e+00
 2.053909e-01 -2.967564e-01  1.436340e+00  0.000000e+00  0.000000e+00  1.363539e-01  3.141839e-02  2.206429e-01  4.491092e-02
-2.384346e-03  3.201875e-03  5.447846e-04  5.723162e+01  1.000000e+00  4.990939e+01  7.822874e+00  2.225631e+01  4.961948e+01
-6.186424e-02  7.806912e-02 -2.004181e-01  5.164301e+01  5.000000e-01  1.163459e+00  3.721348e-01  2.208575e+00  1.016139e+00
3 -4.953485e-01 -7.233114e-02  1.703884e+00  8.391963e-01  2.129283e-01  5.948873e+00 6 1 -1.000000e+00
-1.131293e+00 -7.925743e-01  2.295741e+00  0.000000e+00  0.000000e+00  2.558113e-01 -2.570930e-01 -2.283216e-01  2.048042e-03
 3.911442e-01 -2.745486e-02 -4.888281e-01  3.501936e+02  5.000000e-01  9.886952e-01 -1.402134e+00  2.825876e-01  8.451348e-02
 1.671962e-03  1.515462e-04  1.822059e-05  4.172643e+02  1.000000e+00  2.385601e+02 -3.922382e+01  3.651007e+00  2.338555e+02
3  1.179156e-01  4.058943e-02  5.331900e-01  2.241175e-01  5.943196e-01  9.757442e+00 6 1 -1.000000e+00
-1.478487e-01 -3.720788e-02 -1.438621e+00  3.326395e+00  5.000000e-01  6.532345e-01 -8.039910e-01 -4.110414e-01  2.127102e-01
 3.493661e-01  1.553255e-01  2.420618e+00  0.000000e+00  0.000000e+00  2.903935e-01 -2.212418e-01 -2.036560e-01  2.177660e-02
-4.198606e-03 -1.388017e-03  2.981015e-03  3.927042e+00  1.000000e+00  1.939698e+01 -1.507117e+00 -8.492779e-01  1.825045e+01
3 -8.905981e-01  1.201319e+00  1.379581e+00  5.655673e-01  1.691005e-01  2.092001e+00 6 1  3.107903e-01
-6.928612e-01 -7.334436e-01  2.430960e+00  0.000000e+00  0.000000e+00  2.662622e-01 -5.733516e-02 -3.517439e-01  1.029544e-02
 2.304077e-01  2.916508e-01 -4.110766e-01  4.247720e+01  5.000000e-01  7.829490e-01  3.274409e-01 -1.540302e+00  1.768712e-01
 6.880666e-04  8.260911e-04  6.998306e-06  5.874649e+01  1.000000e+00  4.015631e+02  3.933192e+01 -1.265390e+02  3.982441e+02
1 -2.765454e+01 -3.582946e+01  0.000000e+00  2.948402e+01  0.000000e+00  9.928105e+00 0 2 -1.000000e+00
-4.888953e+01 -7.481209e+01  3.488706e+00  0.000000e+00  0.000000e+00  4.136568e-01  9.142687e-02 -2.209078e-01  1.678869e-04
3 -3.326334e-01 -6.719132e-02  1.757988e+00  7.880945e-01  4.222264e-01  1.794570e+00 6 3 -1.000000e+00
-1.157992e+00 -4.209865e-01  3.354295e+00  0.000000e+00  0.000000e+00  3.851695e-01 -2.294951e-01 -1.649949e-01  1.005425e-02
 5.398290e-01  3.500341e-02 -1.416272e+00  1.001249e+02  5.000000e-01  6.630810e-01 -9.000427e-01 -9.755341e-02  9.755007e-02
 3.250815e-03  5.275293e-04  1.740955e-04  1.383610e+02  1.000000e+00  7.702339e+01 -5.906750e+00  8.324571e-01  7.529815e+01
3  2.030452e-01 -3.560883e-01  2.354699e+00  1.039744e+00  5.749529e-01  1.043656e+01 6 3 -1.000000e+00
 1.085508e+00 -1.252612e+00  3.105161e+00  0.000000e+00  0.000000e+00  3.911118e-01  7.843286e-02  2.062733e-01  1.049201e-02
-2.009001e-01  7.196362e-01 -1.785321e+00  1.452897e+02  5.000000e-01  6.299413e-01  7.262704e-01  4.118226e-01  1.177326e-01
-1.695281e-03  4.130591e-03  1.910084e-04  2.055167e+02  1.000000e+00  7.452487e+01  1.295270e+01  1.662355e+00  7.314987e+01
3  3.264586e-01  5.296144e-01  7.307813e-01  3.098429e-01  5.070206e-01  6.584310e+00 6 1  2.716653e-01
-1.241190e-01 -1.261775e-01 -1.300161e+00  5.133460e+01  5.000000e-01  8.753277e-01  9.969158e-03 -8.857648e-01  7.285552e-02
 4.489447e-01  3.272972e-01  2.564316e+00  0.000000e+00  0.000000e+00  3.409016e-01 -6.152139e-02 -2.016390e-01  2.629111e-03
-9.103249e-04 -9.884558e-04  1.127106e-04  6.044320e+01  1.000000e+00  9.765388e+01  1.123034e+01 -1.853571e+01  9.424463e+01
3 -1.909740e-01 -1.464757e-01  5.745448e-01  2.686941e-01  1.259543e-01  2.028037e+00 6 1 -1.000000e+00
-3.146651e-01 -3.453487e-01  1.811664e+00  0.000000e+00  0.000000e+00  2.030527e-01 -4.782475e-02 -2.843576e-01  3.146655e-02
 8.986912e-02  6.263888e-02 -2.281869e-01  1.010663e+02  5.000000e-01  1.217961e+00 -8.080819e-01 -1.943420e+00  9.514688e-01
 7.298314e-03  5.525004e-03  3.024170e-03  1.064324e+02  1.000000e+00  2.045866e+01 -2.008243e+00 -6.628516e+00  2.004899e+01
3 -2.282345e-01 -2.608941e-01  9.357821e-01  4.211783e-01  1.268812e-01  8.811379e+00 6 1 -1.000000e+00
-4.333833e-01 -6.097217e-01  2.156441e+00  0.000000e+00  0.000000e+00  2.525668e-01  5.747736e-02 -3.026975e-01  3.317021e-02
 1.260916e-01  1.403956e-01 -2.736118e-01  3.528238e+01  5.000000e-01  1.299190e+00  1.498645e-01 -1.929215e+00  8.724761e-01
 8.882921e-03  1.027509e-02  2.471223e-03  3.746137e+01  1.000000e+00  2.342841e+01  1.475656e+00 -9.808056e+00  2.257987e+01
3  7.181914e-02  3.715917e-01  1.235334e+00  5.426098e-01  1.216141e-01  1.868925e+00 6 3 -1.000000e+00
-5.648432e-02 -3.333674e-01 -3.808814e-01  5.997343e+01  5.000000e-01  7.586724e-01  1.507715e+00 -6.407203e-01  3.258782e-01
 6.423234e-02  8.960540e-01  3.131885e+00  0.000000e+00  0.000000e+00  2.929753e-01  4.040309e-01 -1.317059e-01  2.598676e-02
-4.258503e-04 -3.542277e-03  1.099808e-04  7.677146e+01  1.000000e+00  1.012130e+02  3.071387e+01 -2.607226e+00  9.993760e+01
3  3.475768e-01 -2.758652e-01  1.246204e+00  5.605042e-01  2.011554e-01  3.690946e+00 6 1 -1.000000e+00
 8.619944e-01 -4.918577e-01  1.549732e+00  0.000000e+00  0.000000e+00  1.786751e-01 -3.584836e-02  1.673811e-01  1.303840e-02
-1.958883e-01  1.668604e-01 -3.117368e-01  4.631681e+01  5.000000e-01  8.070046e-01 -6.554752e-02  1.800218e+00  4.175995e-01
-4.071626e-03  2.721652e-03  1.762853e-04  5.277506e+01  1.000000e+00  8.042148e+01 -1.328173e+01  2.141836e+01  7.931040e+01
1  1.934133e-03 -5.469887e-02  0.000000e+00  1.079932e-01  0.000000e+00  1.151015e+00 0 2 -1.000000e+00
-8.965403e-04 -1.634642e-01  3.323935e+00  0.000000e+00  0.000000e+00  3.534617e-01  3.422158e-01  7.204506e-03  2.167106e-01
3 -5.397347e-01  7.786758e-01  3.056205e+00  1.211495e+00  1.458752e-01  3.294135e+00 6 1 -1.000000e+00
-1.096231e+00  2.139295e+00  2.449650e+00  0.000000e+00  0.000000e+00  3.352776e-01  6.201286e-02  1.725942e-01  8.486879e-03
 3.804795e-01 -5.364688e-01 -3.573433e-01  2.764224e+02  5.000000e-01  7.900801e-01  4.368226e-01  1.628399e+00  2.728403e-01
 3.220333e-03 -5.370323e-03  6.329974e-05  3.327833e+02  1.000000e+00  1.306216e+02  2.008087e+01  2.450863e+01  1.294123e+02
3  4.651822e-01  4.646286e-02  9.564986e-01  2.687870e-01  1.624435e-01  3.360750e+00 6 1 -1.000000e+00
-9.583594e-02  2.691031e-02 -2.237012e-01  5.613972e+01  5.000000e-01  1.822419e+00 -2.155658e+00  7.069384e-01  1.502403e+00
 8.467686e-01  1.893484e-01  1.377101e+00  0.000000e+00  0.000000e+00  1.397238e-01 -1.179184e-01 -2.706787e-03  4.624412e-03
-2.935700e-02  9.406261e-03  2.569121e-02  5.637040e+01  1.000000e+00  8.457646e+00 -2.551406e+00  3.191081e+00  8.034789e+00
3 -7.874189e-01  9.188498e-03  1.222422e+00  6.321637e-01  3.373511e-01  6.952031e+00 6 3  2.786535e-01
 7.037327e-01 -3.278382e-01  6.007989e+00  0.000000e+00  0.000000e+00  4.346756e-01 -2.347315e-01  3.131258e-01  1.794542e-02
-2.410486e-01  4.478574e-01 -2.026801e+00  2.233406e+01  5.000000e-01  6.696141e-01  4.355338e-01  6.425366e-01  8.012288e-02
-5.581803e-04  8.433373e-04  7.066232e-05  4.600375e+01  1.000000e+00  1.232394e+02  1.645447e+01  2.280153e+01  1.205430e+02
3  1.361319e-01 -5.247070e-01  1.807306e+00  7.087420e-01  1.455350e-01  5.018621e+00 6 1 -1.000000e+00
-2.329531e-01 -1.415691e+00  1.943928e+00  0.000000e+00  0.000000e+00  2.644821e-01  1.367997e-01  8.860098e-02  5.385439e-03
-1.566722e-01  3.900043e-01 -2.829097e-01  2.227883e+02  5.000000e-01  6.505067e-01  1.209460e+00  1.481232e+00  1.665828e-01
-1.903273e-04  8.529224e-04  3.071977e-06  3.094471e+02  1.000000e+00  5.869039e+02  1.262610e+02  4.264226e+01  5.853034e+02
3  4.640778e-01 -1.107227e+00  1.923668e+00  7.706795e-01  2.211098e-01  7.974155e+00 6 1  2.725171e-01
 1.572051e+00 -5.188642e-01  2.483566e+00  0.000000e+00  0.000000e+00  3.640569e-01 -6.410088e-03  4.166135e-02  2.037399e-03
-2.167538e-01  1.887184e-01 -5.491408e-01  2.804757e+02  5.000000e-01  1.056524e+00  4.652001e-02  1.349836e+00  1.981141e-01
-6.244728e-03  3.589443e-03  5.322125e-04  2.991249e+02  1.000000e+00  4.548244e+01 -6.994959e+00  7.128045e+00  4.328522e+01
3 -2.118851e-01 -6.307548e-01  1.484735e+00  1.033306e+00  1.618066e-01  2.480671e+00 6 1 -1.000000e+00
-8.896186e-02 -1.293372e+00  1.523731e+00  0.000000e+00  0.000000e+00  1.679323e-01  1.392853e-01 -1.290445e-01  6.011562e-03
 1.245888e-01  1.759253e-01 -2.465497e-01  9.576973e+01  5.000000e-01  1.116763e+00  9.632876e-01 -1.772481e+00  7.449336e-01
 1.482131e-02  2.051722e-02  5.954511e-03  9.815010e+01  1.000000e+00  1.469284e+01 -1.640330e+00 -4.106502e+00  1.408744e+01
2 -2.399591e-01 -3.349967e-02  1.146188e+00  5.948165e-01  3.169889e-01  6.064052e+00 6 1 -1.000000e+00
-6.831955e-01 -4.293265e-01  1.841346e+00  0.000000e+00  0.000000e+00  2.039832e-01 -2.058208e-01 -2.195437e-01  9.186452e-03
 3.970554e-01 -4.617609e-02 -5.836861e-01  5.152026e+01  5.000000e-01  3.715048e-01 -1.360170e+00  5.081282e-01  4.417092e-02
3 -2.847227e-01 -2.828390e-01  8.717659e-01  3.680668e-01  1.078696e-01  6.438053e+00 6 1 -1.000000e+00
-5.738742e-01 -4.730053e-01  1.378415e+00  0.000000e+00  0.000000e+00  1.396707e-01  4.137859e-02 -1.139453e-01  6.301059e-03
 3.572486e-03  2.848084e-03  2.855475e-04  5.523548e+01  1.000000e+00  6.196986e+01 -7.638705e+00 -1.252714e+01  6.131238e+01
 9.435627e-02  8.685523e-02 -1.486891e-01  5.175433e+01  5.000000e-01  9.434218e-01  3.059227e-02 -2.593782e+00  6.366190e-01
5  2.578701e+00 -1.209277e+00  2.448431e+00  1.389138e+00  1.000000e+00  7.649225e+00 6 3  2.811271e-01
-1.741067e+00 -7.856908e-02  5.057442e+00  8.545065e-01  0.000000e+00  3.957114e-01 -3.572081e-01  1.995965e-01  5.751179e-03
-9.355093e-03  1.652323e+00  4.920433e+00  0.000000e+00  0.000000e+00  3.481628e-01  4.033105e-01  2.428954e-01  2.616545e-03
 4.520129e-01 -4.015509e-01 -4.143893e-01  2.178997e+02  5.000000e-01  9.862110e-01 -9.013030e-02  1.550889e+00  9.525099e-02
-1.139303e+00  9.794752e-01 -7.453919e+00  7.689535e+00  5.000000e-01  4.330289e-01 -2.304147e-02  6.745983e-01  7.407945e-03
 1.422732e-03 -1.063689e-03  1.044176e-05  2.939683e+02  1.000000e+00  3.257484e+02 -5.721476e+01  8.011700e+01  3.206746e+02
3  5.911911e-01 -5.130666e-02  1.473089e+00  5.741850e-01  1.949575e-01  3.339886e+00 6 1 -1.000000e+00
 1.199788e+00 -2.990230e-02  1.792851e+00  0.000000e+00  0.000000e+00  1.950435e-01 -3.000061e-01 -1.342803e-02  2.023301e-02
-2.682224e-01  9.231178e-02 -3.495296e-01  4.529708e+01  5.000000e-01  1.175305e+00 -1.500640e+00  7.998737e-01  8.282459e-01
-3.137934e-02  1.183454e-02  8.267378e-03  4.694155e+01  1.000000e+00  1.311958e+01 -2.374785e+00  4.504137e+00  1.251759e+01
4 -5.121197e-02  1.065370e-02  8.552571e-01  4.553798e-01  1.000000e+00  5.888915e+00 6 3 -1.000000e+00
 3.188743e-01  1.500508e-01 -1.843470e+00  1.363229e+01  5.000000e-01  3.600353e-01 -5.180529e-01 -8.268199e-01  3.899494e-02
-4.093807e-01  2.738682e-01  2.498923e+00  0.000000e+00  0.000000e+00  2.698829e-01 -1.520031e-01  3.313512e-01  1.549324e-02
 1.453379e-01 -3.770941e-01  8.472725e+00  9.220146e+00  0.000000e+00  2.934335e-01  5.343951e-01  3.092447e-01  1.788464e-02
-3.454348e-02 -3.837733e-01 -7.454276e+00  9.337946e+00  5.000000e-01  3.041203e-01  7.411320e-01 -2.629125e-01  1.808378e-02
4 -2.521885e+00 -7.852271e-01  2.065160e+00  1.139841e+00  1.000000e+00  5.581047e+00 6 3  3.023026e-01
-1.115076e+00 -5.747482e-03 -2.452158e+00  4.564386e+01  5.000000e-01  6.853325e-01 -6.729126e-01 -2.323969e-01  3.008052e-02
 5.265864e-01  2.457716e-01 -1.247888e+00  8.001836e+01  5.000000e-01  8.541321e-01 -6.356120e-01 -6.470152e-01  1.114628e-01
-1.233806e+00  1.325542e+00  4.644808e+00  3.599688e+01  0.000000e+00  5.258916e-01 -8.400292e-02 -4.927572e-02  1.214892e-02
 1.247735e-02  7.537907e-03  5.235232e-03  9.004800e+01  1.000000e+00  1.498717e+01 -1.478079e+00 -1.562939e+00  1.200176e+01
3 -6.878350e-01  4.729785e-01  2.531583e+00  1.333228e+00  1.408825e-01  5.270034e+00 6 1 -1.000000e+00
-1.454900e+00  1.510152e+00  2.211990e+00  0.000000e+00  0.000000e+00  2.969061e-01 -5.053537e-02  1.992626e-01  1.014023e-02
 4.082628e-01 -2.037720e-01 -3.116306e-01  1.698691e+02  5.000000e-01  1.317692e+00 -1.074965e+00  1.467756e+00  6.781861e-01
 2.268071e-02 -1.166994e-02  1.433968e-03  1.798416e+02  1.000000e+00  3.071654e+01 -9.375645e+00  9.889601e+00  2.937208e+01
1 -4.384497e+00  1.022284e+00  0.000000e+00  3.283239e+00  0.000000e+00  7.711730e+00 0 2  2.769964e-01
 4.302851e+00 -4.932035e+00  3.049243e+00  0.000000e+00  0.000000e+00  3.245600e-01 -4.966322e-02  3.546865e-01  9.697225e-04
3 -1.326388e-01  7.498388e-02  5.178413e-01  2.366963e-01  3.055159e-01  2.281018e+00 6 1 -1.000000e+00
 1.329405e-01 -5.819691e-02 -5.480339e-01  1.561508e+01  5.000000e-01  5.792230e-01 -1.027946e+00  9.721549e-01  3.328401e-01
-2.849257e-01  2.476584e-01  1.793798e+00  0.000000e+00  0.000000e+00  1.936776e-01 -1.193035e-01  2.800825e-01  2.966766e-02
 2.089216e-03 -1.187990e-03  4.218536e-04  1.949546e+01  1.000000e+00  5.052004e+01 -4.577411e+00  7.796886e+00  4.992630e+01
2  4.409182e-01 -2.067541e+00  6.544213e+00  4.339074e+00  5.863136e-02  1.056409e+01 6 2 -1.000000e+00
 5.125314e+00 -3.372212e+00  3.642029e+00  0.000000e+00  0.000000e+00  3.450800e-01  2.117843e-01  3.309008e-01  1.021054e-04
-7.428800e-02  6.015600e-01 -2.135371e-01  2.401801e+03  5.000000e-01  1.923988e+00  2.285421e+00  5.600288e-01  8.241872e-02
2  1.724744e-01  5.528762e-02  9.660162e-01  5.579976e-01  2.129516e-01  8.194744e+00 6 1 -1.000000e+00
-3.012693e-01 -1.596896e-03 -4.103927e-01  1.187360e+02  5.000000e-01  5.918628e-01 -1.604222e+00  1.724475e-01  1.074134e-01
 4.088894e-01  6.532786e-01  1.927164e+00  0.000000e+00  0.000000e+00  2.654601e-01 -9.262307e-02 -1.098757e-01  3.942649e-03
3 -8.114308e-01  6.570084e-02  2.634079e+00  1.057714e+00  2.696154e-01  2.782549e+00 6 1 -1.000000e+00
-2.098489e+00  1.641920e-01  1.814139e+00  0.000000e+00  0.000000e+00  2.499709e-01 -1.063528e-01 -2.626755e-03  1.380914e-02
 5.227918e-01 -9.515889e-02 -4.891197e-01  1.960038e+02  5.000000e-01  8.973877e-01 -1.369978e+00  4.221116e-01  4.901826e-01
 1.985537e-02 -3.969996e-03  1.021251e-03  2.142151e+02  1.000000e+00  3.445420e+01 -9.799714e+00  6.630082e+00  3.363312e+01
3  1.601344e-02  2.163349e-01  2.150799e+00  9.506944e-01  1.541900e-01  7.757759e+00 6 1  2.775832e-01
 6.413549e-01 -1.815534e+00  1.428565e+00  0.000000e+00  0.000000e+00  1.627904e-01  6.857385e-03  2.949190e-02  3.479370e-03
-1.316738e-01  1.915438e-01 -2.202704e-01  3.395862e+02  5.000000e-01  1.817009e+00  9.015287e-01  2.096336e+00  9.459790e-01
-1.861935e-02  2.668230e-02  4.682675e-03  3.438430e+02  1.000000e+00  1.781734e+01  1.763722e+00  8.133821e+00  1.606060e+01
3  5.232935e-02  9.676618e-02  6.403159e-01  3.301946e-01  6.741545e-01  2.390749e+00 6 1 -1.000000e+00
-1.249465e-01 -1.955768e-01 -1.787559e+00  1.170548e+01  5.000000e-01  5.164697e-01  4.175554e-01 -7.866836e-01  2.432089e-01
 1.973424e-01  3.577173e-01  2.651558e+00  0.000000e+00  0.000000e+00  2.610660e-01  2.524315e-01 -3.242915e-01  6.050907e-02
-1.489895e-03 -2.390411e-03  9.552841e-04  1.737957e+01  1.000000e+00  3.402859e+01  1.404872e+00 -6.488834e+00  3.315873e+01
2  2.909780e-01 -1.751126e-01  1.505928e+00  8.375705e-01  1.454895e-01  8.534935e+00 6 3 -1.000000e+00
 6.367996e-01 -8.545353e-01  3.533635e+00  0.000000e+00  0.000000e+00  3.663139e-01  4.277200e-02  3.416634e-01  6.929113e-03
-4.306001e-01  2.077625e-01 -5.141066e-01  8.801177e+01  5.000000e-01  6.606548e-01 -9.373985e-01  1.086996e+00  8.196141e-02
3 -1.315823e+00 -1.921723e+00  9.248786e-01  4.420794e-01  1.345665e-01  3.681993e+00 6 3  2.777529e-01
-7.910460e-02 -2.038253e-01 -5.773775e-01  8.629183e+01  5.000000e-01  9.460270e-01  7.917455e-01 -1.052626e+00  1.641942e-01
 2.479655e-01  6.612906e-01  4.290647e+00  0.000000e+00  0.000000e+00  3.766433e-01  1.855886e-01 -3.479446e-01  6.995796e-03
-7.882044e-04 -3.599619e-03  2.987828e-04  9.943584e+01  1.000000e+00  6.381749e+01  2.442344e+01  1.618458e+00  6.118138e+01
3  1.530526e-01  4.314051e-01  1.675334e+00  8.294843e-01  6.690492e-01  4.625063e+00 6 1 -1.000000e+00
-1.618382e-01 -3.715702e-01 -1.105839e+00  5.003429e+01  5.000000e-01  6.924499e-01  7.666696e-01 -6.411670e-01  3.412738e-01
 5.263519e-01  1.155891e+00  1.652852e+00  0.000000e+00  0.000000e+00  2.062097e-01  1.478027e-01 -5.694403e-02  2.100268e-02
-7.980427e-03 -1.614783e-02  3.335678e-03  5.552169e+01  1.000000e+00  1.885529e+01  1.285149e+00 -4.167810e+00  1.800061e+01
1 -5.100321e+00 -3.729824e+00  0.000000e+00  5.780836e+00  0.000000e+00  3.156614e+00 0 2 -1.000000e+00
-7.979154e+00 -9.377200e+00  3.045752e+00  0.000000e+00  0.000000e+00  3.736444e-01  5.906077e-03 -2.529036e-01  3.098780e-05
3 -3.664921e-01  3.088429e-01  2.244893e+00  1.217784e+00  4.204140e-01  2.837885e+00 6 1 -1.000000e+00
 5.433482e-01 -2.845242e-01 -1.010897e+00  5.533309e+01  5.000000e-01  1.053285e+00 -5.779864e-01  8.111667e-01  6.230091e-01
-1.101677e+00  1.243035e+00  2.404527e+00  0.000000e+00  0.000000e+00  3.193186e-01  2.193676e-02  2.167113e-01  4.300774e-02
 4.045011e-02 -2.420170e-02  1.215947e-02  6.030158e+01  1.000000e+00  1.158650e+01 -3.260241e+00  4.382272e+00  1.073396e+01
5 -6.612760e-02  5.349817e-02  6.095634e-01  2.817911e-01  1.000000e+00  7.963854e+00 6 1 -1.000000e+00
-3.256261e-01 -1.369467e-01  2.269393e+00  0.000000e+00  0.000000e+00  2.985098e-01 -2.267202e-01  6.316784e-03  3.793491e-02
 1.168560e-01 -9.312803e-02 -4.518909e-01  5.972068e+00  5.000000e-01  7.347599e-01 -1.742940e-01  1.500965e+00  2.996757e-01
-1.692119e-01  1.909634e-01 -2.444885e+00  1.358179e+00  5.000000e-01  4.194460e-01  1.160634e-01  8.559144e-01  7.077976e-02
 9.480930e-02  3.044167e-01  2.729181e+00  7.105872e-01  0.000000e+00  3.012501e-01  3.437457e-01  6.066322e-02  2.908219e-02
 1.227662e-03 -7.771015e-04  3.676211e-04  8.578907e+00  1.000000e+00  5.509403e+01 -9.910757e+00  1.038024e+01  5.390871e+01
5 -1.285693e-01 -4.870462e-01  7.101121e-01  3.122863e-01  1.000000e+00  1.093089e+01 6 1  2.716971e-01
 3.336808e-01 -2.569000e-01  1.975905e+00  0.000000e+00  0.000000e+00  2.877636e-01 -3.197375e-02  1.269378e-02  5.052988e-03
 2.001186e-01  1.502108e-01 -1.827105e+00  9.883739e+00  5.000000e-01  7.658940e-01 -1.772439e-01 -7.554496e-01  2.702251e-02
-7.390481e-02  3.245922e-01  2.595580e+00  6.346741e+00  0.000000e+00  3.259408e-01  2.406037e-01 -1.058082e-01  7.958426e-03
-6.130065e-02 -2.671018e-02 -6.092645e-01  2.044672e+01  5.000000e-01  2.199620e+00 -1.100073e+00 -1.367572e+00  4.811698e-01
-1.668527e-02 -6.529815e-03  9.720927e-02  2.057731e+01  1.000000e+00  5.467814e+00 -2.194797e+00 -2.203893e+00  2.744790e+00
3  3.336422e-01  3.778513e-02  1.414716e+00  5.138543e-01  7.892304e-01  2.713535e+00 6 1 -1.000000e+00
-3.900207e-01 -1.391448e-01 -1.530004e+00  6.039608e+01  5.000000e-01  5.284117e-01 -7.330572e-01 -5.819070e-01  1.838037e-01
 1.016324e+00  1.453648e-02  1.938603e+00  0.000000e+00  0.000000e+00  2.435469e-01 -2.363094e-01 -2.331728e-02  1.617801e-02
-6.603349e-03 -1.357967e-03  9.546717e-04  7.534478e+01  1.000000e+00  3.349875e+01  1.207751e-01 -2.945151e+00  3.264581e+01
5 -2.760424e-01  5.712223e-01  1.001650e+00  4.367181e-01  1.000000e+00  2.534871e+00 6 3  2.815442e-01
-3.794186e-01 -3.613648e-01  5.041022e+00  0.000000e+00  0.000000e+00  4.355391e-01 -7.493462e-02 -3.385683e-01  3.238930e-02
 3.409796e-01 -2.258948e-01 -3.757077e+00  1.193297e+01  5.000000e-01  6.991989e-01 -2.834661e-01  5.256354e-01  1.169343e-01
-2.862478e-01  3.640633e-01 -5.628721e+00  7.213190e+00  5.000000e-01  6.517610e-01  6.617508e-02  5.427260e-01  1.139556e-01
 1.957081e-01  4.587155e-01  6.687333e+00  4.567433e+00  0.000000e+00  4.825175e-01  2.120310e-01 -2.707296e-01  4.611506e-02
 1.809986e-03 -3.049738e-04  6.547897e-03  2.582242e+01  1.000000e+00  1.361384e+01 -5.143145e-01  2.474595e+00  9.968928e+00
3 -2.573410e-01 -1.970733e-01  8.980824e-01  5.186431e-01  1.302715e-01  2.468048e+00 6 1 -1.000000e+00
-5.871427e-01 -3.505471e-01  2.044679e+00  0.000000e+00  0.000000e+00  2.429715e-01 -6.338589e-02 -2.828428e-01  8.799717e-03
 1.783266e-01  1.191431e-01 -2.663635e-01  9.985132e+01  5.000000e-01  5.924396e-01 -4.924518e-01 -1.917776e+00  2.082570e-01
 8.346214e-04  3.684072e-04  9.588640e-06  1.324346e+02  1.000000e+00  3.439608e+02 -1.096624e+02 -3.614157e+01  3.428376e+02
3 -3.765657e-01 -5.744540e-02  2.306850e+00  1.434269e+00  2.054413e-01  1.654524e+00 6 3 -1.000000e+00
 7.129708e-01  1.936094e-01 -8.681265e-01  9.631008e+01  5.000000e-01  9.428105e-01 -9.058508e-01 -5.784556e-01  1.600763e-01
-1.469421e+00  9.410879e-01  4.225668e+00  0.000000e+00  0.000000e+00  4.508606e-01 -1.627349e-01  1.960165e-01  1.422935e-02
 7.019093e-03  1.217870e-03  4.667767e-04  1.283502e+02  1.000000e+00  4.876009e+01 -1.080999e+01 -4.671037e+00  4.668870e+01
3  7.079039e-02 -1.273563e-01  4.949895e-01  2.587174e-01  1.833475e-01  9.399334e+00 6 1 -1.000000e+00
 1.190604e-01 -3.420214e-01  2.986627e+00  0.000000e+00  0.000000e+00  2.736447e-01  3.146432e-01  3.062121e-01  6.439903e-02
-7.201326e-02  1.146026e-01 -5.475907e-01  1.650795e+01  5.000000e-01  8.891465e-01  5.503318e-01  1.239195e+00  5.790377e-01
-3.709359e-03  6.632776e-03  4.970932e-03  1.852710e+01  1.000000e+00  1.580853e+01  2.168759e+00  3.663260e+00  1.524097e+01
5  5.138819e-03  2.438240e-02  8.434319e-01  4.313777e-01  1.000000e+00  7.298956e+00 6 3 -1.000000e+00
-7.440176e-02 -3.864299e-01  4.487432e+00  7.258353e-01  0.000000e+00  4.300788e-01  2.649529e-01 -1.782288e-01  1.630841e-01
 3.047306e-01 -1.405117e-01 -2.597840e+00  1.298976e+00  5.000000e-01  7.990190e-01 -4.739189e-01  4.480283e-01  4.574117e-01
-3.291936e-01  3.114328e-02 -2.786484e+00  1.264833e+00  5.000000e-01  7.510399e-01 -6.452200e-01  6.743486e-02  4.244219e-01
 7.664636e-02  4.433664e-01  3.256242e+00  0.000000e+00  0.000000e+00  3.764349e-01  2.392146e-01 -1.565484e-01  1.267221e-01
-2.118075e-04 -2.247594e-03  1.625319e-02  2.325753e+00  1.000000e+00  8.926242e+00 -4.016041e-01  1.066603e+00  7.918520e+00
3 -1.121725e+00  3.980098e-01  7.498750e-01  3.294863e-01  3.281742e-01  5.051234e+00 6 1  2.730626e-01
-3.740752e-01  4.282824e-01  1.912223e+00  0.000000e+00  0.000000e+00  2.657650e-01  4.235741e-02  1.198131e-01  8.403226e-03
 8.743695e-02 -1.627497e-01 -6.275421e-01  1.362355e+02  5.000000e-01  5.392084e-01  8.929601e-01  1.004226e+00  1.622594e-01
 4.865927e-04 -5.868064e-04  1.744249e-05  1.815841e+02  1.000000e+00  2.485529e+02 -8.925221e+00  6.222149e+01  2.476252e+02
