# num_image x_src y_src, sep, ein, fr, zs, fs, flag_out, frac_sh_trunc
# x_img, y_img, mag, delay, n_i, kappa, gamma1, gamma2, kappa*
# zmin, zmax, log10Mhmin, log10Mhmax, log10mshmin, log10mshmax, n_bins: 0.10, 3.00, 10.00, 16.00, 9.00, 16.00, 100
3  4.613917e-01  4.242210e-01  5.500502e+00  2.458455e+00  2.535554e-01  3.034656e+00 6 3 -1.000000e+00
 2.838414e+00  2.480997e+00  3.075771e+00  0.000000e+00  0.000000e+00  3.931920e-01 -2.506034e-02 -2.060733e-01  1.680594e-03
-5.205732e-01 -1.874773e+00 -1.213057e+01  1.189070e+03  5.000000e-01  7.450927e-01  3.619280e-01 -1.281494e-01  1.204858e-02
-7.656709e-03 -7.712584e-03  4.611353e-04  1.521967e+03  1.000000e+00  4.913187e+01  1.624053e+00 -1.206143e+01  4.520018e+01
3  1.820400e-02  7.258088e-02  1.479644e+00  5.640311e-01  5.906510e-01  1.414639e+00 6 3 -1.000000e+00
 2.050753e-01 -7.184804e-01 -4.351946e+00  1.058047e+01  5.000000e-01  5.707808e-01  6.144158e-01  1.910618e-01  2.268578e-01
 2.649782e-01  7.599510e-01  7.368051e+00  0.000000e+00  0.000000e+00  3.538016e-01  2.892016e-01 -4.452120e-01  3.840045e-02
 2.914349e-04 -1.609041e-03  3.939313e-04  3.450669e+01  1.000000e+00  5.935442e+01  1.883261e+01  2.262869e+01  5.790693e+01
3  4.930625e-03 -2.449480e-01  1.924489e+00  9.640323e-01  3.979916e-01  5.838771e+00 6 3 -1.000000e+00
 7.752138e-01 -1.088514e+00  3.714767e+00  0.000000e+00  0.000000e+00  3.973157e-01  1.738795e-01  2.525834e-01  8.506597e-03
 9.610838e-02  7.121730e-01 -1.478446e+00  4.552102e+01  5.000000e-01  6.855497e-01  8.112911e-01 -3.421575e-01  4.473251e-02
-6.105473e-05  1.310788e-03  3.733118e-05  7.870628e+01  1.000000e+00  1.669721e+02  2.687469e+01  6.100527e+00  1.622469e+02
3  1.728279e-01 -9.194524e-02  1.162970e+00  4.262658e-01  4.433971e-01  1.978842e+00 6 1 -1.000000e+00
 7.936379e-01 -1.755141e-01  2.154355e+00  0.000000e+00  0.000000e+00  2.712693e-01 -2.297372e-01  1.187145e-01  1.542004e-02
-2.363048e-01  3.645935e-01 -9.552346e-01  7.169824e+01  5.000000e-01  6.753724e-01  4.328101e-01  9.823043e-01  3.151215e-01
-1.962938e-03  2.025689e-03  2.240466e-04  1.091349e+02  1.000000e+00  7.431023e+01  1.555968e+01  2.586366e+01  7.332960e+01
3  5.754723e-01  2.052460e-01  1.737488e+00  6.513182e-01  1.177315e-01  5.642705e+00 6 1 -1.000000e+00
 1.350013e+00  3.162099e-01  2.309831e+00  0.000000e+00  0.000000e+00  3.056041e-01 -1.702199e-01 -1.424033e-01  2.707414e-03
-3.254080e-01 -1.440387e-01 -2.719399e-01  2.122531e+02  5.000000e-01  6.664659e-01 -1.361728e+00 -1.390764e+00  1.510812e-01
-9.643254e-04 -5.348941e-04  5.058594e-06  2.697586e+02  1.000000e+00  4.550015e+02  1.643211e+01 -9.035475e+01  4.535496e+02
1 -5.616285e-02 -1.335078e+00  0.000000e+00  4.706331e-01  0.000000e+00  4.042560e+00 0 2  2.835050e-01
 1.171022e-01 -7.820480e-01  4.163848e+00  0.000000e+00  0.000000e+00  3.516481e-01  4.231095e-01 -3.429354e-02  2.430534e-02
3  2.255345e-01 -4.356713e-01  1.204336e+00  5.056793e-01  1.223983e-01  5.140017e+00 6 1 -1.000000e+00
 5.179031e-01 -8.727656e-01  1.504449e+00  0.000000e+00  0.000000e+00  1.708443e-01  1.278276e-01  8.039794e-02  1.611002e-02
-8.501075e-03  1.148227e-02  1.293641e-03  6.325321e+01  1.000000e+00  3.346916e+01  2.732695e+00  1.654591e+01  3.265969e+01
-1.079074e-01  1.562083e-01 -1.841419e-01  6.067510e+01  5.000000e-01  1.516260e+00  1.073204e+00  2.131983e+00  1.118640e+00
3 -1.456222e+00 -7.502736e-01  7.667854e+00  3.075356e+00  4.250651e-01  4.251757e+00 6 1 -1.000000e+00
-6.147942e+00 -2.036852e+00  2.434202e+00  0.000000e+00  0.000000e+00  3.464196e-01 -1.253428e-01 -2.538268e-02  1.939250e-03
 9.573505e-01  8.459930e-01 -1.034694e+00  1.130140e+03  5.000000e-01  1.335187e+00  4.788706e-02 -1.037558e+00  1.832353e-01
 4.518823e-02  2.794098e-02  1.982943e-03  1.174924e+03  1.000000e+00  2.579097e+01 -3.581952e+00 -9.872232e+00  2.300503e+01
1 -1.376402e-02  3.151444e-02  0.000000e+00  6.892950e-02  0.000000e+00  4.294305e+00 0 2 -1.000000e+00
-2.742663e-02  1.124043e-01  3.681806e+00  0.000000e+00  0.000000e+00  3.894014e-01  1.975856e-01  2.493686e-01  1.420365e-01
3  2.504183e-01  1.488062e-01  5.950786e-01  2.169617e-01  1.466880e-01  1.975907e+00 6 1 -1.000000e+00
 4.687188e-01  2.203861e-01  1.460758e+00  0.000000e+00  0.000000e+00  1.432324e-01 -1.204685e-01 -1.869815e-01  1.902184e-02
-6.082632e-02 -5.109237e-02 -2.142758e-01  2.447921e+01  5.000000e-01  1.764381e+00 -5.614635e-01 -2.221693e+00  1.528595e+00
-1.492763e-02 -1.260384e-02  1.800505e-02  2.470061e+01  1.000000e+00  9.471184e+00 -3.798769e-02 -4.027350e+00  9.153702e+00
2  6.148007e-01 -8.594052e-01  1.561191e+00  5.907501e-01  3.094680e-01  3.003790e+00 6 1  2.628240e-01
-1.017818e+00 -7.674230e-01  2.814886e+00  0.000000e+00  0.000000e+00  3.894927e-01 -1.205141e-01 -5.423394e-02  1.065885e-03
 2.825033e-01  9.656791e-02 -8.711172e-01  3.875994e+02  5.000000e-01  8.172507e-01 -9.550587e-01 -5.188557e-01  5.220505e-02
3 -1.536163e-01  4.163574e-01  2.477780e+00  1.252711e+00  9.431840e-01  1.649179e+00 6 1 -1.000000e+00
-5.521205e-01  1.568559e+00  2.338408e+00  0.000000e+00  0.000000e+00  3.003060e-01  2.109823e-01  1.319729e-01  2.189030e-02
 4.483140e-01 -6.982726e-01 -2.205550e+00  1.059331e+02  5.000000e-01  5.581449e-01  4.013239e-01  6.982670e-01  1.795621e-01
 3.999756e-03 -6.225307e-03  3.697323e-04  1.505112e+02  1.000000e+00  5.572559e+01 -1.596387e+00  1.696119e+01  5.463276e+01
3 -8.240179e-02 -9.943003e-02  3.888605e-01  2.716540e-01  1.828348e-01  1.301980e+01 6 1 -1.000000e+00
-1.574565e-01 -2.868976e-01  1.470944e+00  0.000000e+00  0.000000e+00  1.750292e-01 -2.237608e-02 -1.551458e-02  2.257305e-03
 6.860700e-02  2.950055e-02 -2.689399e-01  9.415565e+00  5.000000e-01  1.010469e+00 -1.116974e+00 -1.571872e+00  6.353235e-01
 1.922111e-03  8.183203e-04  3.215006e-04  1.034579e+01  1.000000e+00  6.913543e+01 -3.600596e+01 -1.534902e+01  6.835176e+01
1  4.002986e-02  6.545751e-02  0.000000e+00  4.363878e-02  0.000000e+00  3.144438e+00 0 2  2.809896e-01
 1.283148e-02  6.263577e-02  3.753167e+00  0.000000e+00  0.000000e+00  4.247279e-01  2.492839e-01 -4.851582e-02  4.723115e-03
3 -5.935709e-01  2.641442e-01  1.459237e+00  6.363944e-01  3.365585e-02  5.439319e+00 6 2 -1.000000e+00
-1.176135e+00  4.254434e-01  3.391299e+00  0.000000e+00  0.000000e+00  3.462935e-01 -2.610761e-01  2.535730e-01  3.099212e-03
 1.851898e-01 -1.000746e-01 -1.141371e-01  1.440963e+02  5.000000e-01  1.374774e+00 -1.881751e+00  2.315354e+00  4.865164e-01
 3.346128e-03 -2.317836e-03  6.399205e-05  1.560637e+02  1.000000e+00  1.334587e+02  5.697779e-01  4.379548e+01  1.312478e+02
3  2.879873e-01 -1.673072e+00  1.936738e+00  8.409852e-01  3.561939e-01  2.802494e+00 6 1  2.809786e-01
 1.418326e+00 -5.546988e-01  1.996115e+00  0.000000e+00  0.000000e+00  2.426316e-01 -2.486936e-01  1.038515e-01  3.604046e-03
-3.784010e-01  1.683001e-01 -7.110038e-01  3.156644e+02  5.000000e-01  1.131683e+00 -8.559410e-01  8.313650e-01  1.391713e-01
-6.976242e-03  3.311567e-03  2.510131e-04  3.437876e+02  1.000000e+00  7.170119e+01 -1.608663e+01  2.749586e+01  6.615868e+01
3  1.429518e-01  4.699135e-02  8.948182e-01  4.246229e-01  5.491518e-01  4.012075e+00 6 3 -1.000000e+00
-3.162229e-01 -8.426340e-02 -1.652113e+00  2.355967e+01  5.000000e-01  4.979907e-01 -8.189747e-01 -4.319485e-01  1.898047e-01
 5.242383e-01  2.228597e-01  3.008481e+00  0.000000e+00  0.000000e+00  2.874802e-01 -3.028895e-01 -2.890479e-01  4.802213e-02
-2.465504e-03 -8.765656e-04  4.650083e-04  3.736029e+01  1.000000e+00  4.783346e+01 -4.446047e+00 -4.806911e+00  4.694677e+01
3 -9.808106e-02 -1.616922e-01  1.608662e+00  1.062482e+00  5.976375e-01  2.775148e+00 6 3 -1.000000e+00
-1.588588e-01 -1.087292e+00  3.418544e+00  0.000000e+00  0.000000e+00  3.739663e-01  2.906672e-01 -1.221006e-01  1.081596e-02
 5.463742e-01  3.585431e-01 -2.043050e+00  5.757917e+01  5.000000e-01  6.590405e-01 -2.887858e-01 -7.227173e-01  7.210361e-02
 1.332997e-03  1.520239e-03  2.145744e-04  9.985214e+01  1.000000e+00  7.028262e+01 -1.142103e+01 -3.041792e+00  6.785766e+01
3  4.973268e-02 -4.222314e-01  4.936752e-01  2.845635e-01  7.796375e-01  2.940454e+00 6 3  2.760975e-01
 6.338198e-02 -3.123497e-01  3.553723e+00  0.000000e+00  0.000000e+00  3.759638e-01  3.138161e-01  9.770160e-02  9.328428e-03
 7.430610e-02  1.812046e-01 -2.770616e+00  1.578397e+01  5.000000e-01  5.334214e-01  5.405628e-01 -5.351803e-01  5.294175e-02
 5.891885e-05  2.844851e-04  4.330038e-05  3.171783e+01  1.000000e+00  1.550674e+02 -9.896877e+00 -2.333073e+01  1.529021e+02
5 -9.701672e-02  5.109361e-03  2.867610e+00  1.351776e+00  1.000000e+00  2.313417e+00 6 3 -1.000000e+00
-5.752454e-01 -1.091873e+00 -4.268051e+00  1.644626e+01  5.000000e-01  5.759115e-01  3.894107e-01 -5.123566e-01  1.846685e-01
 8.254733e-01 -1.073867e+00  5.785444e+00  1.227484e+01  0.000000e+00  4.417877e-01  1.646241e-01  3.341441e-01  7.410824e-02
-1.326734e+00  8.211776e-01  3.871154e+00  0.000000e+00  0.000000e+00  4.170165e-01 -9.690453e-02  2.686230e-01  5.499902e-02
 9.114873e-01  6.895721e-01 -2.653418e+00  2.430642e+01  5.000000e-01  6.787224e-01 -1.300742e-01 -6.805677e-01  2.400936e-01
 4.579948e-03  5.623923e-04  2.729597e-03  5.191243e+01  1.000000e+00  2.067337e+01 -2.768947e+00 -3.608289e+00  1.897086e+01
3 -1.694501e-01  2.437078e-02  4.659752e-01  2.144979e-01  1.762230e-01  3.329012e+00 6 1 -1.000000e+00
-3.600985e-01  6.531375e-02  1.805945e+00  0.000000e+00  0.000000e+00  2.132815e-01 -2.419892e-01  8.148908e-02  2.348084e-02
 9.970366e-02 -1.028285e-02 -3.182490e-01  2.923873e+01  5.000000e-01  9.172281e-01 -1.732132e+00  3.857011e-01  5.975435e-01
 4.009966e-03 -4.200108e-04  9.711734e-04  3.222586e+01  1.000000e+00  3.472813e+01 -1.030272e+01  1.326031e+00  3.407731e+01
3 -1.677096e-01  4.527348e-01  1.441041e+00  7.939753e-01  2.248450e-01  3.331205e+00 6 1 -1.000000e+00
-2.904152e-01  1.067534e+00  1.854335e+00  0.000000e+00  0.000000e+00  2.303958e-01  1.863512e-01  1.352296e-01  6.313925e-03
 1.635559e-01 -3.001316e-01 -4.169379e-01  1.613083e+02  5.000000e-01  5.665183e-01  9.726279e-01  1.280758e+00  2.007165e-01
 1.367749e-03 -2.146529e-03  4.750472e-05  2.013590e+02  1.000000e+00  1.505350e+02 -1.248827e+01  3.397399e+01  1.495694e+02
3 -1.195286e-01  1.333908e-03  3.303042e-01  1.544339e-01  1.615201e-01  3.552112e+00 6 1 -1.000000e+00
-2.528157e-01  2.574633e-02  2.055222e+00  0.000000e+00  0.000000e+00  2.264923e-01 -3.288511e-01  6.004681e-02  2.642453e-02
 7.703586e-02  8.460297e-03 -3.319596e-01  1.431025e+01  5.000000e-01  8.827191e-01 -1.719869e+00 -2.611897e-01  5.726099e-01
 2.929279e-03  3.484722e-04  1.057420e-03  1.602377e+01  1.000000e+00  3.336806e+01 -8.799440e+00 -4.956099e+00  3.276097e+01
1  6.379253e-03 -6.757071e-05  0.000000e+00  2.992585e-03  0.000000e+00  3.497333e+00 0 2  2.745552e-01
-1.295404e-02  5.122156e-03  4.993802e+00  0.000000e+00  0.000000e+00  5.027969e-01 -2.009914e-01  8.102563e-02  2.125512e-03
3  1.319047e-01 -2.182359e-02  2.870421e-01  1.323180e-01  1.061166e-01  4.989465e+00 6 1 -1.000000e+00
 2.497385e-01 -1.098588e-04  1.527774e+00  0.000000e+00  0.000000e+00  1.647795e-01 -1.500039e-01  1.433353e-01  2.840529e-02
-3.729370e-02 -2.488514e-03 -1.621222e-01  3.021552e+01  5.000000e-01  2.423582e+00 -2.859808e+00  1.275551e-01  2.198793e+00
-9.839652e-03 -1.047987e-03  1.383707e-02  3.045943e+01  1.000000e+00  1.232252e+01 -7.125770e+00 -2.270077e+00  1.203576e+01
3  1.276228e-01  2.476715e-01  1.958616e-01  9.507175e-02  2.657563e-01  1.936490e+00 6 3  2.741114e-01
-1.107077e-02 -4.816553e-02 -8.473219e-01  2.610786e+01  5.000000e-01  1.169387e+00  9.396574e-01 -5.708982e-01  9.006525e-01
 5.889163e-02  1.347744e-01  3.188342e+00  0.000000e+00  0.000000e+00  2.790568e-01  2.552067e-01 -3.754811e-01  1.074925e-01
-2.099874e-03 -8.925462e-03  6.212034e-02  2.700608e+01  1.000000e+00  5.465323e+00  1.886671e+00 -5.308427e-01  5.049964e+00
3  1.218362e-01  4.077531e-02  1.259657e+00  7.326295e-01  1.168197e-01  2.554533e+00 6 3 -1.000000e+00
-4.877021e-01 -1.586506e-01 -1.985998e+00  1.192694e+01  5.000000e-01  6.898347e-01 -5.994870e-01 -4.902480e-01  4.182168e-01
 7.442754e-01  1.039657e-01  1.700053e+01  0.000000e+00  0.000000e+00  4.293563e-01 -4.914909e-01 -1.589002e-01  2.063250e-01
-1.007916e-02 -2.848959e-03  7.453383e-03  1.893569e+01  1.000000e+00  1.316618e+01 -3.353093e+00 -1.614153e+00  1.247727e+01
5 -6.594907e-01  1.915515e-01  7.525794e-01  3.273224e-01  1.000000e+00  7.851489e+00 6 3  2.903523e-01
 4.602448e-03 -2.650209e-01 -3.467177e+00  8.817431e+00  5.000000e-01  7.592524e-01  5.764146e-01  1.188473e-01  5.521977e-02
-2.707448e-01  3.781926e-02 -7.980341e+00  8.350482e+00  5.000000e-01  6.111410e-01 -4.805660e-01  2.134844e-01  5.004677e-02
 3.569297e-01  3.016518e-01  2.438516e+00  0.000000e+00  0.000000e+00  3.153643e-01 -8.292816e-02 -2.275161e-01  1.176645e-02
-2.593285e-01 -1.303224e-01  1.114363e+01  8.267306e+00  0.000000e+00  5.180283e-01 -2.721337e-01 -2.617302e-01  4.019368e-02
-3.229445e-03 -2.955424e-03  5.682238e-03  1.192300e+01  1.000000e+00  1.441140e+01  2.006981e-01 -1.959175e+00  1.113344e+01
3 -3.095660e-01  4.369292e-01  1.315638e+00  5.385050e-01  1.191104e-01  1.036758e+01 6 1 -1.000000e+00
-8.937668e-01  6.682927e-01  1.722316e+00  0.000000e+00  0.000000e+00  2.120292e-01  1.285495e-01  1.541411e-01  4.160434e-03
 1.040898e-01 -1.891367e-01 -2.051458e-01  1.403036e+02  5.000000e-01  7.394901e-01  1.253823e+00  1.835858e+00  3.436299e-01
 2.557685e-03 -3.962745e-03  2.137536e-04  1.540781e+02  1.000000e+00  6.950071e+01  3.555388e+00  1.192950e+00  6.864759e+01
1  2.100411e-01 -1.965569e-01  0.000000e+00  1.497726e-01  0.000000e+00  2.460274e+00 0 2  3.047357e-01
 4.549676e-02 -2.134431e-01  4.353009e+00  0.000000e+00  0.000000e+00  4.381885e-01  2.268285e-01  1.856202e-01  8.463067e-03
3 -2.005835e-01 -1.282557e-01  1.422246e+00  8.754169e-01  2.922334e-01  6.360124e+00 6 3 -1.000000e+00
-9.106610e-01 -1.635796e-01  3.392610e+00  0.000000e+00  0.000000e+00  2.938839e-01 -3.775348e-01 -2.476068e-01  4.614786e-02
 4.262244e-01  3.217248e-01 -9.914342e-01  4.417274e+01  5.000000e-01  4.518035e-01 -1.394707e-01 -1.135653e+00  1.224359e-01
 1.041568e-03  4.374495e-04  2.361681e-05  8.740418e+01  1.000000e+00  2.166308e+02 -6.005709e+01 -2.338985e+01  2.155810e+02
1  1.127219e+00 -3.040736e-01  0.000000e+00  3.311186e+00  0.000000e+00  4.681571e+00 0 2  2.811926e-01
 8.547795e+00  2.407043e+00  3.400618e+00  0.000000e+00  0.000000e+00  3.383556e-01 -2.063785e-01 -3.179891e-01  1.676229e-04
3  1.301130e+00  1.100764e-01  4.850294e+00  2.190111e+00  7.758489e-02  2.634192e+00 6 2 -1.000000e+00
 4.320407e+00 -3.683962e-01  4.107935e+00  0.000000e+00  0.000000e+00  4.703793e-01 -1.923195e-01  8.942375e-03  1.761171e-03
-5.234041e-01 -1.176968e-01 -3.187136e-01  9.702770e+02  5.000000e-01  1.719088e+00 -1.752112e+00 -7.647246e-01  6.500905e-01
-3.662789e-02 -8.710496e-03  1.475673e-03  9.920880e+02  1.000000e+00  3.137590e+01 -1.302547e+01 -8.681910e+00  2.954409e+01
3 -4.351217e-01  5.356872e-01  3.359392e+00  1.397948e+00  1.907069e-01  9.354131e+00 6 1 -1.000000e+00
 4.970930e-01 -7.014201e-01 -5.654758e-01  2.098310e+02  5.000000e-01  1.119898e+00  7.236959e-01  1.122079e+00  3.871215e-01
-2.426633e+00  9.530706e-01  2.965157e+00  0.000000e+00  0.000000e+00  3.899223e-01 -9.628494e-02  1.602303e-01  1.597753e-02
 1.284358e-02 -1.302333e-02  4.755808e-04  2.462970e+02  1.000000e+00  5.826885e+01 -1.451479e+00  3.427715e+01  5.644531e+01
3 -5.034730e-01  8.922049e-02  1.331667e+00  5.279573e-01  1.554241e-01  1.118383e+00 6 1 -1.000000e+00
-1.060897e+00  2.395017e-01  1.599327e+00  0.000000e+00  0.000000e+00  1.917496e-01 -1.536611e-01  6.628612e-02  4.463087e-03
 2.427985e-01 -3.200304e-02 -2.485738e-01  1.063376e+02  5.000000e-01  7.799554e-01 -1.952790e+00  5.079197e-01  2.814279e-01
 2.298448e-03 -3.419485e-04  3.456792e-05  1.225341e+02  1.000000e+00  1.741773e+02 -3.205721e+01  5.844437e+00  1.725406e+02
