# [0]nim, [1]snr, [2]snr_obs, [3]source_id, [4]ein, [5]fs, [6]frac_sh_trunc [7]snr_max [8]flag_out [9]zs [10]xs [11]ys
# [12+8*i]m_type_i, [13+8*i]zl_i, [14+8*i]mass_i, [15+8*i]xl_i, [16+8*i]yl_i
# [17+8*i]e_i, [18+8*i]p_i, [19+8*i]param1(con, tb, ...)_i, i=0,1,2,3,4
# i=0,1 correspond subhalos and satellite gals if not exist, stored -1, please extract using e.g. np.extract(arr > 0, arr)
# i=2,3 correspond host halos and central gals
# i=4 corresponds perturbation
# m_type: 1 = anfw, 2 = ahern, 3 = pert
# observable multi events: 29 (subhalo 9), high-mag events: 13
3  4.312165e+00  2.364953e+00  2.759000e+04  1.447362e-01 6 -1.000000e+00  6.410649e+00 1   5.4397  7.901151e-02 -5.272491e-02 -1 -1.0000 -1.000000e+00 -1.000000e+00 -1.000000e+00 -1.000000e+00 -1.000000e+00 -1.000000e+00 -1 -1.0000 -1.000000e+00 -1.000000e+00 -1.000000e+00 -1.000000e+00 -1.000000e+00 -1.000000e+00  0  2.0500  6.701122e+11  0.000000e+00  0.000000e+00  1.863940e-01  4.035850e+01  1.863473e+00  1  2.0500  9.913163e+09  0.000000e+00  0.000000e+00  4.362841e-01  5.917775e+01  4.178654e-02  2  2.0500  5.439728e+00  0.000000e+00  0.000000e+00  4.616246e-02  1.343021e+02  0.000000e+00 
3  2.190567e+00  1.931879e+00  3.022700e+04  7.542369e-01 6  2.701512e-01  3.991609e+00 3  15.9617  2.944662e-01 -1.696685e+00  0  2.1740  8.730717e+11  0.000000e+00  0.000000e+00  2.547711e-01  6.960477e+01  1.037886e+01  1  2.1740  2.598494e+10  0.000000e+00  0.000000e+00  4.283214e-01 -3.869691e+01  7.559370e-02  2  2.1740  7.982191e+12  5.281582e-01 -2.987417e+00  3.252667e-01 -1.987880e+01  5.367781e+00  3  2.1740  8.747583e+10  5.281582e-01 -2.987417e+00  2.788164e-01 -5.890156e+01  6.491035e-02  4  2.1740  1.596171e+01  0.000000e+00  0.000000e+00  5.146135e-02  1.251915e+02  0.000000e+00 
3  1.605123e+01  8.262115e+00  1.306300e+04  3.379569e-01 6 -1.000000e+00  2.303437e+01 1   2.2744 -3.580537e-02 -2.889582e-01 -1 -1.0000 -1.000000e+00 -1.000000e+00 -1.000000e+00 -1.000000e+00 -1.000000e+00 -1.000000e+00 -1 -1.0000 -1.000000e+00 -1.000000e+00 -1.000000e+00 -1.000000e+00 -1.000000e+00 -1.000000e+00  0  1.3060  2.329310e+12  0.000000e+00  0.000000e+00  2.037834e-01 -3.926977e+01  5.698756e+00  1  1.3060  5.935747e+10  0.000000e+00  0.000000e+00  1.336851e-01  5.017107e+00  5.793038e-02  2  1.3060  2.274393e+00  0.000000e+00  0.000000e+00  2.029742e-02 -1.542740e+02  0.000000e+00 
1  8.106590e+00  1.653594e+01  1.907000e+04  9.690591e-01 0  3.243113e-01  1.653594e+01 2   2.8181  2.111652e+00 -1.946744e+00  0  0.1830  9.830451e+11  0.000000e+00  0.000000e+00  2.543767e-01  8.649788e+01  2.597640e+01  1  0.1830  2.844028e+10  0.000000e+00  0.000000e+00  5.970976e-01  1.602849e+02  5.877749e-01  2  0.1830  4.427513e+13  5.561827e+00 -4.954934e+00  1.365287e-01 -2.277945e+01  9.699334e+00  3  0.1830  3.306961e+11  5.561827e+00 -4.954934e+00  1.050066e-01 -4.157525e+00  1.010927e+00  4  0.1830  2.818122e+00  0.000000e+00  0.000000e+00  5.778502e-02 -8.496251e+00  0.000000e+00 
3  4.768787e+00  2.455377e+00  2.581000e+04  7.635791e-01 6 -1.000000e+00  9.582125e+00 2   4.0536 -1.518685e-01 -5.721980e-01 -1 -1.0000 -1.000000e+00 -1.000000e+00 -1.000000e+00 -1.000000e+00 -1.000000e+00 -1.000000e+00 -1 -1.0000 -1.000000e+00 -1.000000e+00 -1.000000e+00 -1.000000e+00 -1.000000e+00 -1.000000e+00  0  0.2750  1.490439e+12  0.000000e+00  0.000000e+00  1.188859e-01 -2.032305e+01  8.016705e+00  1  0.2750  8.632429e+10  0.000000e+00  0.000000e+00  3.987197e-01 -1.540543e+01  2.219916e-01  2  0.2750  4.053622e+00  0.000000e+00  0.000000e+00  1.150902e-01 -5.206362e+00  0.000000e+00 
5  1.328433e+00  2.098941e+00  3.003300e+04  4.712121e-01 6 -1.000000e+00  2.772053e+00 3  12.3511 -1.351964e-02  4.641053e-02 -1 -1.0000 -1.000000e+00 -1.000000e+00 -1.000000e+00 -1.000000e+00 -1.000000e+00 -1.000000e+00 -1 -1.0000 -1.000000e+00 -1.000000e+00 -1.000000e+00 -1.000000e+00 -1.000000e+00 -1.000000e+00  0  0.1910  5.955662e+11  0.000000e+00  0.000000e+00  3.963097e-01  7.106840e+01  8.922700e+00  1  0.1910  2.610059e+10  0.000000e+00  0.000000e+00  1.505434e-01  4.743000e+01  3.387786e-01  2  0.1910  1.235115e+01  0.000000e+00  0.000000e+00  1.210271e-01  9.010148e+01  0.000000e+00 
3  5.993112e+00  4.505921e+00  2.711500e+04  7.329748e-01 6  2.735467e-01  8.628981e+00 1   5.1187  1.850401e+00  4.798471e-01  0  1.6510  2.066791e+12  0.000000e+00  0.000000e+00  2.144306e-01  3.443938e+00  1.469227e+01  1  1.6510  5.841891e+10  0.000000e+00  0.000000e+00  6.224297e-01 -1.348656e+01  6.993889e-02  2  1.6510  1.319986e+13  1.757855e+01  5.352525e+00  2.819885e-01 -1.221996e+02  4.621235e+00  3  1.6510  1.310265e+11  1.757855e+01  5.352525e+00  4.709107e-01 -1.651064e+02  6.198300e-02  4  1.6510  5.118736e+00  0.000000e+00  0.000000e+00  2.474265e-01  1.120287e+02  0.000000e+00 
3  8.906822e+00  5.499188e+00  2.086300e+04  3.234231e-01 6 -1.000000e+00  1.701881e+01 3   3.1253  1.709870e-01  3.762643e-02 -1 -1.0000 -1.000000e+00 -1.000000e+00 -1.000000e+00 -1.000000e+00 -1.000000e+00 -1.000000e+00 -1 -1.0000 -1.000000e+00 -1.000000e+00 -1.000000e+00 -1.000000e+00 -1.000000e+00 -1.000000e+00  0  1.8980  3.997735e+12  0.000000e+00  0.000000e+00  2.801216e-01 -1.609754e+02  2.579387e+00  1  1.8980  6.148109e+10  0.000000e+00  0.000000e+00  3.862604e-01 -9.019605e+01  1.223585e-01  2  1.8980  3.125297e+00  0.000000e+00  0.000000e+00  1.007048e-01 -7.010471e+01  0.000000e+00 
3  4.722978e+00  6.876769e+00  1.891900e+04  3.892571e-01 6  2.865360e-01  7.280605e+00 1   2.7792  1.566865e-01 -6.161774e-01  0  0.9450  5.731346e+11  0.000000e+00  0.000000e+00  6.209772e-02  1.943980e+01  1.750927e+01  1  0.9450  2.235927e+10  0.000000e+00  0.000000e+00  3.764594e-01 -1.961923e+00  6.266946e-02  2  0.9450  3.196587e+12  2.206709e+00 -3.477368e+00  1.443575e-01  1.237193e+02  6.502025e+00  3  0.9450  5.508583e+10  2.206709e+00 -3.477368e+00  2.884781e-01  1.012773e+02  7.124956e-02  4  0.9450  2.779197e+00  0.000000e+00  0.000000e+00  8.397289e-02 -1.358943e+02  0.000000e+00 
3  5.886022e+00  5.142938e+00  2.612000e+04  1.125725e+00 6  2.863545e-01  1.104500e+01 3   4.3057 -7.496240e-01 -3.458666e-01  0  0.5370  2.507808e+12  0.000000e+00  0.000000e+00  1.037769e-01  5.207775e+01  1.638544e+01  1  0.5370  7.631847e+10  0.000000e+00  0.000000e+00  2.897423e-01  1.241757e+02  2.487832e-01  2  0.5370  9.791913e+12 -2.419141e+01 -5.377710e-01  2.659282e-01  8.032871e+01  2.987961e+00  3  0.5370  1.612649e+11 -2.419141e+01 -5.377710e-01  2.323115e-01  6.024400e+01  3.515739e-01  4  0.5370  4.305713e+00  0.000000e+00  0.000000e+00  8.361864e-02 -8.926729e+01  0.000000e+00 
3  3.317696e+00  6.218719e+00  2.949100e+04  2.636415e-01 6  2.972960e-01  6.529935e+00 3   8.3870  3.940003e-01 -5.569358e-01  0  0.9450  2.173158e+11  0.000000e+00  0.000000e+00  3.004351e-01  1.220228e+02  2.708273e+01  1  0.9450  3.852047e+09  0.000000e+00  0.000000e+00  7.266159e-01  1.766847e+02  4.447057e-02  2  0.9450  3.107492e+12  1.139743e+01 -1.385715e+01  4.066838e-01 -1.006350e+02  3.893502e+00  3  0.9450  8.430222e+10  1.139743e+01 -1.385715e+01  4.083372e-01 -1.009373e+02  7.141474e-02  4  0.9450  8.387038e+00  0.000000e+00  0.000000e+00  1.298496e-01  9.983054e+00  0.000000e+00 
3  1.245285e+01  1.637197e+01  1.673300e+04  4.402127e-01 6 -1.000000e+00  2.582990e+01 3   2.5574  6.210313e-02 -5.054781e-02 -1 -1.0000 -1.000000e+00 -1.000000e+00 -1.000000e+00 -1.000000e+00 -1.000000e+00 -1.000000e+00 -1 -1.0000 -1.000000e+00 -1.000000e+00 -1.000000e+00 -1.000000e+00 -1.000000e+00 -1.000000e+00  0  0.8880  1.351734e+12  0.000000e+00  0.000000e+00  1.611520e-01 -1.433255e+02  1.018323e+01  1  0.8880  4.649280e+10  0.000000e+00  0.000000e+00  2.552520e-01 -1.656953e+02  8.058517e-02  2  0.8880  2.557357e+00  0.000000e+00  0.000000e+00  5.678992e-02 -1.525283e+02  0.000000e+00 
3  2.872147e+01  2.241520e+01  7.623000e+03  2.778986e-01 6 -1.000000e+00  4.039254e+01 1   1.7377 -1.161196e-01 -2.819483e-02 -1 -1.0000 -1.000000e+00 -1.000000e+00 -1.000000e+00 -1.000000e+00 -1.000000e+00 -1.000000e+00 -1 -1.0000 -1.000000e+00 -1.000000e+00 -1.000000e+00 -1.000000e+00 -1.000000e+00 -1.000000e+00  0  1.1050  1.786768e+12  0.000000e+00  0.000000e+00  1.973553e-01  7.328419e+01  2.963600e+00  1  1.1050  5.370728e+10  0.000000e+00  0.000000e+00  3.950196e-01  5.956137e+01  9.446330e-02  2  1.1050  1.737672e+00  0.000000e+00  0.000000e+00  6.425932e-02  7.714026e+01  0.000000e+00 
3  7.478748e+00  8.484773e+00  2.241000e+04  2.421230e-01 6 -1.000000e+00  1.136936e+01 1   3.3758 -2.310329e-02  8.188478e-02 -1 -1.0000 -1.000000e+00 -1.000000e+00 -1.000000e+00 -1.000000e+00 -1.000000e+00 -1.000000e+00 -1 -1.0000 -1.000000e+00 -1.000000e+00 -1.000000e+00 -1.000000e+00 -1.000000e+00 -1.000000e+00  0  0.5080  6.423098e+11  0.000000e+00  0.000000e+00  4.279287e-01 -5.649581e+01  6.198933e+00  1  0.5080  2.395634e+10  0.000000e+00  0.000000e+00  3.808923e-01 -2.116554e+01  2.187289e-01  2  0.5080  3.375810e+00  0.000000e+00  0.000000e+00  3.162390e-02 -2.797786e+01  0.000000e+00 
3  2.879482e+00  2.415634e+00  2.582500e+04  3.257574e-01 6 -1.000000e+00  3.856454e+00 1   4.0033  3.054074e-01 -1.970874e-02 -1 -1.0000 -1.000000e+00 -1.000000e+00 -1.000000e+00 -1.000000e+00 -1.000000e+00 -1.000000e+00 -1 -1.0000 -1.000000e+00 -1.000000e+00 -1.000000e+00 -1.000000e+00 -1.000000e+00 -1.000000e+00  0  0.6600  1.067525e+12  0.000000e+00  0.000000e+00  3.143289e-01 -2.764184e+00  6.899201e+00  1  0.6600  3.793645e+10  0.000000e+00  0.000000e+00  4.448605e-01  2.009679e+00  1.576856e-01  2  0.6600  4.003280e+00  0.000000e+00  0.000000e+00  8.370872e-02 -1.266691e+02  0.000000e+00 
3  5.003973e+00  7.988175e+00  2.295000e+04  2.395270e-01 6  2.815918e-01  8.061899e+00 1   3.4597 -3.182991e-01 -2.090275e-01  0  1.6440  3.162841e+11  0.000000e+00  0.000000e+00  1.383262e-01  4.913718e+01  2.340999e+01  1  1.6440  5.971640e+09  0.000000e+00  0.000000e+00  6.744539e-01  6.820952e+01  3.404760e-02  2  1.6440  3.207264e+12 -1.113721e+01 -7.547996e+00  2.176309e-01 -1.479297e+02  4.579627e+00  3  1.6440  5.875444e+10 -1.113721e+01 -7.547996e+00  3.194355e-02 -1.270863e+02  4.374900e-02  4  1.6440  3.459676e+00  0.000000e+00  0.000000e+00  1.075111e-01 -1.217139e+02  0.000000e+00 
3  3.386719e+00  4.068894e+00  2.886900e+04  3.365761e+00 6  2.831014e-01  5.878688e+00 3   6.8202  6.237087e+00 -2.433168e+00  0  0.5930  1.065172e+13  0.000000e+00  0.000000e+00  5.254237e-01 -4.116393e+01  1.524444e+01  1  0.5930  1.157448e+11  0.000000e+00  0.000000e+00  5.214041e-01 -9.203189e+01  1.009703e-01  2  0.5930  5.648151e+13  1.666782e+01 -3.984268e+00  4.109568e-01 -9.172739e+01  9.806656e+00  3  0.5930  3.252485e+11  1.666782e+01 -3.984268e+00  4.414850e-01 -1.486300e+02  2.066640e-01  4  0.5930  6.820191e+00  0.000000e+00  0.000000e+00  6.011898e-02 -1.130438e+02  0.000000e+00 
3  2.377616e+01  1.741921e+01  6.213000e+03  9.128202e-02 6  2.798050e-01  3.549169e+01 1   1.6103 -1.685455e-02 -7.179025e-02  0  1.1430  4.163739e+11  0.000000e+00  0.000000e+00  4.308928e-01 -1.763920e+02  1.212706e+01  1  1.1430  1.047033e+10  0.000000e+00  0.000000e+00  3.945205e-01 -1.779057e+02  3.675640e-02  2  1.1430  1.271039e+12 -2.309464e+00 -4.734994e+00  2.322212e-01 -1.081501e+02  3.778689e+00  3  1.1430  4.058620e+10 -2.309464e+00 -4.734994e+00  3.072559e-01 -1.349776e+02  4.573171e-02  4  1.1430  1.610307e+00  0.000000e+00  0.000000e+00  4.495768e-02 -8.725297e+01  0.000000e+00 
3  1.202415e+01  6.591361e+00  2.016900e+04  8.755078e-02 6 -1.000000e+00  1.888568e+01 1   3.0632  1.064674e-02  7.486088e-02 -1 -1.0000 -1.000000e+00 -1.000000e+00 -1.000000e+00 -1.000000e+00 -1.000000e+00 -1.000000e+00 -1 -1.0000 -1.000000e+00 -1.000000e+00 -1.000000e+00 -1.000000e+00 -1.000000e+00 -1.000000e+00  0  1.2600  4.182937e+11  0.000000e+00  0.000000e+00  4.747739e-02 -2.904398e+00  4.126673e+00  1  1.2600  4.899703e+09  0.000000e+00  0.000000e+00  2.606544e-01  7.843738e+00  3.765405e-02  2  1.2600  3.063159e+00  0.000000e+00  0.000000e+00  9.889935e-02  1.453347e+02  0.000000e+00 
3  2.148019e+00  1.307911e+00  3.007600e+04  2.232052e-01 6  2.739072e-01  3.299563e+00 1  11.4942 -3.533640e-01  5.510936e-01  0  2.1350  3.253671e+11  0.000000e+00  0.000000e+00  1.819928e-01  4.864386e+01  1.081214e+01  1  2.1350  5.032981e+09  0.000000e+00  0.000000e+00  2.314142e-01  1.689249e+02  2.424269e-02  2  2.1350  2.509265e+12 -2.972242e+00  3.231168e+00  6.364841e-02 -1.322200e+02  6.083636e+00  3  2.1350  7.736527e+10 -2.972242e+00  3.231168e+00  1.765494e-01 -8.476281e+01  2.987985e-02  4  2.1350  1.149421e+01  0.000000e+00  0.000000e+00  8.259891e-02 -2.053231e+00  0.000000e+00 
1  1.541727e+00  2.729708e+00  3.023600e+04  1.057234e+00 0 -1.000000e+00  2.729708e+00 2  16.0154 -2.676177e-02 -2.670312e+00 -1 -1.0000 -1.000000e+00 -1.000000e+00 -1.000000e+00 -1.000000e+00 -1.000000e+00 -1.000000e+00 -1 -1.0000 -1.000000e+00 -1.000000e+00 -1.000000e+00 -1.000000e+00 -1.000000e+00 -1.000000e+00  0  1.1390  2.295179e+13  0.000000e+00  0.000000e+00  3.075681e-01  1.069551e+01  3.252921e+00  1  1.1390  1.269718e+11  0.000000e+00  0.000000e+00  4.122555e-01 -2.551673e+01  1.474141e-01  2  1.1390  1.601537e+01  0.000000e+00  0.000000e+00  1.216172e-01  1.629363e+02  0.000000e+00 
3  7.646891e+00  1.325783e+01  2.602400e+04  5.643868e-01 6 -1.000000e+00  1.506882e+01 3   4.4440 -9.400743e-02 -6.232884e-02 -1 -1.0000 -1.000000e+00 -1.000000e+00 -1.000000e+00 -1.000000e+00 -1.000000e+00 -1.000000e+00 -1 -1.0000 -1.000000e+00 -1.000000e+00 -1.000000e+00 -1.000000e+00 -1.000000e+00 -1.000000e+00  0  0.4980  1.921429e+12  0.000000e+00  0.000000e+00  2.297564e-01 -5.469741e+01  7.080958e+00  1  0.4980  4.409119e+10  0.000000e+00  0.000000e+00  3.370166e-01 -4.982206e+01  1.611977e-01  2  0.4980  4.444010e+00  0.000000e+00  0.000000e+00  1.156091e-01  2.661763e+01  0.000000e+00 
3  4.945255e+00  2.341028e+00  2.836900e+04  6.424308e-01 6 -1.000000e+00  7.005532e+00 1   6.5356 -4.135876e-01 -3.680053e-01 -1 -1.0000 -1.000000e+00 -1.000000e+00 -1.000000e+00 -1.000000e+00 -1.000000e+00 -1.000000e+00 -1 -1.0000 -1.000000e+00 -1.000000e+00 -1.000000e+00 -1.000000e+00 -1.000000e+00 -1.000000e+00  0  1.0350  2.579730e+12  0.000000e+00  0.000000e+00  1.031377e-01  8.776211e+01  6.460862e+00  1  1.0350  5.291752e+10  0.000000e+00  0.000000e+00  1.577422e-01  1.326431e+02  5.472037e-02  2  1.0350  6.535641e+00  0.000000e+00  0.000000e+00  8.104977e-02 -1.634528e+02  0.000000e+00 
3  1.668321e+01  1.064310e+01  1.174500e+04  4.878338e-01 6 -1.000000e+00  2.490907e+01 1   2.1146 -4.193548e-02  3.221582e-01 -1 -1.0000 -1.000000e+00 -1.000000e+00 -1.000000e+00 -1.000000e+00 -1.000000e+00 -1.000000e+00 -1 -1.0000 -1.000000e+00 -1.000000e+00 -1.000000e+00 -1.000000e+00 -1.000000e+00 -1.000000e+00  0  0.4730  1.066810e+12  0.000000e+00  0.000000e+00  2.262576e-01 -4.472668e+01  6.279181e+00  1  0.4730  4.099160e+10  0.000000e+00  0.000000e+00  1.854492e-01 -3.526219e+01  8.529643e-02  2  0.4730  2.114551e+00  0.000000e+00  0.000000e+00  6.134630e-02 -1.651203e+02  0.000000e+00 
3  1.600325e+01  7.170497e+00  1.394200e+04  4.299465e-01 6 -1.000000e+00  2.168891e+01 1   2.3188 -5.228046e-02 -3.909933e-01 -1 -1.0000 -1.000000e+00 -1.000000e+00 -1.000000e+00 -1.000000e+00 -1.000000e+00 -1.000000e+00 -1 -1.0000 -1.000000e+00 -1.000000e+00 -1.000000e+00 -1.000000e+00 -1.000000e+00 -1.000000e+00  0  1.1050  2.603850e+12  0.000000e+00  0.000000e+00  1.933651e-01 -9.527546e+01  5.807600e+00  1  1.1050  5.304334e+10  0.000000e+00  0.000000e+00  2.045495e-01 -1.172562e+02  7.206801e-02  2  1.1050  2.318819e+00  0.000000e+00  0.000000e+00  4.124359e-02 -1.694018e+02  0.000000e+00 
3  7.200071e+00  5.076869e+00  2.694300e+04  5.848075e-01 6 -1.000000e+00  1.422589e+01 3   4.9519  2.288903e-01  2.426140e-01 -1 -1.0000 -1.000000e+00 -1.000000e+00 -1.000000e+00 -1.000000e+00 -1.000000e+00 -1.000000e+00 -1 -1.0000 -1.000000e+00 -1.000000e+00 -1.000000e+00 -1.000000e+00 -1.000000e+00 -1.000000e+00  0  1.7310  5.102878e+12  0.000000e+00  0.000000e+00  2.727946e-01  1.341951e+02  3.509278e+00  1  1.7310  1.066592e+11  0.000000e+00  0.000000e+00  1.567692e-01  1.478912e+02  1.159651e-01  2  1.7310  4.951899e+00  0.000000e+00  0.000000e+00  9.246639e-03  1.686352e+02  0.000000e+00 
3  1.423557e+01  7.755034e+00  3.801000e+03  4.913695e-01 6 -1.000000e+00  1.882269e+01 1   1.3982  2.525833e-01  4.887665e-01 -1 -1.0000 -1.000000e+00 -1.000000e+00 -1.000000e+00 -1.000000e+00 -1.000000e+00 -1.000000e+00 -1 -1.0000 -1.000000e+00 -1.000000e+00 -1.000000e+00 -1.000000e+00 -1.000000e+00 -1.000000e+00  0  0.7530  7.516879e+12  0.000000e+00  0.000000e+00  2.725950e-01  2.634571e+01  5.632794e+00  1  0.7530  1.339920e+11  0.000000e+00  0.000000e+00  4.638792e-01  1.759014e+01  1.507570e-01  2  0.7530  1.398233e+00  0.000000e+00  0.000000e+00  6.539144e-02 -9.703955e+01  0.000000e+00 
3  2.020013e+01  1.269912e+01  4.601000e+03  1.530416e+00 6 -1.000000e+00  3.280870e+01 1   1.4788 -8.599418e-02 -1.010672e+00 -1 -1.0000 -1.000000e+00 -1.000000e+00 -1.000000e+00 -1.000000e+00 -1.000000e+00 -1.000000e+00 -1 -1.0000 -1.000000e+00 -1.000000e+00 -1.000000e+00 -1.000000e+00 -1.000000e+00 -1.000000e+00  0  0.4380  3.220682e+13  0.000000e+00  0.000000e+00  1.020181e-01  3.699815e+01  4.788855e+00  1  0.4380  2.177761e+11  0.000000e+00  0.000000e+00  3.519226e-01  6.898592e+01  2.822023e-01  2  0.4380  1.478806e+00  0.000000e+00  0.000000e+00  5.780214e-02 -4.047793e+01  0.000000e+00 
3  2.258404e+01  1.772847e+01  3.864000e+03  4.013082e-01 6 -1.000000e+00  3.298309e+01 1   1.3925  2.664932e-02  2.638666e-01 -1 -1.0000 -1.000000e+00 -1.000000e+00 -1.000000e+00 -1.000000e+00 -1.000000e+00 -1.000000e+00 -1 -1.0000 -1.000000e+00 -1.000000e+00 -1.000000e+00 -1.000000e+00 -1.000000e+00 -1.000000e+00  0  0.5920  2.349649e+12  0.000000e+00  0.000000e+00  2.715695e-01 -1.735718e+02  7.134382e+00  1  0.5920  6.355247e+10  0.000000e+00  0.000000e+00  3.268224e-01 -1.463219e+02  2.157963e-01  2  0.5920  1.392525e+00  0.000000e+00  0.000000e+00  7.378031e-02  5.906057e+01  0.000000e+00 
3  9.167717e+00  4.834093e+00  1.640800e+04  1.941399e-01 6 -1.000000e+00  1.142307e+01 1   2.6116  1.562196e-01  1.003192e-01 -1 -1.0000 -1.000000e+00 -1.000000e+00 -1.000000e+00 -1.000000e+00 -1.000000e+00 -1.000000e+00 -1 -1.0000 -1.000000e+00 -1.000000e+00 -1.000000e+00 -1.000000e+00 -1.000000e+00 -1.000000e+00  0  1.2840  8.958513e+11  0.000000e+00  0.000000e+00  3.697623e-01 -1.530823e+02  4.284308e+00  1  1.2840  1.920095e+10  0.000000e+00  0.000000e+00  1.613107e-01 -1.612777e+02  3.648245e-02  2  1.2840  2.611576e+00  0.000000e+00  0.000000e+00  1.175690e-01 -9.637749e+01  0.000000e+00 
3  8.307457e+00  3.744317e+00  2.046000e+04  5.708298e-01 6 -1.000000e+00  1.052551e+01 1   3.0164 -3.515132e-01  3.415205e-01 -1 -1.0000 -1.000000e+00 -1.000000e+00 -1.000000e+00 -1.000000e+00 -1.000000e+00 -1.000000e+00 -1 -1.0000 -1.000000e+00 -1.000000e+00 -1.000000e+00 -1.000000e+00 -1.000000e+00 -1.000000e+00  0  0.9280  2.093816e+12  0.000000e+00  0.000000e+00  2.089208e-01 -1.662627e+02  5.146126e+00  1  0.9280  6.407888e+10  0.000000e+00  0.000000e+00  2.410969e-01 -1.155290e+02  6.092163e-02  2  0.9280  3.016424e+00  0.000000e+00  0.000000e+00  1.479228e-01 -7.858487e+00  0.000000e+00 
1  3.957458e+00  8.622609e+00  2.797300e+04  5.098797e-02 0 -1.000000e+00  8.622609e+00 2   5.8548  3.756333e-02  9.513371e-03 -1 -1.0000 -1.000000e+00 -1.000000e+00 -1.000000e+00 -1.000000e+00 -1.000000e+00 -1.000000e+00 -1 -1.0000 -1.000000e+00 -1.000000e+00 -1.000000e+00 -1.000000e+00 -1.000000e+00 -1.000000e+00  0  1.1200  1.646649e+11  0.000000e+00  0.000000e+00  3.928453e-02 -1.205205e+02  1.285081e+01  1  1.1200  8.537572e+08  0.000000e+00  0.000000e+00  3.118549e-01 -1.659496e+02  8.815522e-02  2  1.1200  5.854824e+00  0.000000e+00  0.000000e+00  6.199946e-02 -9.144386e+01  0.000000e+00 
3  1.061534e+01  1.285660e+01  1.899600e+04  9.741349e-01 6 -1.000000e+00  1.603137e+01 1   2.8349 -2.504960e-01 -3.385934e-01 -1 -1.0000 -1.000000e+00 -1.000000e+00 -1.000000e+00 -1.000000e+00 -1.000000e+00 -1.000000e+00 -1 -1.0000 -1.000000e+00 -1.000000e+00 -1.000000e+00 -1.000000e+00 -1.000000e+00 -1.000000e+00  0  0.9680  8.946012e+12  0.000000e+00  0.000000e+00  3.646795e-01  7.568486e+01  7.834170e+00  1  0.9680  8.831145e+10  0.000000e+00  0.000000e+00  2.830005e-01  4.586435e+01  1.651208e-01  2  0.9680  2.834874e+00  0.000000e+00  0.000000e+00  7.950427e-02 -9.754370e+01  0.000000e+00 
