# num_image x_src y_src, sep, ein, fr, zs, fs, flag_out, frac_sh_trunc
# x_img, y_img, mag, delay, n_i, kappa, gamma1, gamma2, kappa*
# zmin, zmax, log10Mhmin, log10Mhmax, log10mshmin, log10mshmax, n_bins: 0.10, 3.00, 10.00, 16.00, 9.00, 16.00, 100
3 -1.799346e-01  4.534635e-01  1.443897e+00  8.142563e-01  1.081125e-01  4.640945e+00 6 3 -1.000000e+00
 2.239579e-01  1.213634e+00  4.805005e+00  0.000000e+00  0.000000e+00  3.858069e-01  4.105570e-01  2.366100e-02  5.581646e-02
 9.795526e-02 -2.247552e-01 -5.194812e-01  4.009070e+01  5.000000e-01  2.073209e+00  1.166803e+00  1.309712e+00  1.433005e+00
 3.740323e-02 -8.840363e-02  1.215468e-01  4.027822e+01  1.000000e+00  4.894798e+00  1.786492e+00  1.936650e+00  4.083290e+00
3 -3.033560e-01 -2.600816e-01  1.272867e+00  7.782758e-01  1.460125e-01  1.785553e+00 6 1 -1.000000e+00
-5.562127e-01 -7.448820e-01  1.893577e+00  0.000000e+00  0.000000e+00  1.880407e-01  1.063717e-01 -3.462110e-01  3.507123e-02
 3.203343e-01  1.780778e-01 -2.764859e-01  3.101347e+01  5.000000e-01  1.052715e+00 -8.946468e-01 -1.679050e+00  8.305484e-01
 7.756872e-03  4.384531e-03  4.277720e-04  3.757608e+01  1.000000e+00  5.793044e+01 -1.963906e+01 -2.275276e+01  5.743673e+01
3 -3.176418e-01 -9.597807e-01  2.038395e+00  9.610295e-01  1.005819e-01  4.070589e+00 6 1 -1.000000e+00
-4.061292e-01 -1.817060e+00  1.732347e+00  0.000000e+00  0.000000e+00  2.163676e-01  1.457797e-01 -1.248057e-01  8.966372e-03
 1.801774e-02  6.609176e-02  3.131979e-02  1.191503e+02  1.000000e+00  7.861049e+00  3.352579e+00 -1.976236e+00  7.300088e+00
 5.010606e-02  1.696217e-01 -1.742428e-01  1.189096e+02  5.000000e-01  2.458378e+00  2.249672e+00 -1.674801e+00  1.999421e+00
3  1.719215e-01  7.971825e-01  1.928617e+00  8.843092e-01  1.021918e-01  6.197738e+00 6 1 -1.000000e+00
 1.583419e-01  1.681659e+00  1.710977e+00  0.000000e+00  0.000000e+00  2.182446e-01  1.613492e-01 -2.543124e-02  8.487730e-03
-8.408307e-02 -2.316616e-01 -1.748478e-01  8.912638e+01  5.000000e-01  1.706455e+00  1.940176e+00 -1.566542e+00  1.109700e+00
-9.805528e-03 -2.879314e-02  3.690326e-03  9.091759e+01  1.000000e+00  1.925755e+01  5.502980e+00 -5.663633e+00  1.824205e+01
3 -3.000702e-01  5.044646e+00  2.780475e+00  1.399411e+00  8.682560e-01  1.066783e+01 6 3  3.032559e-01
-1.414796e-01 -9.660395e-01 -2.961315e+00  8.029473e+01  5.000000e-01  7.297194e-01  6.359827e-01 -7.915426e-02  2.678274e-02
 1.899684e+00  9.219999e-01  3.410647e+00  0.000000e+00  0.000000e+00  4.528444e-01 -1.815406e-02 -7.648672e-02  4.525967e-03
-4.386678e-03 -3.265109e-03  9.579169e-04  1.148543e+02  1.000000e+00  3.364515e+01 -4.568700e+00 -9.491774e-01  2.975058e+01
2  7.907007e-01  1.300304e-01  4.799900e+00  1.828420e+00  4.788367e-01  4.540693e+00 6 1 -1.000000e+00
-7.349775e-01 -5.298088e-01 -1.152112e+00  1.036433e+03  5.000000e-01  1.128448e+00 -3.407048e-02 -9.398454e-01  6.004620e-02
 4.049864e+00 -1.498988e-01  2.406064e+00  0.000000e+00  0.000000e+00  3.515750e-01 -4.700286e-02  5.127550e-02  4.455529e-04
3 -4.590595e-01  2.245494e-01  1.461931e+00  7.511383e-01  2.224201e-01  2.272187e+00 6 1 -1.000000e+00
 3.135787e-01 -1.113166e-01 -4.333336e-01  6.032256e+01  5.000000e-01  1.027681e+00 -1.155684e+00  9.863318e-01  7.408770e-01
-9.628993e-01  6.013177e-01  1.948266e+00  0.000000e+00  0.000000e+00  2.134299e-01 -1.458183e-01  2.900909e-01  4.281814e-02
 2.657016e-02 -1.029960e-02  6.648261e-03  6.424023e+01  1.000000e+00  1.401567e+01 -3.661017e+00  2.364201e+00  1.351693e+01
2 -6.629459e-03 -1.086643e-01  7.735077e-01  3.634546e-01  3.318744e-01  1.640666e+01 6 1 -1.000000e+00
 3.092561e-01 -4.907925e-01  2.088969e+00  0.000000e+00  0.000000e+00  2.938390e-01  1.188266e-01  7.641052e-02  5.535539e-03
 1.165739e-01  2.583322e-01 -6.932754e-01  2.493457e+01  5.000000e-01  4.929489e-01  7.391913e-01 -1.073837e+00  6.465974e-02
3 -1.476276e-01 -2.169642e-02  4.577640e-01  2.638108e-01  1.589795e-01  2.997090e+00 6 1 -1.000000e+00
-3.359035e-01 -2.402686e-02  2.089828e+00  0.000000e+00  0.000000e+00  2.103633e-01 -3.711795e-01 -8.510997e-02  7.577892e-02
 1.199533e-01  1.771598e-02 -3.322398e-01  4.700447e+01  5.000000e-01  9.979496e-01 -1.641868e+00 -5.604875e-01  8.094268e-01
 4.880673e-03  6.227978e-04  1.290227e-03  5.385853e+01  1.000000e+00  3.194367e+01 -1.314566e+01 -3.105639e+00  3.158385e+01
3  1.582101e-01  2.219291e-01  1.083410e+00  6.232035e-01  1.234747e-01  2.599860e+00 6 3 -1.000000e+00
-2.028066e-01 -2.379770e-01 -6.201706e-01  7.782519e+01  5.000000e-01  7.757965e-01  2.246221e-01 -1.269753e+00  1.752843e-01
 3.191201e-01  7.114275e-01  5.022653e+00  0.000000e+00  0.000000e+00  3.806635e-01  2.565994e-01 -3.444364e-01  1.321771e-02
-1.383348e-03 -1.710018e-03  8.942607e-05  1.029740e+02  1.000000e+00  1.098049e+02  4.255224e-01 -2.561071e+01  1.079382e+02
3  3.317406e+00 -4.723923e-01  2.478824e+00  1.452950e+00  4.913158e-02  8.854207e+00 6 2  2.873105e-01
 1.330057e+00  1.431483e+00  8.754632e+00  0.000000e+00  0.000000e+00  4.363424e-01  7.635613e-02 -4.445834e-01  1.075451e-02
-2.992731e-01 -4.366318e-01 -4.301289e-01  1.884197e+02  5.000000e-01  1.325972e+00  7.420634e-01 -1.371308e+00  2.637977e-01
-1.226715e-02 -1.317495e-02  8.513794e-04  2.049784e+02  1.000000e+00  3.940587e+01 -2.202090e+00 -1.719295e+01  3.631898e+01
3  1.141954e-01 -1.928611e-01  7.031988e-01  3.551218e-01  2.590348e-01  2.258521e+00 6 1 -1.000000e+00
 3.117591e-01 -4.181656e-01  2.022965e+00  0.000000e+00  0.000000e+00  2.221983e-01  1.454672e-01  2.991503e-01  1.627316e-02
-8.720338e-02  1.609004e-01 -5.240184e-01  7.214499e+01  5.000000e-01  5.858887e-01  8.339133e-01  1.176608e+00  2.517357e-01
-1.358290e-03  2.191007e-03  2.584365e-04  8.832873e+01  1.000000e+00  6.364926e+01  2.342846e+00  7.072337e+00  6.276877e+01
3  2.890497e+00 -2.686953e+00  2.102294e+00  9.127484e-01  5.477061e-01  1.947113e+00 6 3  3.271662e-01
-1.161657e+00 -1.166635e+00  3.691701e+00  0.000000e+00  0.000000e+00  4.735367e-01 -3.532230e-02 -7.097920e-02  4.484475e-03
 4.734834e-01  1.547120e-01 -2.021967e+00  6.162284e+01  5.000000e-01  1.137954e+00 -6.517183e-01 -2.980981e-01  8.565020e-02
 2.866036e-02  1.473464e-02  1.835822e-02  6.548386e+01  1.000000e+00  9.266020e+00 -2.233034e+00 -2.978108e+00  5.728235e+00
3  1.232395e-01  6.045375e-01  1.628065e+00  6.558471e-01  1.742603e-01  6.200532e+00 6 1 -1.000000e+00
 6.970577e-01  1.255089e+00  1.763152e+00  0.000000e+00  0.000000e+00  2.302740e-01  1.471324e-01 -6.053191e-02  1.389544e-02
 2.168707e-02 -2.262851e-01 -3.072475e-01  8.096002e+01  5.000000e-01  1.967122e+00  2.023530e+00  3.087983e-01  1.538291e+00
 4.452709e-03 -6.360506e-02  3.491659e-02  8.154540e+01  1.000000e+00  7.692874e+00  3.811767e+00  1.274879e+00  7.128486e+00
3  1.005901e-01  7.953938e-02  5.676218e-01  2.936878e-01  7.939799e-01  1.969056e+00 6 1 -1.000000e+00
-1.608724e-01 -5.182658e-02 -1.553241e+00  1.629831e+01  5.000000e-01  7.034732e-01 -6.637892e-01 -5.395620e-01  3.999859e-01
 2.904940e-01  2.923577e-01  1.956273e+00  0.000000e+00  0.000000e+00  2.465721e-01  7.267436e-04 -2.376485e-01  3.786490e-02
-7.759343e-03 -3.920167e-03  1.058333e-02  1.854531e+01  1.000000e+00  1.102735e+01 -2.401423e+00 -5.410193e-01  1.039922e+01
3  1.134327e+00 -7.630719e-02  3.396635e+00  1.630029e+00  1.500296e-01  2.036481e+00 6 1 -1.000000e+00
-5.929454e-01  5.133186e-02 -2.877683e-01  2.275065e+02  5.000000e-01  1.327005e+00 -1.812345e+00  5.453042e-01  8.842664e-01
 2.795397e+00  2.885413e-01  1.918077e+00  0.000000e+00  0.000000e+00  2.690966e-01 -1.126555e-01  1.315623e-02  2.241992e-02
-4.448811e-02  5.822116e-04  2.407418e-03  2.390906e+02  1.000000e+00  2.408825e+01 -1.084656e+01 -1.915213e-01  2.334275e+01
3 -3.656821e-01  1.813812e-01  1.209795e+00  4.696567e-01  1.120524e-01  5.377258e+00 6 1 -1.000000e+00
-9.383692e-01  2.490463e-01  2.177138e+00  0.000000e+00  0.000000e+00  2.977253e-01 -1.184058e-01  1.408945e-01  6.137790e-03
 2.070363e-01 -1.403759e-01 -2.439536e-01  3.675522e+02  5.000000e-01  9.210343e-01 -8.134126e-01  1.855731e+00  4.173261e-01
 1.930546e-03 -1.386574e-03  3.570120e-05  4.385298e+02  1.000000e+00  1.841033e+02 -6.706123e+00  7.397020e+01  1.828562e+02
3 -2.489940e-01  2.707785e-01  1.768039e+00  8.911427e-01  5.074878e-01  2.509770e+00 6 3 -1.000000e+00
 4.069855e-01 -3.039209e-01 -1.568663e+00  1.079096e+02  5.000000e-01  6.795687e-01 -2.366527e-01  8.271381e-01  1.024823e-01
-6.797434e-01  1.090705e+00  3.091035e+00  0.000000e+00  0.000000e+00  3.713574e-01  6.718898e-02  2.591542e-01  7.877055e-03
 5.089798e-03 -4.507537e-03  9.011805e-04  1.337694e+02  1.000000e+00  3.448781e+01 -3.268097e+00 -1.047653e+00  3.288388e+01
3  1.545338e-01  1.938650e-01  7.605090e-01  3.459680e-01  2.641999e-01  2.962024e+00 6 1 -1.000000e+00
 2.683074e-01  4.961534e-01  1.723939e+00  0.000000e+00  0.000000e+00  1.925013e-01  6.868726e-02 -2.593631e-01  6.732963e-03
-1.412716e-01 -1.446422e-01 -4.554645e-01  7.152487e+01  5.000000e-01  3.788605e-01 -2.450379e-02 -1.606479e+00  1.172063e-01
-4.490593e-04 -5.576069e-04  1.901546e-05  9.951327e+01  1.000000e+00  2.308504e+02 -4.505473e+00  1.490301e+01  2.301722e+02
3 -1.644200e-01 -1.388348e+00  2.151114e+00  1.010809e+00  1.100915e-01  9.535390e+00 6 1  2.779523e-01
 9.348707e-01 -1.641432e+00  1.546696e+00  0.000000e+00  0.000000e+00  1.928891e-01  3.607897e-02  5.989066e-02  6.545473e-04
-2.245136e-03  1.666542e-03  1.409749e-05  3.213572e+02  1.000000e+00  3.041230e+02 -8.442471e+01  1.175643e+02  2.999371e+02
-1.996910e-01  1.861521e-01 -1.702781e-01  2.981974e+02  5.000000e-01  1.411261e+00 -1.187507e-02  2.457995e+00  3.176856e-01
3 -1.050604e-01 -9.776449e-01  4.333817e+00  2.429635e+00  2.536296e-01  3.110142e+00 6 3 -1.000000e+00
 8.836238e-01 -3.743516e+00  3.734478e+00  0.000000e+00  0.000000e+00  4.427380e-01  2.016341e-01  4.593039e-02  1.569550e-03
 1.670487e-01  5.306489e-01 -9.471743e-01  1.284198e+03  5.000000e-01  1.657769e+00  9.855184e-01 -7.191557e-01  3.614282e-01
 2.675626e-02  9.047031e-02  3.165885e-02  1.295235e+03  1.000000e+00  7.858286e+00  3.049435e+00 -2.479978e+00  5.758792e+00
3  1.649735e-01  7.253136e-02  2.761746e-01  1.463644e-01  6.488833e-01  3.253638e+00 6 3  2.755086e-01
 4.785971e-02 -2.060867e-01  3.182478e+00  0.000000e+00  0.000000e+00  4.050797e-01  1.822877e-01  8.050345e-02  1.050787e-02
-4.145446e-02  5.524710e-02 -2.065057e+00  8.088204e+00  5.000000e-01  1.044934e+00  1.676691e-01  6.768710e-01  2.037060e-01
-3.414951e-03  5.468674e-03  3.741440e-02  8.534749e+00  1.000000e+00  6.605473e+00  4.471988e-01  2.119826e+00  4.750876e+00
3 -3.590885e-01 -3.998332e-01  1.022415e+00  8.416559e-01  1.285035e-01  2.307261e+00 6 1 -1.000000e+00
-5.407375e-01 -7.057546e-01  1.505976e+00  0.000000e+00  0.000000e+00  1.211856e-01  1.260771e-01 -3.039704e-01  1.801656e-02
 4.597080e-02  2.077603e-02  2.857783e-02  4.957085e+01  1.000000e+00  9.308279e+00 -4.427103e+00 -3.799486e+00  9.077463e+00
 1.327422e-01  6.350338e-02 -1.935232e-01  4.932876e+01  5.000000e-01  2.520236e+00 -1.296937e+00 -2.407574e+00  2.336251e+00
3  8.172847e-02  3.514096e-01  1.319489e+00  6.466876e-01  3.923458e-01  4.229681e+00 6 1 -1.000000e+00
 2.223836e-01  9.572503e-01  1.921483e+00  0.000000e+00  0.000000e+00  2.573664e-01  1.725239e-01 -3.617505e-02  8.706853e-03
-1.393955e-01 -3.116734e-01 -7.538857e-01  1.509554e+02  5.000000e-01  5.963924e-01  9.346123e-01 -7.847674e-01  2.000817e-01
-1.717290e-03 -3.059452e-03  1.443098e-04  1.888556e+02  1.000000e+00  8.934146e+01 -3.131133e+00 -2.940869e+01  8.830972e+01
3  6.344015e-01  1.824665e-01  9.839909e-01  4.640741e-01  2.712441e-01  3.716914e+00 6 3  2.754665e-01
 2.258218e-02 -3.014624e-01 -1.127351e+00  6.806579e+01  5.000000e-01  8.317895e-01  9.565147e-01  2.024392e-02  1.648655e-01
-2.786469e-01  6.352868e-01  4.156222e+00  0.000000e+00  0.000000e+00  4.141852e-01  2.717267e-01  1.695301e-01  2.197795e-02
 7.730639e-04 -4.748404e-03  9.999870e-04  8.630892e+01  1.000000e+00  3.395280e+01  8.214151e+00  4.289727e+00  3.143829e+01
3 -1.554065e-01  1.028467e-01  1.226041e+00  4.381512e-01  3.401088e-01  1.672514e+00 6 3 -1.000000e+00
-6.340097e-01  4.390349e-01  2.087564e+00  0.000000e+00  0.000000e+00  2.462869e-01 -1.342390e-01  2.665260e-01  7.330439e-03
 3.464752e-01 -2.970535e-01 -6.137930e+00  2.905056e+01  5.000000e-01  3.624564e-01 -1.667664e-01  7.359159e-01  3.584708e-02
 2.481086e-04 -2.569182e-04  6.361117e-06  6.103412e+01  1.000000e+00  4.068791e+02  8.639386e+01  8.296976e+00  4.052383e+02
1 -2.598811e+00 -1.248755e+00  0.000000e+00  1.733120e+00  0.000000e+00  3.342055e+00 0 2 -1.000000e+00
-4.084023e+00 -1.572182e+00  4.133085e+00  0.000000e+00  0.000000e+00  4.001481e-01 -2.115534e-01 -2.704023e-01  5.383181e-04
5  2.618864e+00 -1.824160e+00  3.282264e+00  1.490245e+00  1.000000e+00  2.183589e+00 6 3  2.969565e-01
 2.560359e-01 -8.205714e-01 -1.632271e+00  5.197036e+01  5.000000e-01  1.099602e+00  6.436661e-01  4.563530e-01  2.194022e-01
-2.022320e+00  4.118223e-01  3.814071e+00  0.000000e+00  0.000000e+00  4.212519e-01 -1.782636e-01  2.024461e-01  1.426955e-02
 1.080956e+00  1.480903e+00  1.364136e+01  1.721968e+01  0.000000e+00  5.695220e-01  2.005439e-01 -2.679310e-01  3.090496e-02
 5.321268e-01  1.658410e+00 -1.330949e+01  1.744169e+01  5.000000e-01  6.303816e-01  4.317571e-01 -1.591787e-01  4.794157e-02
 2.777978e-02 -6.565960e-02  5.694262e-02  5.702172e+01  1.000000e+00  5.653237e+00  1.702883e+00  1.091451e+00  3.401065e+00
3 -1.342909e-01 -5.249188e-01  1.561099e+00  6.850226e-01  2.226243e-01  3.655457e+00 6 1 -1.000000e+00
-2.241689e-01 -1.225494e+00  1.707375e+00  0.000000e+00  0.000000e+00  2.103201e-01  1.815761e-01 -7.021331e-02  2.653228e-02
 1.131801e-01  2.987191e-01 -3.801030e-01  4.422910e+01  5.000000e-01  1.085155e+00  1.245236e+00 -1.042835e+00  7.464241e-01
 7.856770e-03  2.164990e-02  3.332826e-03  4.701373e+01  1.000000e+00  1.982383e+01  4.924465e+00 -5.480943e+00  1.918060e+01
3 -7.517680e-01  3.386101e-01  2.081821e+00  9.197818e-01  1.095063e-01  2.602886e+00 6 1 -1.000000e+00
-1.532965e+00  5.583298e-01  2.093453e+00  0.000000e+00  0.000000e+00  2.339097e-01 -2.155478e-01  2.505071e-01  8.978395e-03
 4.074726e-01 -1.957801e-01 -2.292462e-01  2.451912e+02  5.000000e-01  7.204702e-01 -1.334378e+00  1.630857e+00  3.103838e-01
 3.436859e-03 -1.733524e-03  3.325193e-05  2.968713e+02  1.000000e+00  1.783447e+02 -1.704263e+01  3.297370e+01  1.771972e+02
