# [0]nim, [1]snr, [2]snr_obs, [3]source_id, [4]ein, [5]fs, [6]frac_sh_trunc [7]snr_max [8]flag_out [9]zs [10]xs [11]ys
# [12+8*i]m_type_i, [13+8*i]zl_i, [14+8*i]mass_i, [15+8*i]xl_i, [16+8*i]yl_i
# [17+8*i]e_i, [18+8*i]p_i, [19+8*i]param1(con, tb, ...)_i, i=0,1,2,3,4
# i=0,1 correspond subhalos and satellite gals if not exist, stored -1, please extract using e.g. np.extract(arr > 0, arr)
# i=2,3 correspond host halos and central gals
# i=4 corresponds perturbation
# m_type: 1 = anfw, 2 = ahern, 3 = pert
# observable multi events: 66 (subhalo 12), high-mag events: 40
1  1.163703e+00  2.333215e+00  4.363400e+04  4.352286e-01 0  3.206027e-01  2.333215e+00 2   9.0967  2.581825e-01 -1.913279e+00  0  0.7110  3.303902e+11  0.000000e+00  0.000000e+00  2.927540e-01 -1.059293e+02  1.533943e+01  1  0.7110  1.098819e+10  0.000000e+00  0.000000e+00  1.895770e-01 -1.126540e+02  1.059425e-01  2  0.7110  5.691279e+13 -1.078460e+00 -6.920148e+00  2.366860e-01 -1.732395e+02  2.880284e+00  3  0.7110  2.022667e+11 -1.078460e+00 -6.920148e+00  3.807994e-01 -2.334625e+02  1.796147e-01  4  0.7110  9.096738e+00  0.000000e+00  0.000000e+00  2.563727e-01  1.207472e+02  0.000000e+00 
3  1.152286e+00  7.143246e-01  4.580300e+04  4.700753e-01 6 -1.000000e+00  1.573870e+00 1   9.2574  1.978929e-01  3.288157e-01 -1 -1.0000 -1.000000e+00 -1.000000e+00 -1.000000e+00 -1.000000e+00 -1.000000e+00 -1.000000e+00 -1 -1.0000 -1.000000e+00 -1.000000e+00 -1.000000e+00 -1.000000e+00 -1.000000e+00 -1.000000e+00  0  0.9570  1.187200e+12  0.000000e+00  0.000000e+00  3.067882e-01 -1.768128e+02  6.076625e+00  1  0.9570  5.012561e+10  0.000000e+00  0.000000e+00  2.585576e-01 -1.892124e+02  8.302570e-02  2  0.9570  9.257423e+00  0.000000e+00  0.000000e+00  6.384448e-02  5.377018e+01  0.000000e+00 
1  1.021644e+00  1.921531e+00  4.254300e+04  1.890653e-01 0  2.899947e-01  1.921531e+00 2   7.9859  2.004081e-01 -7.791017e-01  0  1.4050  1.831923e+11  0.000000e+00  0.000000e+00  3.627317e-01  6.031562e+00  1.977947e+01  1  1.4050  1.934087e+09  0.000000e+00  0.000000e+00  2.690872e-01  2.064701e+01  9.362567e-02  2  1.4050  3.286944e+12  5.927245e-01 -3.782928e+00  3.340946e-01 -2.543978e+01  3.547467e+00  3  1.4050  6.499509e+10  5.927245e-01 -3.782928e+00  5.047455e-01 -1.868547e+01  6.104648e-02  4  1.4050  7.985875e+00  0.000000e+00  0.000000e+00  7.963348e-02  5.485244e+01  0.000000e+00 
3  9.970796e-01  6.167166e-01  2.999000e+04  8.292628e-01 6  2.892244e-01  2.611853e+00 2   3.8399  1.485307e+00  1.327931e-01  0  0.9060  1.539859e+12  0.000000e+00  0.000000e+00  3.615891e-01  3.391256e+01  1.646745e+01  1  0.9060  4.631509e+10  0.000000e+00  0.000000e+00  3.897642e-01  7.176264e+01  1.031373e-01  2  0.9060  1.595313e+13  1.322581e+01 -1.042215e+00  1.803689e-01 -1.125924e+02  5.448043e+00  3  0.9060  9.302019e+10  1.322581e+01 -1.042215e+00  2.263348e-01 -1.619407e+02  5.454996e-02  4  0.9060  3.839884e+00  0.000000e+00  0.000000e+00  7.305040e-02 -1.193839e+02  0.000000e+00 
3  6.503247e+00  6.464588e+00  1.890300e+04  4.690002e-01 6 -1.000000e+00  1.097563e+01 1   2.4035  1.186885e-01 -1.849512e-01 -1 -1.0000 -1.000000e+00 -1.000000e+00 -1.000000e+00 -1.000000e+00 -1.000000e+00 -1.000000e+00 -1 -1.0000 -1.000000e+00 -1.000000e+00 -1.000000e+00 -1.000000e+00 -1.000000e+00 -1.000000e+00  0  1.0750  3.135422e+12  0.000000e+00  0.000000e+00  2.646349e-01 -1.462068e-01  6.210743e+00  1  1.0750  6.773375e+10  0.000000e+00  0.000000e+00  1.604453e-01 -2.073733e+01  6.041517e-02  2  1.0750  2.403542e+00  0.000000e+00  0.000000e+00  3.654889e-02  9.375338e+01  0.000000e+00 
3  1.548835e+00  1.076070e+00  4.442200e+04  9.390524e-01 6 -1.000000e+00  2.326270e+00 1   8.4760 -4.716321e-01 -2.191362e-01 -1 -1.0000 -1.000000e+00 -1.000000e+00 -1.000000e+00 -1.000000e+00 -1.000000e+00 -1.000000e+00 -1 -1.0000 -1.000000e+00 -1.000000e+00 -1.000000e+00 -1.000000e+00 -1.000000e+00 -1.000000e+00  0  1.4950  7.563827e+12  0.000000e+00  0.000000e+00  2.794061e-01 -1.274561e+02  3.729162e+00  1  1.4950  8.395948e+10  0.000000e+00  0.000000e+00  3.346259e-01 -8.867211e+01  5.272224e-02  2  1.4950  8.476030e+00  0.000000e+00  0.000000e+00  5.304449e-02  4.057367e+01  0.000000e+00 
3  2.048739e+00  1.273317e+00  3.742800e+04  9.675062e-02 6 -1.000000e+00  2.899615e+00 1   5.7116 -7.821877e-02  4.734518e-02 -1 -1.0000 -1.000000e+00 -1.000000e+00 -1.000000e+00 -1.000000e+00 -1.000000e+00 -1.000000e+00 -1 -1.0000 -1.000000e+00 -1.000000e+00 -1.000000e+00 -1.000000e+00 -1.000000e+00 -1.000000e+00  0  2.7190  4.806934e+11  0.000000e+00  0.000000e+00  3.058705e-01  7.117706e+00  5.961576e+00  1  2.7190  4.878480e+09  0.000000e+00  0.000000e+00  4.310227e-01 -3.103339e+01  1.274748e-02  2  2.7190  5.711556e+00  0.000000e+00  0.000000e+00  3.175357e-02  1.356887e+02  0.000000e+00 
3  1.525444e+01  9.681659e+00  5.594000e+03  1.209811e+00 6  2.971386e-01  2.636691e+01 1   1.1178 -1.057701e+00  9.851218e-02  0  0.2660  3.055044e+12  0.000000e+00  0.000000e+00  1.525492e-01 -1.122567e+02  2.137374e+01  1  0.2660  5.717894e+10  0.000000e+00  0.000000e+00  2.490039e-01 -9.538200e+01  2.170120e-01  2  0.2660  2.244013e+13 -1.196378e+02  2.395612e+01  4.408238e-01  2.566503e+01  1.349076e+01  3  0.2660  1.760161e+11 -1.196378e+02  2.395612e+01  5.591753e-01  1.182859e+00  6.190406e-01  4  0.2660  1.117817e+00  0.000000e+00  0.000000e+00  3.016457e-02 -1.519091e+02  0.000000e+00 
1  6.292559e-01  1.331004e+00  4.860500e+04  2.220808e-02 0  2.859424e-01  1.331004e+00 2  11.9857  1.277957e-02 -2.730089e-02  0  0.9590  6.910132e+09  0.000000e+00  0.000000e+00  3.100788e-01 -7.983809e+01  3.537942e+01  1  0.9590  2.372624e+06  0.000000e+00  0.000000e+00  4.732867e-02 -7.814188e+01  7.263916e-02  2  0.9590  2.769304e+10  9.259755e-02 -9.070293e-02  3.243626e-01  1.298552e+02  1.225987e+01  3  0.9590  3.307091e+07  9.259755e-02 -9.070293e-02  4.016968e-01  1.345858e+02  7.513082e-02  4  0.9590  1.198573e+01  0.000000e+00  0.000000e+00  1.309087e-01  9.337764e+01  0.000000e+00 
3  2.388499e+00  1.543875e+00  3.669700e+04  8.576967e-01 6 -1.000000e+00  3.136838e+00 1   5.8804 -1.686333e-01 -6.549978e-01 -1 -1.0000 -1.000000e+00 -1.000000e+00 -1.000000e+00 -1.000000e+00 -1.000000e+00 -1.000000e+00 -1 -1.0000 -1.000000e+00 -1.000000e+00 -1.000000e+00 -1.000000e+00 -1.000000e+00 -1.000000e+00  0  0.3660  2.379181e+12  0.000000e+00  0.000000e+00  3.856045e-01  5.792393e+01  8.777831e+00  1  0.3660  6.598564e+10  0.000000e+00  0.000000e+00  6.069172e-01  6.220586e+01  2.457591e-01  2  0.3660  5.880443e+00  0.000000e+00  0.000000e+00  9.029281e-02 -1.706157e+02  0.000000e+00 
3  1.213058e+01  1.299497e+01  1.110800e+04  6.421401e-01 6 -1.000000e+00  2.194186e+01 3   1.6459 -2.872507e-01 -3.848878e-02 -1 -1.0000 -1.000000e+00 -1.000000e+00 -1.000000e+00 -1.000000e+00 -1.000000e+00 -1.000000e+00 -1 -1.0000 -1.000000e+00 -1.000000e+00 -1.000000e+00 -1.000000e+00 -1.000000e+00 -1.000000e+00  0  0.6340  7.334525e+12  0.000000e+00  0.000000e+00  1.790059e-01  1.336128e+02  4.731806e+00  1  0.6340  1.187459e+11  0.000000e+00  0.000000e+00  3.252954e-01  1.626786e+02  1.286916e-01  2  0.6340  1.645871e+00  0.000000e+00  0.000000e+00  8.607947e-02  6.424232e+01  0.000000e+00 
3  1.102214e+00  5.734622e-01  4.313800e+04  1.943538e+00 6 -1.000000e+00  2.765628e+00 2   7.5395 -8.052776e-01 -1.108955e+00 -1 -1.0000 -1.000000e+00 -1.000000e+00 -1.000000e+00 -1.000000e+00 -1.000000e+00 -1.000000e+00 -1 -1.0000 -1.000000e+00 -1.000000e+00 -1.000000e+00 -1.000000e+00 -1.000000e+00 -1.000000e+00  0  1.0660  1.171374e+14  0.000000e+00  0.000000e+00  2.081001e-01  1.690923e+02  2.233557e+00  1  1.0660  4.126339e+11  0.000000e+00  0.000000e+00  5.575528e-01  1.654969e+02  2.608475e-01  2  1.0660  7.539460e+00  0.000000e+00  0.000000e+00  5.665846e-02  1.446930e+02  0.000000e+00 
1  1.106267e+00  2.009723e+00  4.170200e+04  2.015750e+00 0  2.734544e-01  2.009723e+00 2   7.4608  3.895314e+00  2.383317e-01  0  1.2880  8.361827e+12  0.000000e+00  0.000000e+00  3.556376e-01 -7.100569e+01  1.117888e+01  1  1.2880  9.095091e+10  0.000000e+00  0.000000e+00  2.626186e-01 -9.111872e+01  8.028202e-02  2  1.2880  2.322292e+13  1.496016e+01 -3.854929e+00  2.842196e-01 -4.569543e+01  3.623744e+00  3  1.2880  1.478786e+11  1.496016e+01 -3.854929e+00  2.390755e-01 -8.654411e+01  1.090192e-01  4  1.2880  7.460828e+00  0.000000e+00  0.000000e+00  1.964894e-01 -1.410154e+01  0.000000e+00 
3  1.647267e+00  1.119016e+00  3.494900e+04  5.499818e-01 6  2.776306e-01  2.431874e+00 1   4.8927  2.783653e-01 -3.585584e-01  0  1.4680  1.080030e+12  0.000000e+00  0.000000e+00  1.913010e-01  3.164062e+01  1.189940e+01  1  1.4680  3.995090e+10  0.000000e+00  0.000000e+00  3.089867e-01  6.946674e+01  6.339412e-02  2  1.4680  5.385279e+12  7.811079e+00 -2.584772e+01  5.297045e-02 -9.774918e+01  4.211812e+00  3  1.4680  5.816676e+10  7.811079e+00 -2.584772e+01  1.571097e-01 -9.887167e+01  5.568221e-02  4  1.4680  4.892721e+00  0.000000e+00  0.000000e+00  5.924244e-02 -1.521892e+02  0.000000e+00 
3  3.958499e+00  2.149750e+00  2.930700e+04  5.607269e-01 6  2.868722e-01  6.740438e+00 1   3.6103  7.120594e-01  2.411465e-01  0  0.7980  7.169861e+11  0.000000e+00  0.000000e+00  2.073614e-01  4.630639e+01  1.407945e+01  1  0.7980  3.158840e+10  0.000000e+00  0.000000e+00  5.613253e-01  6.856274e+01  7.775661e-02  2  0.7980  3.531589e+12  6.300464e+00  5.678957e+00  4.771860e-01 -4.864177e+01  3.600645e+00  3  0.7980  1.024260e+11  6.300464e+00  5.678957e+00  4.122417e-01  1.176639e+01  1.116411e-01  4  0.7980  3.610328e+00  0.000000e+00  0.000000e+00  1.976051e-02 -1.534800e+02  0.000000e+00 
3  3.483591e+00  1.979920e+00  2.218400e+04  4.748944e-01 6 -1.000000e+00  4.395339e+00 1   2.8656  2.124796e-01  4.338570e-01 -1 -1.0000 -1.000000e+00 -1.000000e+00 -1.000000e+00 -1.000000e+00 -1.000000e+00 -1.000000e+00 -1 -1.0000 -1.000000e+00 -1.000000e+00 -1.000000e+00 -1.000000e+00 -1.000000e+00 -1.000000e+00  0  1.3970  5.654035e+12  0.000000e+00  0.000000e+00  8.257846e-02 -1.138718e+02  2.931778e+00  1  1.3970  1.065375e+11  0.000000e+00  0.000000e+00  5.701740e-01 -1.264296e+02  1.077091e-01  2  1.3970  2.865564e+00  0.000000e+00  0.000000e+00  7.312578e-02 -9.511331e+01  0.000000e+00 
3  2.446457e+00  1.969186e-01  4.233900e+04  5.620605e-01 6 -1.000000e+00  4.449905e+00 2   7.6243  6.625106e-01  1.053372e+00 -1 -1.0000 -1.000000e+00 -1.000000e+00 -1.000000e+00 -1.000000e+00 -1.000000e+00 -1.000000e+00 -1 -1.0000 -1.000000e+00 -1.000000e+00 -1.000000e+00 -1.000000e+00 -1.000000e+00 -1.000000e+00  0  2.0300  3.320278e+12  0.000000e+00  0.000000e+00  3.431115e-01 -2.511227e+01  7.710750e+00  1  2.0300  5.537405e+10  0.000000e+00  0.000000e+00  6.368897e-01  1.555079e+01  2.928286e-02  2  2.0300  7.624296e+00  0.000000e+00  0.000000e+00  1.385262e-01  1.413104e+02  0.000000e+00 
1  1.440251e+00  2.577252e+00  4.698200e+04  7.287094e-01 0  2.965659e-01  2.577252e+00 2  10.6967  3.028084e+00 -1.744614e+00  0  0.8970  7.941776e+11  0.000000e+00  0.000000e+00  2.671481e-01  1.372052e+02  1.424482e+01  1  0.8970  3.455393e+10  0.000000e+00  0.000000e+00  1.101246e-01  1.799174e+02  5.808134e-02  2  0.8970  1.887316e+13  4.883628e+00 -1.800865e+00  3.384728e-01 -4.787703e+01  3.412963e+00  3  0.8970  1.404095e+11  4.883628e+00 -1.800865e+00  5.120415e-01 -8.137560e+01  8.414255e-02  4  0.8970  1.069666e+01  0.000000e+00  0.000000e+00  1.690905e-01 -1.204648e+02  0.000000e+00 
3  4.328401e+00  6.396482e+00  2.151400e+04  7.545999e-01 6  3.249559e-01  7.389010e+00 1   2.6546  1.984363e+00  2.942813e-01  0  0.1870  6.751384e+11  0.000000e+00  0.000000e+00  1.810967e-01 -5.550739e+01  2.374357e+01  1  0.1870  3.877645e+10  0.000000e+00  0.000000e+00  4.866123e-02 -9.200269e+01  5.184764e-01  2  0.1870  2.732085e+13  8.416229e+00  2.183148e+00  3.382584e-01  2.331828e+01  4.520445e+00  3  0.1870  2.521723e+11  8.416229e+00  2.183148e+00  2.983641e-01  3.833416e+01  1.039490e+00  4  0.1870  2.654575e+00  0.000000e+00  0.000000e+00  1.042736e-01 -1.224219e+02  0.000000e+00 
3  7.883308e-01  1.180741e+00  4.678200e+04  3.258087e-01 6 -1.000000e+00  1.188347e+00 1   9.4167  8.494716e-02 -7.801082e-02 -1 -1.0000 -1.000000e+00 -1.000000e+00 -1.000000e+00 -1.000000e+00 -1.000000e+00 -1.000000e+00 -1 -1.0000 -1.000000e+00 -1.000000e+00 -1.000000e+00 -1.000000e+00 -1.000000e+00 -1.000000e+00  0  0.7190  5.899416e+11  0.000000e+00  0.000000e+00  3.174195e-01  1.028822e+02  1.041022e+01  1  0.7190  1.533831e+10  0.000000e+00  0.000000e+00  4.207837e-01  1.189581e+02  1.693321e-01  2  0.7190  9.416714e+00  0.000000e+00  0.000000e+00  6.779690e-02 -4.206646e+01  0.000000e+00 
3  1.150875e+00  6.675771e-01  4.557400e+04  4.517081e-01 6 -1.000000e+00  1.650683e+00 1   8.8278 -3.267655e-01 -2.399279e-01 -1 -1.0000 -1.000000e+00 -1.000000e+00 -1.000000e+00 -1.000000e+00 -1.000000e+00 -1.000000e+00 -1 -1.0000 -1.000000e+00 -1.000000e+00 -1.000000e+00 -1.000000e+00 -1.000000e+00 -1.000000e+00  0  0.8010  1.978195e+12  0.000000e+00  0.000000e+00  9.303113e-02 -7.372560e+01  4.259738e+00  1  0.8010  6.127449e+10  0.000000e+00  0.000000e+00  4.733670e-01 -3.257837e+01  1.861086e-01  2  0.8010  8.827777e+00  0.000000e+00  0.000000e+00  8.292761e-02  5.589565e+01  0.000000e+00 
3  1.054064e+00  8.486770e-01  4.047800e+04  7.511072e-01 6 -1.000000e+00  1.607570e+00 1   7.1577 -1.045025e-01  3.131773e-01 -1 -1.0000 -1.000000e+00 -1.000000e+00 -1.000000e+00 -1.000000e+00 -1.000000e+00 -1.000000e+00 -1 -1.0000 -1.000000e+00 -1.000000e+00 -1.000000e+00 -1.000000e+00 -1.000000e+00 -1.000000e+00  0  0.9780  2.250245e+12  0.000000e+00  0.000000e+00  5.990715e-02  1.006122e+02  4.270063e+00  1  0.9780  6.552022e+10  0.000000e+00  0.000000e+00  3.578639e-01  1.003456e+02  4.782343e-02  2  0.9780  7.157653e+00  0.000000e+00  0.000000e+00  7.127463e-02 -1.317782e+02  0.000000e+00 
1  1.096426e+00  2.884037e+00  2.906600e+04  5.437206e+00 0 -1.000000e+00  2.884037e+00 2   3.6947 -8.110511e-01  1.834067e+00 -1 -1.0000 -1.000000e+00 -1.000000e+00 -1.000000e+00 -1.000000e+00 -1.000000e+00 -1.000000e+00 -1 -1.0000 -1.000000e+00 -1.000000e+00 -1.000000e+00 -1.000000e+00 -1.000000e+00 -1.000000e+00  0  0.7910  9.482711e+13  0.000000e+00  0.000000e+00  2.192452e-01 -1.768285e+02  8.029221e+00  1  0.7910  3.868939e+11  0.000000e+00  0.000000e+00  8.916425e-02 -2.274249e+02  5.826963e-01  2  0.7910  3.694676e+00  0.000000e+00  0.000000e+00  3.902337e-02  8.460365e+01  0.000000e+00 
3  3.177140e+00  3.947616e+00  2.842800e+04  4.847979e-01 6 -1.000000e+00  4.163190e+00 1   3.7254  2.421302e-02  2.288331e-01 -1 -1.0000 -1.000000e+00 -1.000000e+00 -1.000000e+00 -1.000000e+00 -1.000000e+00 -1.000000e+00 -1 -1.0000 -1.000000e+00 -1.000000e+00 -1.000000e+00 -1.000000e+00 -1.000000e+00 -1.000000e+00  0  1.1890  1.955234e+12  0.000000e+00  0.000000e+00  3.171989e-01  7.923236e+01  4.931037e+00  1  1.1890  5.346469e+10  0.000000e+00  0.000000e+00  3.694906e-01  5.781780e+01  7.468800e-02  2  1.1890  3.725413e+00  0.000000e+00  0.000000e+00  9.177503e-02 -1.065140e+02  0.000000e+00 
5  1.173160e+00  1.443144e+00  4.731600e+04  6.574960e-01 6 -1.000000e+00  1.922163e+00 1  10.8376 -6.517023e-02  1.738289e-02 -1 -1.0000 -1.000000e+00 -1.000000e+00 -1.000000e+00 -1.000000e+00 -1.000000e+00 -1.000000e+00 -1 -1.0000 -1.000000e+00 -1.000000e+00 -1.000000e+00 -1.000000e+00 -1.000000e+00 -1.000000e+00  0  1.3930  3.723688e+12  0.000000e+00  0.000000e+00  1.083346e-01  1.110814e+02  2.996743e+00  1  1.3930  6.726880e+10  0.000000e+00  0.000000e+00  5.527239e-01  1.191403e+02  4.748364e-02  2  1.3930  1.083760e+01  0.000000e+00  0.000000e+00  3.039480e-01  1.272966e+01  0.000000e+00 
3  2.025663e+00  3.202376e+00  4.021300e+04  2.192623e-01 6 -1.000000e+00  3.862688e+00 3   6.9386 -7.012819e-03 -5.477909e-02 -1 -1.0000 -1.000000e+00 -1.000000e+00 -1.000000e+00 -1.000000e+00 -1.000000e+00 -1.000000e+00 -1 -1.0000 -1.000000e+00 -1.000000e+00 -1.000000e+00 -1.000000e+00 -1.000000e+00 -1.000000e+00  0  0.7970  4.589172e+11  0.000000e+00  0.000000e+00  2.860196e-01  9.387557e+01  9.114584e+00  1  0.7970  8.318551e+09  0.000000e+00  0.000000e+00  3.047239e-01  8.848192e+01  1.390320e-01  2  0.7970  6.938559e+00  0.000000e+00  0.000000e+00  7.275665e-02  1.024034e+02  0.000000e+00 
3  5.535061e+00  3.350802e+00  2.743600e+04  3.692184e-01 6 -1.000000e+00  7.841139e+00 1   3.4713 -2.312890e-01  2.716884e-01 -1 -1.0000 -1.000000e+00 -1.000000e+00 -1.000000e+00 -1.000000e+00 -1.000000e+00 -1.000000e+00 -1 -1.0000 -1.000000e+00 -1.000000e+00 -1.000000e+00 -1.000000e+00 -1.000000e+00 -1.000000e+00  0  1.0210  1.644671e+12  0.000000e+00  0.000000e+00  9.887341e-02  1.738948e+02  7.351043e+00  1  1.0210  3.744801e+10  0.000000e+00  0.000000e+00  3.446941e-01  1.454173e+02  1.231141e-01  2  1.0210  3.471295e+00  0.000000e+00  0.000000e+00  3.441202e-02  1.203085e+02  0.000000e+00 
3  1.127380e+00  5.919553e-01  4.890300e+04  6.874991e-01 6 -1.000000e+00  1.408145e+00 1  12.6657 -4.545996e-01 -2.217407e-01 -1 -1.0000 -1.000000e+00 -1.000000e+00 -1.000000e+00 -1.000000e+00 -1.000000e+00 -1.000000e+00 -1 -1.0000 -1.000000e+00 -1.000000e+00 -1.000000e+00 -1.000000e+00 -1.000000e+00 -1.000000e+00  0  1.2320  1.597616e+12  0.000000e+00  0.000000e+00  4.292643e-01 -1.292926e+02  4.770271e+00  1  1.2320  5.210609e+10  0.000000e+00  0.000000e+00  4.011979e-01 -9.598733e+01  5.837157e-02  2  1.2320  1.266565e+01  0.000000e+00  0.000000e+00  1.330966e-01 -2.779165e-01  0.000000e+00 
3  9.303404e+00  6.249190e+00  1.534600e+04  3.499695e-01 6 -1.000000e+00  1.464257e+01 1   2.0132  1.819845e-01  4.637282e-02 -1 -1.0000 -1.000000e+00 -1.000000e+00 -1.000000e+00 -1.000000e+00 -1.000000e+00 -1.000000e+00 -1 -1.0000 -1.000000e+00 -1.000000e+00 -1.000000e+00 -1.000000e+00 -1.000000e+00 -1.000000e+00  0  0.8850  9.491692e+11  0.000000e+00  0.000000e+00  1.405175e-01  1.239112e+02  9.435318e+00  1  0.8850  2.988105e+10  0.000000e+00  0.000000e+00  1.981383e-01  9.533704e+01  8.742503e-02  2  0.8850  2.013245e+00  0.000000e+00  0.000000e+00  1.053485e-01  1.397008e+02  0.000000e+00 
3  1.189969e+00  5.393124e-01  4.414400e+04  7.385537e-01 6 -1.000000e+00  2.399527e+00 2   9.2418 -1.572376e-01  5.587533e-01 -1 -1.0000 -1.000000e+00 -1.000000e+00 -1.000000e+00 -1.000000e+00 -1.000000e+00 -1.000000e+00 -1 -1.0000 -1.000000e+00 -1.000000e+00 -1.000000e+00 -1.000000e+00 -1.000000e+00 -1.000000e+00  0  1.2510  6.638055e+12  0.000000e+00  0.000000e+00  2.354436e-01  7.601887e+00  4.153422e+00  1  1.2510  7.060403e+10  0.000000e+00  0.000000e+00  6.329216e-03  3.753021e+00  7.016737e-02  2  1.2510  9.241779e+00  0.000000e+00  0.000000e+00  4.553834e-02 -1.646786e+02  0.000000e+00 
3  1.208324e+00  6.509213e-01  5.044300e+04  1.303081e+00 6  2.934392e-01  1.544539e+00 1  14.4158  6.111749e-01 -1.772999e+00  0  0.7500  1.433195e+12  0.000000e+00  0.000000e+00  2.327642e-02 -1.235467e+02  2.433962e+01  1  0.7500  7.456006e+10  0.000000e+00  0.000000e+00  2.752589e-01 -7.531248e+01  9.357633e-02  2  0.7500  1.682850e+13  2.804665e+01 -2.916611e+01  1.036845e-01 -2.158549e+00  5.321246e+00  3  0.7500  1.255318e+11  2.804665e+01 -2.916611e+01  4.653053e-01  1.137059e+01  1.034571e-01  4  0.7500  1.441580e+01  0.000000e+00  0.000000e+00  2.424579e-01 -2.775022e+01  0.000000e+00 
4  8.870728e-01  1.578407e+00  4.845500e+04  1.275436e+00 6 -1.000000e+00  2.273808e+00 3  12.1072  4.123413e-01  2.995793e-02 -1 -1.0000 -1.000000e+00 -1.000000e+00 -1.000000e+00 -1.000000e+00 -1.000000e+00 -1.000000e+00 -1 -1.0000 -1.000000e+00 -1.000000e+00 -1.000000e+00 -1.000000e+00 -1.000000e+00 -1.000000e+00  0  0.8730  6.792766e+12  0.000000e+00  0.000000e+00  3.017829e-01  9.315879e+01  7.872207e+00  1  0.8730  8.919501e+10  0.000000e+00  0.000000e+00  1.982474e-01  1.716977e+02  7.219355e-02  2  0.8730  1.210725e+01  0.000000e+00  0.000000e+00  1.573857e-01  1.120858e+02  0.000000e+00 
3  3.032930e+00  2.774824e+00  3.717200e+04  4.215899e-01 6 -1.000000e+00  4.408543e+00 1   5.7683  1.148216e-02  2.393824e-01 -1 -1.0000 -1.000000e+00 -1.000000e+00 -1.000000e+00 -1.000000e+00 -1.000000e+00 -1.000000e+00 -1 -1.0000 -1.000000e+00 -1.000000e+00 -1.000000e+00 -1.000000e+00 -1.000000e+00 -1.000000e+00  0  1.3750  1.796031e+12  0.000000e+00  0.000000e+00  4.374842e-02 -1.364119e+02  5.296352e+00  1  1.3750  4.237961e+10  0.000000e+00  0.000000e+00  6.030373e-01 -1.267558e+02  7.036833e-02  2  1.3750  5.768286e+00  0.000000e+00  0.000000e+00  8.622183e-02 -1.178611e+02  0.000000e+00 
1  2.125592e+00  4.474193e+00  2.976900e+04  3.965711e-01 0 -1.000000e+00  4.474193e+00 2   3.9228  1.212375e-01 -2.908527e-02 -1 -1.0000 -1.000000e+00 -1.000000e+00 -1.000000e+00 -1.000000e+00 -1.000000e+00 -1.000000e+00 -1 -1.0000 -1.000000e+00 -1.000000e+00 -1.000000e+00 -1.000000e+00 -1.000000e+00 -1.000000e+00  0  0.3820  8.182733e+11  0.000000e+00  0.000000e+00  3.603393e-01 -6.470798e+01  1.296947e+01  1  0.3820  2.462874e+10  0.000000e+00  0.000000e+00  2.621712e-01 -8.297720e+01  3.987049e-01  2  0.3820  3.922769e+00  0.000000e+00  0.000000e+00  1.223522e-01  6.743711e+01  0.000000e+00 
3  1.964006e+00  1.128193e+00  3.695300e+04  4.528104e-01 6 -1.000000e+00  2.427023e+00 1   5.6087 -4.151959e-01  3.408824e-01 -1 -1.0000 -1.000000e+00 -1.000000e+00 -1.000000e+00 -1.000000e+00 -1.000000e+00 -1.000000e+00 -1 -1.0000 -1.000000e+00 -1.000000e+00 -1.000000e+00 -1.000000e+00 -1.000000e+00 -1.000000e+00  0  0.8230  9.649672e+11  0.000000e+00  0.000000e+00  3.071302e-01  1.348150e+02  7.078257e+00  1  0.8230  5.651739e+10  0.000000e+00  0.000000e+00  7.174153e-01  1.316289e+02  7.539528e-02  2  0.8230  5.608681e+00  0.000000e+00  0.000000e+00  1.396943e-02  3.874215e+01  0.000000e+00 
3  1.859505e+00  1.561280e+00  3.614900e+04  1.286975e+00 6 -1.000000e+00  2.750017e+00 1   5.2655 -5.617920e-01 -1.072636e-01 -1 -1.0000 -1.000000e+00 -1.000000e+00 -1.000000e+00 -1.000000e+00 -1.000000e+00 -1.000000e+00 -1 -1.0000 -1.000000e+00 -1.000000e+00 -1.000000e+00 -1.000000e+00 -1.000000e+00 -1.000000e+00  0  0.2580  8.432131e+12  0.000000e+00  0.000000e+00  3.215190e-01  1.326489e+02  7.267247e+00  1  0.2580  1.286858e+11  0.000000e+00  0.000000e+00  3.119778e-01  1.469680e+02  2.185950e-01  2  0.2580  5.265538e+00  0.000000e+00  0.000000e+00  8.362733e-02 -3.170183e+01  0.000000e+00 
3  1.478218e+00  6.608915e-01  3.599500e+04  2.577479e-01 6 -1.000000e+00  1.901627e+00 1   5.3367  3.221345e-01  5.792991e-02 -1 -1.0000 -1.000000e+00 -1.000000e+00 -1.000000e+00 -1.000000e+00 -1.000000e+00 -1.000000e+00 -1 -1.0000 -1.000000e+00 -1.000000e+00 -1.000000e+00 -1.000000e+00 -1.000000e+00 -1.000000e+00  0  1.5450  1.415312e+12  0.000000e+00  0.000000e+00  3.264509e-01 -1.467207e+02  3.188596e+00  1  1.5450  3.009002e+10  0.000000e+00  0.000000e+00  4.269694e-01 -1.754575e+02  2.053580e-02  2  1.5450  5.336703e+00  0.000000e+00  0.000000e+00  1.083681e-01  1.355042e+02  0.000000e+00 
3  3.793027e-01  6.025108e-01  4.022500e+04  3.830219e-01 6 -1.000000e+00  6.086952e-01 1   6.6694  8.623044e-02 -3.685008e-03 -1 -1.0000 -1.000000e+00 -1.000000e+00 -1.000000e+00 -1.000000e+00 -1.000000e+00 -1.000000e+00 -1 -1.0000 -1.000000e+00 -1.000000e+00 -1.000000e+00 -1.000000e+00 -1.000000e+00 -1.000000e+00  0  2.4310  1.953461e+12  0.000000e+00  0.000000e+00  2.499115e-01 -1.594854e+01  3.603997e+00  1  2.4310  4.287397e+10  0.000000e+00  0.000000e+00  1.601540e-01 -7.168578e+01  4.967282e-02  2  2.4310  6.669390e+00  0.000000e+00  0.000000e+00  1.287307e-01  3.072126e+01  0.000000e+00 
3  2.524140e-01  1.483508e-01  4.993900e+04  6.067579e-01 6  2.821052e-01  3.215208e-01 1  16.5857  6.056144e-02 -9.742126e-01  0  0.9940  6.435878e+11  0.000000e+00  0.000000e+00  2.376309e-01  1.580302e+02  1.686957e+01  1  0.9940  2.517290e+10  0.000000e+00  0.000000e+00  3.708320e-01  1.022264e+02  9.159410e-02  2  0.9940  2.372207e+12 -1.946327e+00 -1.942824e+01  2.408343e-01  1.212292e+02  2.624726e+00  3  0.9940  5.450304e+10 -1.946327e+00 -1.942824e+01  3.328117e-01  1.179652e+02  2.302097e-01  4  0.9940  1.658566e+01  0.000000e+00  0.000000e+00  2.345993e-01  1.398222e+02  0.000000e+00 
2  5.524742e-01  2.825880e-01  5.027300e+04  7.145149e-01 6  2.706432e-01  7.078770e-01 1  16.0469 -9.788228e-01  9.843859e-01  0  2.0640  1.358563e+12  0.000000e+00  0.000000e+00  3.437156e-01 -1.532980e+02  1.013006e+01  1  2.0640  4.260005e+10  0.000000e+00  0.000000e+00  1.659779e-01 -1.506815e+02  2.582554e-02  2  2.0640  7.187482e+12 -2.984981e+00  7.868531e+00  3.449645e-01  3.819942e+01  3.107055e+00  3  2.0640  7.525653e+10 -2.984981e+00  7.868531e+00  2.286348e-01  4.463481e+01  5.648206e-02  4  2.0640  1.604686e+01  0.000000e+00  0.000000e+00  6.835236e-02  2.129588e+01  0.000000e+00 
1  3.523725e+00  6.227141e+00  1.631800e+04  7.898179e-02 0 -1.000000e+00  6.227141e+00 2   2.1138 -4.098457e-02  5.249482e-02 -1 -1.0000 -1.000000e+00 -1.000000e+00 -1.000000e+00 -1.000000e+00 -1.000000e+00 -1.000000e+00 -1 -1.0000 -1.000000e+00 -1.000000e+00 -1.000000e+00 -1.000000e+00 -1.000000e+00 -1.000000e+00  0  0.4310  1.442911e+11  0.000000e+00  0.000000e+00  2.691999e-01 -1.733559e+02  2.252774e+01  1  0.4310  1.311431e+09  0.000000e+00  0.000000e+00  3.169910e-01 -1.597551e+02  9.222017e-02  2  0.4310  2.113803e+00  0.000000e+00  0.000000e+00  6.659180e-02  1.152581e+02  0.000000e+00 
2  3.552563e+00  2.119797e+00  3.722300e+04  3.524509e-01 6 -1.000000e+00  4.681737e+00 1   5.6395  3.254945e-01 -1.405321e-02 -1 -1.0000 -1.000000e+00 -1.000000e+00 -1.000000e+00 -1.000000e+00 -1.000000e+00 -1.000000e+00 -1 -1.0000 -1.000000e+00 -1.000000e+00 -1.000000e+00 -1.000000e+00 -1.000000e+00 -1.000000e+00  0  2.6110  3.269184e+12  0.000000e+00  0.000000e+00  2.577597e-01  5.469436e+00  3.655416e+00  1  2.6110  4.574092e+10  0.000000e+00  0.000000e+00  5.302801e-01 -5.036263e+01  1.657487e-02  2  2.6110  5.639482e+00  0.000000e+00  0.000000e+00  1.166751e-01 -1.646069e+02  0.000000e+00 
3  1.036800e+00  5.154274e-01  4.334700e+04  6.720129e-01 6 -1.000000e+00  1.536907e+00 1   7.5091 -4.070629e-01 -9.097444e-02 -1 -1.0000 -1.000000e+00 -1.000000e+00 -1.000000e+00 -1.000000e+00 -1.000000e+00 -1.000000e+00 -1 -1.0000 -1.000000e+00 -1.000000e+00 -1.000000e+00 -1.000000e+00 -1.000000e+00 -1.000000e+00  0  0.8300  1.168734e+12  0.000000e+00  0.000000e+00  3.475706e-01 -9.697668e+01  6.283112e+00  1  0.8300  4.473573e+10  0.000000e+00  0.000000e+00  3.838095e-01 -9.899488e+01  6.072640e-02  2  0.8300  7.509134e+00  0.000000e+00  0.000000e+00  5.612810e-02 -2.170115e+01  0.000000e+00 
3  2.626666e+00  1.940265e+00  3.236900e+04  7.313117e-01 6 -1.000000e+00  4.057418e+00 1   4.3080  2.126119e-01  2.230832e-01 -1 -1.0000 -1.000000e+00 -1.000000e+00 -1.000000e+00 -1.000000e+00 -1.000000e+00 -1.000000e+00 -1 -1.0000 -1.000000e+00 -1.000000e+00 -1.000000e+00 -1.000000e+00 -1.000000e+00 -1.000000e+00  0  1.3580  2.499420e+12  0.000000e+00  0.000000e+00  2.475319e-01 -6.689175e+01  5.094445e+00  1  1.3580  8.688118e+10  0.000000e+00  0.000000e+00  4.931471e-01 -7.100040e+01  6.652279e-02  2  1.3580  4.308049e+00  0.000000e+00  0.000000e+00  3.957780e-02  6.207200e+01  0.000000e+00 
3  1.064630e+00  9.593438e-01  4.811800e+04  6.449291e-01 6 -1.000000e+00  1.508749e+00 1  12.0789  3.094330e-01  3.997167e-01 -1 -1.0000 -1.000000e+00 -1.000000e+00 -1.000000e+00 -1.000000e+00 -1.000000e+00 -1.000000e+00 -1 -1.0000 -1.000000e+00 -1.000000e+00 -1.000000e+00 -1.000000e+00 -1.000000e+00 -1.000000e+00  0  1.7550  5.172299e+12  0.000000e+00  0.000000e+00  2.042558e-01  5.318014e+01  3.528072e+00  1  1.7550  8.333477e+10  0.000000e+00  0.000000e+00  1.729942e-01  3.405608e+01  2.042080e-01  2  1.7550  1.207894e+01  0.000000e+00  0.000000e+00  1.264637e-01 -1.166994e+02  0.000000e+00 
3  2.163712e+00  1.487365e+00  4.158500e+04  8.279267e-01 6  2.818339e-01  3.527329e+00 1   7.8181 -1.474061e+00  9.421177e-02  0  1.0540  1.490232e+12  0.000000e+00  0.000000e+00  4.056609e-01  5.762249e+01  1.335034e+01  1  1.0540  4.690465e+10  0.000000e+00  0.000000e+00  5.010713e-01  1.182378e+02  4.610501e-02  2  1.0540  7.670864e+12 -3.037104e+01 -4.451399e+00  7.796417e-02  1.652279e+02  3.090300e+00  3  1.0540  8.340699e+10 -3.037104e+01 -4.451399e+00  8.499842e-02  1.939819e+02  3.408020e-01  4  1.0540  7.818102e+00  0.000000e+00  0.000000e+00  1.772512e-01  7.704610e-02  0.000000e+00 
3  1.084386e+00  9.375410e-01  1.456900e+04  7.557347e-01 6 -1.000000e+00  1.461820e+00 1   1.9974 -1.704144e-01  4.935482e-01 -1 -1.0000 -1.000000e+00 -1.000000e+00 -1.000000e+00 -1.000000e+00 -1.000000e+00 -1.000000e+00 -1 -1.0000 -1.000000e+00 -1.000000e+00 -1.000000e+00 -1.000000e+00 -1.000000e+00 -1.000000e+00  0  0.5370  3.646347e+12  0.000000e+00  0.000000e+00  1.401537e-01 -7.473923e+01  7.149356e+00  1  0.5370  7.590732e+10  0.000000e+00  0.000000e+00  7.677400e-01 -6.658108e+01  1.476677e-01  2  0.5370  1.997350e+00  0.000000e+00  0.000000e+00  4.509560e-02  1.391899e+02  0.000000e+00 
3  4.070807e+00  2.257664e+00  2.313100e+04  1.665654e+00 6 -1.000000e+00  6.477533e+00 1   2.9809 -9.717564e-01 -5.305707e-01 -1 -1.0000 -1.000000e+00 -1.000000e+00 -1.000000e+00 -1.000000e+00 -1.000000e+00 -1.000000e+00 -1 -1.0000 -1.000000e+00 -1.000000e+00 -1.000000e+00 -1.000000e+00 -1.000000e+00 -1.000000e+00  0  0.5980  2.046475e+13  0.000000e+00  0.000000e+00  4.776513e-02  8.246460e+01  5.687303e+00  1  0.5980  2.345433e+11  0.000000e+00  0.000000e+00  3.163024e-01  5.504920e+01  1.803977e-01  2  0.5980  2.980943e+00  0.000000e+00  0.000000e+00  1.677118e-01 -9.553624e+01  0.000000e+00 
3  1.614894e+00  2.382242e+00  4.657500e+04  9.345889e-01 6 -1.000000e+00  4.097169e+00 3   9.3186  2.357743e-02 -2.213131e-01 -1 -1.0000 -1.000000e+00 -1.000000e+00 -1.000000e+00 -1.000000e+00 -1.000000e+00 -1.000000e+00 -1 -1.0000 -1.000000e+00 -1.000000e+00 -1.000000e+00 -1.000000e+00 -1.000000e+00 -1.000000e+00  0  1.0280  3.327160e+12  0.000000e+00  0.000000e+00  3.731582e-01  1.109931e+02  5.883569e+00  1  1.0280  6.592817e+10  0.000000e+00  0.000000e+00  4.117331e-01  9.576236e+01  6.686837e-02  2  1.0280  9.318571e+00  0.000000e+00  0.000000e+00  8.693951e-02  8.101237e+01  0.000000e+00 
5  1.274922e+00  2.346054e+00  4.713000e+04  3.469181e+00 6 -1.000000e+00  3.823027e+00 3   9.9001 -7.630859e-01 -1.129533e-02 -1 -1.0000 -1.000000e+00 -1.000000e+00 -1.000000e+00 -1.000000e+00 -1.000000e+00 -1.000000e+00 -1 -1.0000 -1.000000e+00 -1.000000e+00 -1.000000e+00 -1.000000e+00 -1.000000e+00 -1.000000e+00  0  1.1460  5.237829e+13  0.000000e+00  0.000000e+00  3.584647e-01  1.698087e+01  6.167827e+00  1  1.1460  2.298154e+11  0.000000e+00  0.000000e+00  6.291372e-01  4.768768e+01  1.077327e-01  2  1.1460  9.900078e+00  0.000000e+00  0.000000e+00  3.676883e-02  1.750204e+02  0.000000e+00 
1  1.012662e+00  2.916476e+00  5.037000e+04  1.551705e-02 0  2.720322e-01  2.916476e+00 2  15.4255 -3.398656e-02  6.859910e-02  0  2.7220  1.811881e+10  0.000000e+00  0.000000e+00  1.532009e-01  5.148330e+00  1.550234e+01  1  2.7220  1.696950e+07  0.000000e+00  0.000000e+00  3.448316e-01 -1.625800e+01  1.877174e-02  2  2.7220  8.096136e+10 -5.171293e-01  9.922517e-01  2.399891e-01 -1.705155e+02  3.590972e+00  3  2.7220  1.381213e+08 -5.171293e-01  9.922517e-01  2.267191e-01 -1.531822e+02  1.697564e-02  4  2.7220  1.542553e+01  0.000000e+00  0.000000e+00  1.707292e-01 -4.401654e+00  0.000000e+00 
1  1.079094e+00  2.605879e+00  4.423300e+04  5.332761e-01 0  2.883481e-01  2.605879e+00 2   8.2457 -1.510046e+00 -1.791118e-01  0  0.5460  5.610472e+11  0.000000e+00  0.000000e+00  2.404319e-01 -5.863184e+01  1.891065e+01  1  0.5460  2.128061e+10  0.000000e+00  0.000000e+00  5.796396e-01 -2.993512e+01  1.634183e-01  2  0.5460  2.017389e+12 -3.814840e+00  4.338176e-02  2.694087e-01 -8.606048e+01  9.291430e+00  3  0.5460  5.358118e+10 -3.814840e+00  4.338176e-02  5.565098e-01 -4.572306e+01  1.268922e-01  4  0.5460  8.245744e+00  0.000000e+00  0.000000e+00  1.750965e-01  1.057291e+02  0.000000e+00 
3  1.148188e+00  8.870486e-01  4.317600e+04  4.996512e-01 6 -1.000000e+00  2.219695e+00 3   7.3619  8.395078e-02 -2.338650e-01 -1 -1.0000 -1.000000e+00 -1.000000e+00 -1.000000e+00 -1.000000e+00 -1.000000e+00 -1.000000e+00 -1 -1.0000 -1.000000e+00 -1.000000e+00 -1.000000e+00 -1.000000e+00 -1.000000e+00 -1.000000e+00  0  0.8580  2.204496e+12  0.000000e+00  0.000000e+00  1.433555e-01  3.080002e+00  5.456395e+00  1  0.8580  4.898162e+10  0.000000e+00  0.000000e+00  5.480299e-01  4.233968e+01  5.869764e-02  2  0.8580  7.361871e+00  0.000000e+00  0.000000e+00  4.387838e-02 -1.370096e+02  0.000000e+00 
1  3.416798e+00  6.817810e+00  3.547300e+04  2.453438e+00 0 -1.000000e+00  6.817810e+00 2   5.1462 -1.789126e+00 -1.789277e+00 -1 -1.0000 -1.000000e+00 -1.000000e+00 -1.000000e+00 -1.000000e+00 -1.000000e+00 -1.000000e+00 -1 -1.0000 -1.000000e+00 -1.000000e+00 -1.000000e+00 -1.000000e+00 -1.000000e+00 -1.000000e+00  0  1.1100  4.024336e+13  0.000000e+00  0.000000e+00  4.957527e-01  1.153322e+02  5.071933e+00  1  1.1100  2.097010e+11  0.000000e+00  0.000000e+00  3.885926e-01  1.238473e+02  2.791533e-01  2  1.1100  5.146225e+00  0.000000e+00  0.000000e+00  7.398025e-02  1.670112e+02  0.000000e+00 
3  1.244980e+00  1.892319e+00  4.614800e+04  6.024810e-01 6 -1.000000e+00  2.285791e+00 3  10.4238  6.691957e-02 -1.620944e-01 -1 -1.0000 -1.000000e+00 -1.000000e+00 -1.000000e+00 -1.000000e+00 -1.000000e+00 -1.000000e+00 -1 -1.0000 -1.000000e+00 -1.000000e+00 -1.000000e+00 -1.000000e+00 -1.000000e+00 -1.000000e+00  0  0.7460  8.627907e+11  0.000000e+00  0.000000e+00  1.778122e-01 -9.049971e+01  1.183708e+01  1  0.7460  2.618821e+10  0.000000e+00  0.000000e+00  3.753875e-01 -7.528774e+01  7.545136e-02  2  0.7460  1.042380e+01  0.000000e+00  0.000000e+00  7.239385e-02 -7.335280e+01  0.000000e+00 
3  4.817738e+00  3.528878e+00  2.756600e+04  3.281245e-01 6  2.740092e-01  6.788634e+00 1   3.4392  3.072337e-01  8.172593e-02  0  1.8300  8.153371e+11  0.000000e+00  0.000000e+00  2.232150e-01  1.337015e+02  1.246659e+01  1  1.8300  2.754281e+10  0.000000e+00  0.000000e+00  3.769906e-01  1.247735e+02  4.269564e-02  2  1.8300  3.173201e+12  2.157892e+00  2.867793e+00  1.615536e-01  1.568073e+02  3.833065e+00  3  1.8300  7.909396e+10  2.157892e+00  2.867793e+00  4.554804e-01  1.618198e+02  3.552403e-02  4  1.8300  3.439154e+00  0.000000e+00  0.000000e+00  7.737780e-02 -9.308826e+01  0.000000e+00 
3  1.235842e+00  6.945260e-01  4.843700e+04  1.137940e+00 6  2.802536e-01  2.357763e+00 2  11.1431  1.018018e+00  9.900401e-01  0  0.8320  1.876915e+12  0.000000e+00  0.000000e+00  3.511996e-01 -3.598032e+01  1.879425e+01  1  0.8320  5.803243e+10  0.000000e+00  0.000000e+00  2.847782e-01 -4.628063e+01  6.963765e-02  2  0.8320  5.157301e+12  1.301301e+01  5.408113e+00  3.060488e-01 -8.997111e+01  2.892531e+00  3  0.8320  8.224932e+10  1.301301e+01  5.408113e+00  3.118140e-01 -4.230385e+01  1.188335e-01  4  0.8320  1.114312e+01  0.000000e+00  0.000000e+00  1.966057e-01 -1.282714e+00  0.000000e+00 
3  8.397056e-01  5.385540e-01  3.880000e+04  1.969179e-01 6 -1.000000e+00  1.334024e+00 1   6.4820  2.098609e-02  1.273508e-01 -1 -1.0000 -1.000000e+00 -1.000000e+00 -1.000000e+00 -1.000000e+00 -1.000000e+00 -1.000000e+00 -1 -1.0000 -1.000000e+00 -1.000000e+00 -1.000000e+00 -1.000000e+00 -1.000000e+00 -1.000000e+00  0  2.9840  9.948491e+11  0.000000e+00  0.000000e+00  3.259075e-01 -4.608894e+01  2.994800e+00  1  2.9840  1.916888e+10  0.000000e+00  0.000000e+00  3.194755e-01 -1.170826e+02  5.581922e-02  2  2.9840  6.481973e+00  0.000000e+00  0.000000e+00  9.653935e-02 -1.962666e+01  0.000000e+00 
3  2.540904e+00  1.460089e+00  4.021600e+04  7.405344e-01 6  2.793492e-01  3.368296e+00 1   6.6371  4.770838e-01 -7.762593e-01  0  1.1010  2.448233e+12  0.000000e+00  0.000000e+00  4.271464e-01  1.166641e+01  9.736786e+00  1  1.1010  6.361499e+10  0.000000e+00  0.000000e+00  4.507578e-01  5.015394e+00  3.380117e-02  2  1.1010  1.172691e+13  1.422375e+01 -1.195947e+01  3.297304e-01 -1.302379e+02  4.170206e+00  3  1.1010  1.100106e+11  1.422375e+01 -1.195947e+01  2.007265e-01 -1.320523e+02  4.897000e-02  4  1.1010  6.637067e+00  0.000000e+00  0.000000e+00  1.125576e-01  1.518578e+02  0.000000e+00 
3  1.929142e+00  9.424358e-01  3.678900e+04  6.114159e-01 6  2.771210e-01  4.415177e+00 2   5.7853  1.632351e-01 -5.909801e-02  0  1.3880  9.804995e+11  0.000000e+00  0.000000e+00  3.714587e-01  8.615178e+01  9.754406e+00  1  1.3880  5.326280e+10  0.000000e+00  0.000000e+00  3.374527e-01  2.456316e+01  3.751674e-02  2  1.3880  3.728582e+12  2.243422e+00 -7.178049e-01  2.217018e-01 -1.455083e+02  3.382516e+00  3  1.3880  9.025324e+10  2.243422e+00 -7.178049e-01  3.103295e-01 -1.520193e+02  6.457847e-02  4  1.3880  5.785271e+00  0.000000e+00  0.000000e+00  1.555213e-02  9.052456e-01  0.000000e+00 
3  1.095782e+00  1.109382e+00  4.524400e+04  5.750735e-01 6  2.759940e-01  1.508499e+00 1   9.0507  6.757649e-01 -8.182564e-01  0  1.5470  9.345673e+11  0.000000e+00  0.000000e+00  8.408188e-02  1.194377e+02  1.319422e+01  1  1.5470  4.130599e+10  0.000000e+00  0.000000e+00  4.817482e-01  1.486683e+02  4.066450e-02  2  1.5470  3.880695e+12  7.935978e+00 -1.654662e+01  1.203764e-01  2.907888e+00  2.966723e+00  3  1.5470  8.554314e+10  7.935978e+00 -1.654662e+01  3.545756e-01 -5.250119e+01  6.905563e-02  4  1.5470  9.050667e+00  0.000000e+00  0.000000e+00  1.381390e-01  1.756107e+02  0.000000e+00 
1  1.716133e+00  3.511583e+00  3.899900e+04  2.986892e-02 0 -1.000000e+00  3.511583e+00 2   6.1998  6.836883e-03 -3.596112e-03 -1 -1.0000 -1.000000e+00 -1.000000e+00 -1.000000e+00 -1.000000e+00 -1.000000e+00 -1.000000e+00 -1 -1.0000 -1.000000e+00 -1.000000e+00 -1.000000e+00 -1.000000e+00 -1.000000e+00 -1.000000e+00  0  0.8180  1.753083e+11  0.000000e+00  0.000000e+00  5.641869e-01  4.246691e+01  6.061106e+00  1  0.8180  1.573194e+09  0.000000e+00  0.000000e+00  3.753097e-01  4.183742e+01  1.122463e-01  2  0.8180  6.199772e+00  0.000000e+00  0.000000e+00  1.261769e-01  1.534099e+02  0.000000e+00 
3  5.198439e-01  6.215269e-01  4.467300e+04  6.511749e-01 6 -1.000000e+00  9.420959e-01 3   8.1702  1.004040e-01 -3.310730e-02 -1 -1.0000 -1.000000e+00 -1.000000e+00 -1.000000e+00 -1.000000e+00 -1.000000e+00 -1.000000e+00 -1 -1.0000 -1.000000e+00 -1.000000e+00 -1.000000e+00 -1.000000e+00 -1.000000e+00 -1.000000e+00  0  1.5680  2.846978e+12  0.000000e+00  0.000000e+00  1.956261e-01  3.681767e+01  3.858077e+00  1  1.5680  7.085104e+10  0.000000e+00  0.000000e+00  3.172505e-01  6.855525e+01  7.192064e-02  2  1.5680  8.170199e+00  0.000000e+00  0.000000e+00  7.326930e-02  3.631913e+01  0.000000e+00 
3  1.214211e+00  1.031342e+00  3.698400e+04  5.992797e-01 6 -1.000000e+00  1.587236e+00 1   5.7912 -2.922626e-01 -2.208496e-01 -1 -1.0000 -1.000000e+00 -1.000000e+00 -1.000000e+00 -1.000000e+00 -1.000000e+00 -1.000000e+00 -1 -1.0000 -1.000000e+00 -1.000000e+00 -1.000000e+00 -1.000000e+00 -1.000000e+00 -1.000000e+00  0  0.5390  1.617395e+12  0.000000e+00  0.000000e+00  2.492133e-01 -1.079285e+02  4.897226e+00  1  0.5390  5.950380e+10  0.000000e+00  0.000000e+00  1.542149e-02 -9.181504e+01  1.776840e-01  2  0.5390  5.791161e+00  0.000000e+00  0.000000e+00  7.863753e-02 -1.272373e+02  0.000000e+00 
3  3.658604e+00  1.913394e+00  2.726000e+04  2.638882e-01 6 -1.000000e+00  4.501993e+00 1   3.4312  9.748339e-02 -2.601488e-01 -1 -1.0000 -1.000000e+00 -1.000000e+00 -1.000000e+00 -1.000000e+00 -1.000000e+00 -1.000000e+00 -1 -1.0000 -1.000000e+00 -1.000000e+00 -1.000000e+00 -1.000000e+00 -1.000000e+00 -1.000000e+00  0  1.0600  8.175078e+11  0.000000e+00  0.000000e+00  4.086543e-02 -3.541714e+01  4.398085e+00  1  1.0600  2.526546e+10  0.000000e+00  0.000000e+00  2.808552e-01 -4.782607e+01  9.366175e-02  2  1.0600  3.431173e+00  0.000000e+00  0.000000e+00  7.301797e-02  9.711371e+01  0.000000e+00 
1  9.835970e-01  1.799027e+00  4.715700e+04  5.743879e-02 0  2.918075e-01  1.799027e+00 2  10.1088 -1.188720e-01 -1.177377e-02  0  1.2270  2.314094e+10  0.000000e+00  0.000000e+00  1.076271e-01 -1.379667e+02  3.421674e+01  1  1.2270  2.223953e+07  0.000000e+00  0.000000e+00  2.377353e-01 -1.461285e+02  5.814323e-02  2  1.2270  2.191877e+11 -2.848248e+00  1.500455e-01  1.494109e-01  1.464896e+02  1.319891e+01  3  1.2270  1.763203e+09 -2.848248e+00  1.500455e-01  2.039443e-01  1.757501e+02  1.385387e-01  4  1.2270  1.010875e+01  0.000000e+00  0.000000e+00  1.328774e-01 -1.437797e+02  0.000000e+00 
3  5.154554e+00  2.306098e+00  2.580600e+04  5.753950e-01 6 -1.000000e+00  6.599873e+00 1   3.1940  3.960529e-01 -3.624922e-01 -1 -1.0000 -1.000000e+00 -1.000000e+00 -1.000000e+00 -1.000000e+00 -1.000000e+00 -1.000000e+00 -1 -1.0000 -1.000000e+00 -1.000000e+00 -1.000000e+00 -1.000000e+00 -1.000000e+00 -1.000000e+00  0  0.9320  2.730989e+12  0.000000e+00  0.000000e+00  6.055702e-01 -7.354719e+01  6.258172e+00  1  0.9320  5.740004e+10  0.000000e+00  0.000000e+00  1.324635e-01 -1.798108e+01  3.800606e-02  2  0.9320  3.194024e+00  0.000000e+00  0.000000e+00  5.121197e-02 -1.229915e+02  0.000000e+00 
3  2.464345e+00  2.718380e-01  3.840500e+04  1.021752e+00 6  2.650244e-01  5.754421e+00 2   6.3349  1.250000e+00 -4.275563e+00  0  1.6170  3.653747e+12  0.000000e+00  0.000000e+00  2.509734e-01 -1.188080e+02  4.511025e+00  1  1.6170  8.438656e+10  0.000000e+00  0.000000e+00  1.540530e-01 -8.830624e+01  3.876960e-02  2  1.6170  9.751303e+13 -6.647086e-01 -1.384222e+01  4.956869e-01  1.629678e+02  4.781754e+00  3  1.6170  2.121226e+11 -6.647086e-01 -1.384222e+01  3.758053e-01  1.573321e+02  8.647107e-02  4  1.6170  6.334914e+00  0.000000e+00  0.000000e+00  1.086244e-01 -2.518154e+01  0.000000e+00 
1  2.039402e+00  3.772309e+00  4.270900e+04  3.212805e-01 0  2.611798e-01  3.772309e+00 2   7.3774  1.539293e+00  1.506835e-01  0  2.7640  7.878640e+11  0.000000e+00  0.000000e+00  2.701643e-01  3.132503e+01  9.380733e+00  1  2.7640  1.964405e+10  0.000000e+00  0.000000e+00  4.078476e-01  1.234777e+02  9.103812e-02  2  2.7640  1.115871e+13  9.848281e+00  3.092254e+00  1.799667e-01  1.648973e+02  5.837745e+00  3  2.7640  6.401124e+10  9.848281e+00  3.092254e+00  3.539817e-01  2.183844e+02  2.694380e-02  4  2.7640  7.377432e+00  0.000000e+00  0.000000e+00  6.731645e-02  8.465642e+00  0.000000e+00 
2  2.510493e+00  1.379307e+00  3.630300e+04  4.614841e-01 6 -1.000000e+00  3.182972e+00 1   5.4049  1.016010e-01  3.289849e-01 -1 -1.0000 -1.000000e+00 -1.000000e+00 -1.000000e+00 -1.000000e+00 -1.000000e+00 -1.000000e+00 -1 -1.0000 -1.000000e+00 -1.000000e+00 -1.000000e+00 -1.000000e+00 -1.000000e+00 -1.000000e+00  0  1.8060  1.700885e+12  0.000000e+00  0.000000e+00  2.318846e-01 -6.612359e+01  3.280024e+00  1  1.8060  5.419822e+10  0.000000e+00  0.000000e+00  3.805063e-01 -1.202486e+02  2.239295e-02  2  1.8060  5.404856e+00  0.000000e+00  0.000000e+00  1.238381e-01 -6.628425e+01  0.000000e+00 
3  1.662730e+00  9.957207e-01  4.383500e+04  2.529982e-01 6 -1.000000e+00  2.269953e+00 1   8.5452 -1.577609e-01  8.562936e-02 -1 -1.0000 -1.000000e+00 -1.000000e+00 -1.000000e+00 -1.000000e+00 -1.000000e+00 -1.000000e+00 -1 -1.0000 -1.000000e+00 -1.000000e+00 -1.000000e+00 -1.000000e+00 -1.000000e+00 -1.000000e+00  0  1.8390  8.278601e+11  0.000000e+00  0.000000e+00  2.399406e-01 -1.254735e+02  3.084380e+00  1  1.8390  1.804909e+10  0.000000e+00  0.000000e+00  1.591671e-01 -7.521220e+01  5.982857e-02  2  1.8390  8.545169e+00  0.000000e+00  0.000000e+00  1.458626e-01  7.369125e+00  0.000000e+00 
3  9.553061e-01  1.210013e+00  4.911000e+04  6.617762e-01 6 -1.000000e+00  1.553471e+00 1  11.9182  2.903159e-02 -2.043129e-01 -1 -1.0000 -1.000000e+00 -1.000000e+00 -1.000000e+00 -1.000000e+00 -1.000000e+00 -1.000000e+00 -1 -1.0000 -1.000000e+00 -1.000000e+00 -1.000000e+00 -1.000000e+00 -1.000000e+00 -1.000000e+00  0  0.7080  1.354095e+12  0.000000e+00  0.000000e+00  3.406232e-01  1.036705e+02  6.092735e+00  1  0.7080  5.903532e+10  0.000000e+00  0.000000e+00  3.355410e-01  1.330181e+02  5.999813e-02  2  0.7080  1.191815e+01  0.000000e+00  0.000000e+00  1.045572e-01 -1.416364e+02  0.000000e+00 
3  5.293734e-01  4.007187e-01  4.471000e+04  6.261970e-01 6 -1.000000e+00  1.032946e+00 3   9.1413 -2.614583e-01 -1.122970e-01 -1 -1.0000 -1.000000e+00 -1.000000e+00 -1.000000e+00 -1.000000e+00 -1.000000e+00 -1.000000e+00 -1 -1.0000 -1.000000e+00 -1.000000e+00 -1.000000e+00 -1.000000e+00 -1.000000e+00 -1.000000e+00  0  1.6760  2.498161e+12  0.000000e+00  0.000000e+00  2.691762e-01 -4.436468e+01  4.656322e+00  1  1.6760  6.153953e+10  0.000000e+00  0.000000e+00  2.136063e-01 -7.954406e+01  8.343021e-02  2  1.6760  9.141330e+00  0.000000e+00  0.000000e+00  1.011953e-01 -1.074385e+02  0.000000e+00 
1  1.106634e+00  1.974929e+00  3.608400e+04  4.652761e-02 0 -1.000000e+00  1.974929e+00 2   5.3844  6.477666e-03  4.739788e-02 -1 -1.0000 -1.000000e+00 -1.000000e+00 -1.000000e+00 -1.000000e+00 -1.000000e+00 -1.000000e+00 -1 -1.0000 -1.000000e+00 -1.000000e+00 -1.000000e+00 -1.000000e+00 -1.000000e+00 -1.000000e+00  0  2.5890  3.067452e+11  0.000000e+00  0.000000e+00  4.238476e-01 -2.274543e+01  3.732463e+00  1  2.5890  2.016006e+09  0.000000e+00  0.000000e+00  2.288160e-01  9.949842e+00  2.434249e-02  2  2.5890  5.384357e+00  0.000000e+00  0.000000e+00  8.129581e-02  8.411588e+00  0.000000e+00 
3  6.372377e-01  6.006109e-01  4.817400e+04  4.987013e-01 6 -1.000000e+00  8.687868e-01 1  12.7077  2.266595e-01  1.741771e-01 -1 -1.0000 -1.000000e+00 -1.000000e+00 -1.000000e+00 -1.000000e+00 -1.000000e+00 -1.000000e+00 -1 -1.0000 -1.000000e+00 -1.000000e+00 -1.000000e+00 -1.000000e+00 -1.000000e+00 -1.000000e+00  0  0.9790  1.262652e+12  0.000000e+00  0.000000e+00  2.465428e-01 -1.447000e+02  6.451756e+00  1  0.9790  3.461319e+10  0.000000e+00  0.000000e+00  3.432753e-01 -1.314455e+02  3.637429e-02  2  0.9790  1.270769e+01  0.000000e+00  0.000000e+00  1.081465e-01  2.533575e+00  0.000000e+00 
1  3.894080e+00  7.258496e+00  2.477100e+04  2.325616e+00 0  2.809768e-01  7.258496e+00 2   3.0411  2.991693e-01 -1.580326e+00  0  0.5850  9.634468e+12  0.000000e+00  0.000000e+00  3.777390e-02  7.564698e+01  1.575421e+01  1  0.5850  1.164893e+11  0.000000e+00  0.000000e+00  4.804557e-01  7.648454e+01  4.326549e-01  2  0.5850  3.267202e+13  1.072475e+01 -1.448741e+01  3.542870e-01  8.303241e+01  4.307889e+00  3  0.5850  1.956778e+11  1.072475e+01 -1.448741e+01  5.201175e-01  3.576326e+01  5.709799e-01  4  0.5850  3.041087e+00  0.000000e+00  0.000000e+00  4.955211e-02 -7.001872e+01  0.000000e+00 
1  3.085247e+00  6.590576e+00  2.738000e+04  2.830059e-01 0 -1.000000e+00  6.590576e+00 2   3.4281 -5.992129e-02  2.084265e-01 -1 -1.0000 -1.000000e+00 -1.000000e+00 -1.000000e+00 -1.000000e+00 -1.000000e+00 -1.000000e+00 -1 -1.0000 -1.000000e+00 -1.000000e+00 -1.000000e+00 -1.000000e+00 -1.000000e+00 -1.000000e+00  0  0.8910  1.000756e+12  0.000000e+00  0.000000e+00  1.157893e-01 -1.101966e+00  9.051748e+00  1  0.8910  3.019485e+10  0.000000e+00  0.000000e+00  3.935357e-01  4.573983e+00  1.750596e-01  2  0.8910  3.428063e+00  0.000000e+00  0.000000e+00  7.577108e-02 -1.672868e+02  0.000000e+00 
3  9.448359e-01  1.290801e+00  4.933800e+04  2.302991e-01 6 -1.000000e+00  2.087888e+00 3  11.2861 -1.612253e-02  3.093492e-02 -1 -1.0000 -1.000000e+00 -1.000000e+00 -1.000000e+00 -1.000000e+00 -1.000000e+00 -1.000000e+00 -1 -1.0000 -1.000000e+00 -1.000000e+00 -1.000000e+00 -1.000000e+00 -1.000000e+00 -1.000000e+00  0  1.0690  6.194064e+11  0.000000e+00  0.000000e+00  1.857427e-01 -1.766356e+02  6.874537e+00  1  1.0690  1.526181e+10  0.000000e+00  0.000000e+00  4.899683e-01 -1.563499e+02  6.386945e-02  2  1.0690  1.128609e+01  0.000000e+00  0.000000e+00  1.583862e-02 -3.372694e+01  0.000000e+00 
3  6.202755e+00  5.327858e+00  2.040200e+04  1.519787e-01 6 -1.000000e+00  9.862322e+00 1   2.6025  6.737942e-02  1.438949e-02 -1 -1.0000 -1.000000e+00 -1.000000e+00 -1.000000e+00 -1.000000e+00 -1.000000e+00 -1.000000e+00 -1 -1.0000 -1.000000e+00 -1.000000e+00 -1.000000e+00 -1.000000e+00 -1.000000e+00 -1.000000e+00  0  1.5700  8.534673e+11  0.000000e+00  0.000000e+00  1.691752e-01  8.994621e+01  3.611142e+00  1  1.5700  1.692696e+10  0.000000e+00  0.000000e+00  2.078314e-01  8.032674e+01  6.346930e-02  2  1.5700  2.602502e+00  0.000000e+00  0.000000e+00  2.058513e-02 -1.470186e+02  0.000000e+00 
3  2.679284e+00  1.305689e+00  2.770700e+04  3.365838e-01 6 -1.000000e+00  4.700447e+00 2   3.5885 -2.119171e-01 -1.184207e-01 -1 -1.0000 -1.000000e+00 -1.000000e+00 -1.000000e+00 -1.000000e+00 -1.000000e+00 -1.000000e+00 -1 -1.0000 -1.000000e+00 -1.000000e+00 -1.000000e+00 -1.000000e+00 -1.000000e+00 -1.000000e+00  0  2.1750  3.331645e+12  0.000000e+00  0.000000e+00  2.135195e-01 -5.509535e+01  4.195152e+00  1  2.1750  6.608704e+10  0.000000e+00  0.000000e+00  3.377946e-01 -6.143368e+01  9.467156e-02  2  2.1750  3.588501e+00  0.000000e+00  0.000000e+00  4.503849e-02  9.883412e+01  0.000000e+00 
3  1.337443e+00  1.677712e+00  3.582400e+04  6.532939e-01 6 -1.000000e+00  1.969529e+00 1   5.4155  1.151058e-01 -1.599857e-01 -1 -1.0000 -1.000000e+00 -1.000000e+00 -1.000000e+00 -1.000000e+00 -1.000000e+00 -1.000000e+00 -1 -1.0000 -1.000000e+00 -1.000000e+00 -1.000000e+00 -1.000000e+00 -1.000000e+00 -1.000000e+00  0  1.2230  3.232107e+12  0.000000e+00  0.000000e+00  2.456407e-01  5.300204e+01  4.569706e+00  1  1.2230  6.891181e+10  0.000000e+00  0.000000e+00  2.970135e-01  6.907111e+01  9.041994e-02  2  1.2230  5.415508e+00  0.000000e+00  0.000000e+00  2.014768e-01  1.169526e+02  0.000000e+00 
3  1.570650e+00  2.039268e-01  3.627300e+04  9.899847e-01 6 -1.000000e+00  2.770058e+00 2   5.2084 -8.502955e-01 -5.158290e-01 -1 -1.0000 -1.000000e+00 -1.000000e+00 -1.000000e+00 -1.000000e+00 -1.000000e+00 -1.000000e+00 -1 -1.0000 -1.000000e+00 -1.000000e+00 -1.000000e+00 -1.000000e+00 -1.000000e+00 -1.000000e+00  0  1.6200  5.254534e+12  0.000000e+00  0.000000e+00  1.569319e-01  1.317759e+02  9.252745e+00  1  1.6200  5.095126e+10  0.000000e+00  0.000000e+00  3.486304e-01  7.329475e+01  5.011789e-02  2  1.6200  5.208432e+00  0.000000e+00  0.000000e+00  6.994635e-02 -7.025762e+01  0.000000e+00 
3  1.002084e+01  1.362135e+01  8.825000e+03  7.047556e-01 6 -1.000000e+00  1.414643e+01 1   1.4326  3.928856e-01  8.886103e-04 -1 -1.0000 -1.000000e+00 -1.000000e+00 -1.000000e+00 -1.000000e+00 -1.000000e+00 -1.000000e+00 -1 -1.0000 -1.000000e+00 -1.000000e+00 -1.000000e+00 -1.000000e+00 -1.000000e+00 -1.000000e+00  0  0.1610  3.228952e+12  0.000000e+00  0.000000e+00  8.109589e-02  1.757681e+01  6.542832e+00  1  0.1610  6.661098e+10  0.000000e+00  0.000000e+00  3.205053e-01  3.464669e+00  4.373715e-01  2  0.1610  1.432647e+00  0.000000e+00  0.000000e+00  5.040368e-02  2.383883e+01  0.000000e+00 
2  2.285679e+00  3.469869e+00  2.616400e+04  2.893529e+00 6 -1.000000e+00  5.575067e+00 3   3.3090  5.011957e-01 -3.381393e-01 -1 -1.0000 -1.000000e+00 -1.000000e+00 -1.000000e+00 -1.000000e+00 -1.000000e+00 -1.000000e+00 -1 -1.0000 -1.000000e+00 -1.000000e+00 -1.000000e+00 -1.000000e+00 -1.000000e+00 -1.000000e+00  0  0.8290  7.684556e+13  0.000000e+00  0.000000e+00  4.886904e-02 -1.257321e+02  4.787217e+00  1  0.8290  2.795919e+11  0.000000e+00  0.000000e+00  5.238006e-01 -6.537750e+01  1.213469e-01  2  0.8290  3.308987e+00  0.000000e+00  0.000000e+00  1.106948e-01  9.196352e+01  0.000000e+00 
3  9.192338e-01  1.323632e+00  4.369300e+04  1.343120e+01 6 -1.000000e+00  1.439969e+00 1   8.3903  6.924677e+00  2.949667e-01 -1 -1.0000 -1.000000e+00 -1.000000e+00 -1.000000e+00 -1.000000e+00 -1.000000e+00 -1.000000e+00 -1 -1.0000 -1.000000e+00 -1.000000e+00 -1.000000e+00 -1.000000e+00 -1.000000e+00 -1.000000e+00  0  0.5960  2.254164e+14  0.000000e+00  0.000000e+00  5.718683e-01 -8.727257e+01  5.693946e+00  1  0.5960  4.429725e+11  0.000000e+00  0.000000e+00  7.387852e-02 -7.110696e+01  5.233494e-01  2  0.5960  8.390273e+00  0.000000e+00  0.000000e+00  2.438254e-01  9.977547e+01  0.000000e+00 
3  1.421400e+00  1.125840e+00  4.820300e+04  2.639157e-01 6 -1.000000e+00  2.103604e+00 1  11.2759  1.019789e-01 -1.568661e-01 -1 -1.0000 -1.000000e+00 -1.000000e+00 -1.000000e+00 -1.000000e+00 -1.000000e+00 -1.000000e+00 -1 -1.0000 -1.000000e+00 -1.000000e+00 -1.000000e+00 -1.000000e+00 -1.000000e+00 -1.000000e+00  0  0.9650  4.864138e+11  0.000000e+00  0.000000e+00  2.834572e-01  1.182653e+02  1.117334e+01  1  0.9650  9.093653e+09  0.000000e+00  0.000000e+00  1.195366e-01  1.751207e+02  7.916565e-02  2  0.9650  1.127591e+01  0.000000e+00  0.000000e+00  6.677317e-02 -1.081756e+02  0.000000e+00 
5  2.040646e+00  4.083575e+00  4.092800e+04  5.018200e+00 6 -1.000000e+00  7.647919e+00 3   7.2082  2.605670e-01 -7.491483e-01 -1 -1.0000 -1.000000e+00 -1.000000e+00 -1.000000e+00 -1.000000e+00 -1.000000e+00 -1.000000e+00 -1 -1.0000 -1.000000e+00 -1.000000e+00 -1.000000e+00 -1.000000e+00 -1.000000e+00 -1.000000e+00  0  1.0240  1.058424e+14  0.000000e+00  0.000000e+00  3.933597e-01 -1.280061e+02  4.872609e+00  1  1.0240  2.592478e+11  0.000000e+00  0.000000e+00  3.658953e-01 -1.306876e+02  1.982256e-01  2  1.0240  7.208164e+00  0.000000e+00  0.000000e+00  8.052088e-02 -7.059061e+01  0.000000e+00 
3  1.084893e+00  4.892924e-01  4.303800e+04  9.070751e-01 6  2.740010e-01  1.538123e+00 1   7.9155  6.427146e-01 -1.281951e+00  0  1.3940  1.944729e+12  0.000000e+00  0.000000e+00  3.207674e-01 -1.302438e+02  1.112753e+01  1  1.3940  7.016772e+10  0.000000e+00  0.000000e+00  8.049213e-02 -1.355212e+02  3.532512e-02  2  1.3940  4.200959e+12 -2.406425e-01 -6.646844e+00  1.358521e-01  5.322443e+01  1.060667e+01  3  1.3940  4.729483e+10 -2.406425e-01 -6.646844e+00  1.323651e-01  8.333449e+01  7.131114e-02  4  1.3940  7.915496e+00  0.000000e+00  0.000000e+00  3.180950e-02  1.444926e+02  0.000000e+00 
3  2.460895e+00  2.213287e+00  3.941200e+04  4.650141e-01 6 -1.000000e+00  2.980325e+00 1   6.0587  1.732689e-01 -5.006141e-02 -1 -1.0000 -1.000000e+00 -1.000000e+00 -1.000000e+00 -1.000000e+00 -1.000000e+00 -1.000000e+00 -1 -1.0000 -1.000000e+00 -1.000000e+00 -1.000000e+00 -1.000000e+00 -1.000000e+00 -1.000000e+00  0  0.5410  1.083517e+12  0.000000e+00  0.000000e+00  4.640773e-01 -1.793748e+02  5.646206e+00  1  0.5410  4.614970e+10  0.000000e+00  0.000000e+00  2.325656e-01 -1.750758e+02  1.347230e-01  2  0.5410  6.058668e+00  0.000000e+00  0.000000e+00  2.022579e-01 -1.701788e+02  0.000000e+00 
3  7.687961e+00  4.959541e+00  2.573800e+04  1.138479e+00 6 -1.000000e+00  1.154288e+01 1   3.2280 -4.294231e-01 -7.961589e-01 -1 -1.0000 -1.000000e+00 -1.000000e+00 -1.000000e+00 -1.000000e+00 -1.000000e+00 -1.000000e+00 -1 -1.0000 -1.000000e+00 -1.000000e+00 -1.000000e+00 -1.000000e+00 -1.000000e+00 -1.000000e+00  0  0.1240  1.168786e+12  0.000000e+00  0.000000e+00  2.110770e-01  1.425937e+01  2.100701e+01  1  0.1240  7.156279e+10  0.000000e+00  0.000000e+00  2.023191e-01  4.140387e+01  5.150777e-01  2  0.1240  3.228042e+00  0.000000e+00  0.000000e+00  9.842968e-02  1.619326e+02  0.000000e+00 
1  1.883959e+00  3.582192e+00  3.119100e+04  6.865914e-02 0 -1.000000e+00  3.582192e+00 2   4.1785  8.459497e-02  3.789121e-02 -1 -1.0000 -1.000000e+00 -1.000000e+00 -1.000000e+00 -1.000000e+00 -1.000000e+00 -1.000000e+00 -1 -1.0000 -1.000000e+00 -1.000000e+00 -1.000000e+00 -1.000000e+00 -1.000000e+00 -1.000000e+00  0  1.1030  3.196361e+11  0.000000e+00  0.000000e+00  2.943158e-01 -6.470321e+01  7.899612e+00  1  1.1030  2.755608e+09  0.000000e+00  0.000000e+00  5.435809e-01 -1.125500e+02  1.183781e-01  2  1.1030  4.178516e+00  0.000000e+00  0.000000e+00  1.217962e-01 -6.448514e+01  0.000000e+00 
3  4.098299e+00  4.118563e+00  3.096000e+04  2.086796e-01 6 -1.000000e+00  6.203560e+00 1   4.1754 -1.091391e-01  6.437233e-02 -1 -1.0000 -1.000000e+00 -1.000000e+00 -1.000000e+00 -1.000000e+00 -1.000000e+00 -1.000000e+00 -1 -1.0000 -1.000000e+00 -1.000000e+00 -1.000000e+00 -1.000000e+00 -1.000000e+00 -1.000000e+00  0  1.4320  7.393781e+11  0.000000e+00  0.000000e+00  2.835981e-02 -9.246300e+00  7.882085e+00  1  1.4320  1.158936e+10  0.000000e+00  0.000000e+00  4.077335e-01 -4.068623e+01  3.400616e-02  2  1.4320  4.175360e+00  0.000000e+00  0.000000e+00  6.734345e-02  1.311838e+02  0.000000e+00 
1  1.260873e+00  2.256887e+00  4.008000e+04  2.488374e-01 0  2.747268e-01  2.256887e+00 2   7.2429  4.933930e-01 -1.077463e+00  0  1.8950  5.635755e+11  0.000000e+00  0.000000e+00  1.864637e-01 -1.578795e+02  9.102229e+00  1  1.8950  1.063167e+10  0.000000e+00  0.000000e+00  4.159567e-01 -1.389518e+02  5.088771e-02  2  1.8950  3.698265e+12  2.655629e+00 -5.647543e+00  7.605723e-02  2.794403e+01  4.691374e+00  3  1.8950  9.272038e+10  2.655629e+00 -5.647543e+00  2.850790e-01  5.205176e+01  5.203148e-02  4  1.8950  7.242878e+00  0.000000e+00  0.000000e+00  9.329855e-02  6.041791e+00  0.000000e+00 
3  7.954453e+00  3.501787e+00  1.302700e+04  4.689029e-01 6 -1.000000e+00  9.986493e+00 1   1.7735 -1.567710e-01  4.080653e-01 -1 -1.0000 -1.000000e+00 -1.000000e+00 -1.000000e+00 -1.000000e+00 -1.000000e+00 -1.000000e+00 -1 -1.0000 -1.000000e+00 -1.000000e+00 -1.000000e+00 -1.000000e+00 -1.000000e+00 -1.000000e+00  0  0.6210  1.438989e+12  0.000000e+00  0.000000e+00  3.028918e-01  7.201761e+01  4.280434e+00  1  0.6210  4.733351e+10  0.000000e+00  0.000000e+00  7.887338e-02  1.130237e+02  6.354424e-02  2  0.6210  1.773500e+00  0.000000e+00  0.000000e+00  5.191929e-02  4.033521e+01  0.000000e+00 
