# num_image x_src y_src, sep, ein, fr, zs, fs, flag_out, frac_sh_trunc
# x_img, y_img, mag, delay, n_i, kappa, gamma1, gamma2, kappa*
# zmin, zmax, log10Mhmin, log10Mhmax, log10mshmin, log10mshmax, n_bins: 0.10, 3.00, 10.00, 16.00, 9.00, 16.00, 100
1  2.581825e-01 -1.913279e+00  0.000000e+00  4.352286e-01  0.000000e+00  9.096738e+00 0 2  3.206027e-01
 1.306093e+00  5.347070e-01  4.019988e+00  0.000000e+00  0.000000e+00  3.736905e-01 -8.842650e-02 -3.683576e-01  1.496280e-03
3  1.978929e-01  3.288157e-01  1.213582e+00  4.700753e-01  2.059936e-01  9.257423e+00 6 1 -1.000000e+00
 5.621777e-01  7.299026e-01  1.865594e+00  0.000000e+00  0.000000e+00  2.286649e-01  6.699100e-02 -2.333406e-01  1.878501e-02
-1.230158e-01 -2.717415e-01 -3.843004e-01  6.332719e+01  5.000000e-01  8.119683e-01  1.069173e+00 -1.222438e+00  4.139200e-01
-2.134139e-03 -4.364418e-03  2.067749e-04  7.561144e+01  1.000000e+00  7.486295e+01  1.831559e+01 -1.685519e+01  7.377364e+01
1  2.004081e-01 -7.791017e-01  0.000000e+00  1.890653e-01  0.000000e+00  7.985875e+00 0 2  2.899947e-01
-1.473312e-01 -3.684062e-01  3.537495e+00  0.000000e+00  0.000000e+00  4.177257e-01  2.274646e-01 -6.795046e-02  4.613558e-03
3  1.485307e+00  1.327931e-01  1.347911e+00  8.292628e-01  5.575371e-02  3.839884e+00 6 2  2.892244e-01
 2.573230e-01 -1.524012e-01 -3.825707e-01  8.760284e+01  5.000000e-01  1.495566e+00 -7.213556e-01  1.529421e+00  4.355639e-01
-1.058212e+00  1.412510e-01  6.861798e+00  0.000000e+00  0.000000e+00  3.979659e-01 -4.356448e-01  1.640861e-01  1.822324e-02
 1.380215e-02 -6.676266e-03  1.848544e-03  9.400116e+01  1.000000e+00  2.791863e+01 -8.681979e+00  1.040526e+01  2.506098e+01
3  1.186885e-01 -1.849512e-01  1.044941e+00  4.690002e-01  3.469144e-01  2.403542e+00 6 1 -1.000000e+00
 4.096262e-01 -5.657546e-01  2.848386e+00  0.000000e+00  0.000000e+00  2.974295e-01  1.020299e-01  3.634820e-01  1.847241e-02
-1.615826e-01  3.092440e-01 -9.881461e-01  5.826035e+01  5.000000e-01  5.237876e-01  6.081327e-01  9.321743e-01  1.304205e-01
-5.602351e-04  1.049084e-03  4.187339e-05  9.302029e+01  1.000000e+00  1.576304e+02  2.162402e+01  1.356316e+01  1.563123e+02
3 -4.716321e-01 -2.191362e-01  1.890804e+00  9.390524e-01  2.139738e-01  8.476030e+00 6 1 -1.000000e+00
-1.248641e+00 -8.303161e-01  2.255849e+00  0.000000e+00  0.000000e+00  3.198480e-01 -7.692067e-02 -1.157487e-01  3.804666e-03
 3.886942e-01  1.153434e-01 -4.826925e-01  2.281847e+02  5.000000e-01  8.110817e-01 -1.239272e+00 -7.560475e-01  2.055448e-01
 1.762964e-03  5.713371e-04  1.387914e-05  2.822089e+02  1.000000e+00  2.861829e+02 -8.906673e+01 -3.668581e+01  2.843749e+02
3 -7.821877e-02  4.734518e-02  2.659098e-01  9.675062e-02  1.928378e-01  5.711556e+00 6 1 -1.000000e+00
-1.888655e-01  9.573941e-02  2.003122e+00  0.000000e+00  0.000000e+00  2.674844e-01 -1.062690e-01  1.614472e-01  3.583964e-03
 4.487398e-02 -3.104345e-02 -3.862776e-01  1.573126e+01  5.000000e-01  6.304784e-01 -5.539133e-01  1.555165e+00  1.548213e-01
 4.031073e-04 -2.459469e-04  6.831875e-05  1.862156e+01  1.000000e+00  1.220619e+02  2.388803e+00 -3.605423e+00  1.208430e+02
3 -1.057701e+00  9.851218e-02  2.176699e+00  1.209811e+00  1.348283e-01  1.117817e+00 6 1  2.971386e-01
 1.792023e+00  1.111466e-01  2.987624e+00  0.000000e+00  0.000000e+00  3.483691e-01 -2.997695e-01 -6.849457e-03  1.750558e-02
-3.836422e-01  4.405929e-02 -4.028163e-01  6.561554e+01  5.000000e-01  1.567481e+00 -1.616934e+00  4.359837e-01  7.013644e-01
-4.412040e-02  3.889599e-03  7.873813e-03  6.758642e+01  1.000000e+00  1.417081e+01 -6.692912e+00  1.293021e+00  1.245123e+01
1  1.277957e-02 -2.730089e-02  0.000000e+00  2.220808e-02  0.000000e+00  1.198573e+01 0 2  2.859424e-01
-1.857641e-02 -4.388421e-02  4.474085e+00  0.000000e+00  0.000000e+00  5.077535e-01 -7.744247e-02 -1.131366e-01  5.532455e-04
3 -1.686333e-01 -6.549978e-01  1.641331e+00  8.576967e-01  2.422367e-01  5.880443e+00 6 1 -1.000000e+00
-6.191783e-01 -1.259490e+00  1.724781e+00  0.000000e+00  0.000000e+00  1.970770e-01  2.160605e-01 -1.349800e-01  7.987239e-03
-3.978944e-03  2.621858e-01 -4.178053e-01  5.450010e+01  5.000000e-01  1.059784e+00  1.539598e+00 -1.633188e-01  6.095260e-01
-2.520809e-04  3.636804e-02  1.371244e-02  5.571408e+01  1.000000e+00  9.916597e+00  1.942218e+00  1.675410e+00  9.156402e+00
3 -2.872507e-01 -3.848878e-02  1.491956e+00  6.421401e-01  3.507547e-01  1.645871e+00 6 3 -1.000000e+00
-9.263705e-01 -2.753371e-01  3.271780e+00  0.000000e+00  0.000000e+00  2.808186e-01 -4.298373e-01 -1.637612e-01  3.003809e-02
 5.228606e-01  7.915016e-02 -1.147592e+00  5.689467e+01  5.000000e-01  4.461717e-01 -1.068096e+00 -1.931001e-01  1.340876e-01
 2.438236e-03  7.217399e-04  1.296673e-04  9.383602e+01  1.000000e+00  9.004092e+01 -1.279135e-01 -1.470449e+01  8.914687e+01
3 -8.052776e-01 -1.108955e+00  4.878807e+00  1.943538e+00  4.299541e-02  7.539460e+00 6 2 -1.000000e+00
-3.476522e+00 -2.368364e+00  6.295868e+00  0.000000e+00  0.000000e+00  5.266110e-01 -2.614614e-02 -2.541243e-01  3.055930e-03
 3.461939e-01  6.630727e-01 -2.706934e-01  1.061158e+03  5.000000e-01  1.782547e+00  1.032412e+00 -1.800201e+00  8.058468e-01
 1.928524e-02  4.077060e-02  1.223120e-03  1.107912e+03  1.000000e+00  3.675610e+01  1.532716e+01 -1.503317e+01  3.507283e+01
1  3.895314e+00  2.383317e-01  0.000000e+00  2.015750e+00  0.000000e+00  7.460828e+00 0 2  2.734544e-01
 3.760993e+00  1.661445e+00  3.300295e+00  0.000000e+00  0.000000e+00  3.921143e-01 -6.752485e-02 -2.489221e-01  3.729337e-04
3  2.783653e-01 -3.585584e-01  1.072467e+00  5.499818e-01  2.117341e-01  4.892721e+00 6 1  2.776306e-01
-2.350365e-02 -2.245954e-01 -4.614718e-01  1.004956e+02  5.000000e-01  9.461894e-01  1.452043e+00 -2.478866e-01  1.794781e-01
 4.135677e-01  7.547690e-01  2.179487e+00  0.000000e+00  0.000000e+00  2.704876e-01  2.042157e-01 -1.779346e-01  4.630406e-03
-7.715400e-04 -4.029774e-03  3.437570e-04  1.125610e+02  1.000000e+00  5.535009e+01  6.699087e+00 -1.529542e-01  5.276100e+01
3  7.120594e-01  2.411465e-01  1.077772e+00  5.607269e-01  1.017184e-01  3.610328e+00 6 1  2.868722e-01
 7.844543e-01 -3.242599e-01  2.899447e+00  0.000000e+00  0.000000e+00  3.422928e-01 -2.152002e-01  2.034065e-01  3.495632e-02
-2.100888e-01  9.104235e-02 -2.949271e-01  4.667453e+01  5.000000e-01  1.536986e+00 -1.281361e+00  1.427283e+00  8.579958e-01
-1.059360e-02  4.386942e-03  1.102832e-03  5.044275e+01  1.000000e+00  3.864416e+01 -1.609826e+01  1.584842e+01  3.693081e+01
3  2.124796e-01  4.338570e-01  1.165841e+00  4.748944e-01  2.029133e-01  2.865564e+00 6 1 -1.000000e+00
 3.669560e-01  9.018210e-01  1.591954e+00  0.000000e+00  0.000000e+00  1.919169e-01  7.211155e-02 -1.401404e-01  5.478701e-03
-7.116508e-02 -1.785660e-01 -3.230287e-01  1.882833e+02  5.000000e-01  7.096767e-01  1.120637e+00 -1.387142e+00  3.792548e-01
-2.578783e-03 -9.063195e-03  1.416885e-03  1.997528e+02  1.000000e+00  2.792372e+01  3.314517e+00  2.850792e+00  2.732087e+01
3  6.625106e-01  1.053372e+00  1.844483e+00  5.620605e-01  1.958268e-03  7.624296e+00 6 2 -1.000000e+00
 8.853621e-01  1.539176e+00  3.308465e+00  0.000000e+00  0.000000e+00  3.197155e-01  1.641593e-01 -3.654911e-01  3.076620e-04
-2.361709e-02 -6.577741e-02 -6.478860e-03  6.557050e+02  5.000000e-01  5.308797e+00  7.225082e+00 -1.098690e+01  3.571716e+00
-9.462697e-04 -5.698778e-03  4.000637e-05  6.617958e+02  1.000000e+00  1.939070e+02  1.102339e+02 -8.097602e+00  1.909740e+02
1  3.028084e+00 -1.744614e+00  0.000000e+00  7.287094e-01  0.000000e+00  1.069666e+01 0 2  2.965659e-01
 1.488735e+00 -1.901995e+00  3.202118e+00  0.000000e+00  0.000000e+00  3.638635e-01 -2.095836e-01  2.201161e-01  5.384441e-04
3  1.984363e+00  2.942813e-01  1.544725e+00  7.545999e-01  7.493935e-01  2.654575e+00 6 1  3.249559e-01
 1.488799e-01 -1.173685e+00  2.914188e+00  0.000000e+00  0.000000e+00  3.740254e-01  1.855761e-01  1.194025e-01  5.626435e-02
-2.011191e-01  3.308674e-01 -2.183874e+00  1.237044e+01  5.000000e-01  1.019016e+00  2.084937e-01  6.440450e-01  4.776529e-01
-2.914154e-02  6.622343e-02  1.520072e-01  1.279049e+01  1.000000e+00  3.771137e+00  6.164935e-01  8.488235e-01  2.824423e+00
3  8.494716e-02 -7.801082e-02  6.053795e-01  3.258087e-01  9.872408e-01  9.416714e+00 6 1 -1.000000e+00
 2.880641e-01 -3.578547e-01  2.272320e+00  0.000000e+00  0.000000e+00  3.119961e-01  4.684781e-02  1.762835e-01  2.869590e-02
-1.644858e-01  4.424340e-02 -2.243327e+00  7.862282e+00  5.000000e-01  8.956885e-01 -5.994961e-01  3.118521e-01  3.594322e-01
-1.400803e-02  8.325939e-03  5.635964e-02  8.423013e+00  1.000000e+00  5.373742e+00 -1.095279e+00  4.321874e-01  4.329663e+00
3 -3.267655e-01 -2.399279e-01  1.176456e+00  4.517081e-01  1.635593e-01  8.827777e+00 6 1 -1.000000e+00
-7.298694e-01 -6.238866e-01  2.057175e+00  0.000000e+00  0.000000e+00  2.602802e-01 -1.083254e-01 -2.221429e-01  5.920475e-02
 1.565805e-01  1.495829e-01 -3.364701e-01  5.382687e+01  5.000000e-01  1.823601e+00 -2.726651e-01 -1.891033e+00  1.462728e+00
 3.003183e-02  2.992841e-02  1.880146e-02  5.488760e+01  1.000000e+00  1.043253e+01  3.838720e-01 -5.969755e+00  9.891623e+00
3 -1.045025e-01  3.131773e-01  1.273463e+00  7.511072e-01  2.787052e-01  7.157653e+00 6 1 -1.000000e+00
-1.205414e-01  8.706388e-01  2.325979e+00  0.000000e+00  0.000000e+00  2.351802e-01  3.533902e-01  1.736038e-01  7.442413e-03
 1.684897e-01 -3.695905e-01 -6.482625e-01  6.201251e+01  5.000000e-01  3.941007e-01  8.962059e-01  1.051910e+00  7.011350e-02
 2.045091e-04 -4.939412e-04  5.130448e-06  1.054423e+02  1.000000e+00  4.441329e+02 -3.721244e+01  8.202825e+00  4.429464e+02
1 -8.110511e-01  1.834067e+00  0.000000e+00  5.437206e+00  0.000000e+00  3.694676e+00 0 2 -1.000000e+00
-4.227189e+00  7.323750e+00  6.919002e+00  0.000000e+00  0.000000e+00  5.025659e-01  1.356436e-01  2.907094e-01  9.962764e-04
3  2.421302e-02  2.288331e-01  1.029101e+00  4.847979e-01  8.991193e-01  3.725413e+00 6 1 -1.000000e+00
 6.037287e-02 -3.100317e-01 -1.543822e+00  5.524905e+01  5.000000e-01  4.718643e-01  8.964641e-01  3.507458e-01  1.557333e-01
 1.355432e-01  7.163207e-01  1.717038e+00  0.000000e+00  0.000000e+00  2.157748e-01  1.706456e-01 -5.908288e-02  1.182703e-02
 1.819341e-04 -2.209151e-03  1.659039e-04  7.597404e+01  1.000000e+00  8.024814e+01  7.178711e+00  1.418260e+01  7.925492e+01
5 -6.517023e-02  1.738289e-02  1.639622e+00  6.574960e-01  1.000000e+00  1.083760e+01 6 1 -1.000000e+00
 1.832217e-01 -4.449353e-01 -1.103047e+00  3.639579e+01  5.000000e-01  3.779327e-01  8.627471e-01  7.410902e-01  2.215086e-02
-8.862647e-01 -1.231775e-01  2.130590e+00  0.000000e+00  0.000000e+00  3.075919e-01 -8.872941e-02  4.693130e-02  2.022038e-02
 7.226075e-01  1.928784e-01  2.684513e+00  2.108683e+01  0.000000e+00  3.566662e-01 -1.778104e-01 -9.876631e-02  4.487546e-02
 6.285428e-02  5.229420e-01 -1.513229e+00  3.080614e+01  5.000000e-01  3.733738e-01  1.026338e+00  1.136342e-02  2.669012e-02
 1.289853e-04  1.131219e-05  3.356237e-06  1.076644e+02  1.000000e+00  5.975150e+02 -1.635019e+02 -1.764781e+02  5.960115e+02
3 -7.012819e-03 -5.477909e-02  3.802901e-01  2.192623e-01  6.873299e-01  6.938559e+00 6 3 -1.000000e+00
 6.984613e-03 -2.798797e-01  2.499253e+00  0.000000e+00  0.000000e+00  3.450327e-01  1.682761e-01 -2.336227e-02  5.066466e-02
 8.072370e-02  9.319284e-02 -3.636177e+00  2.856161e+00  5.000000e-01  7.808795e-01 -3.824023e-03 -5.683426e-01  3.214874e-01
 1.694737e-03  8.704364e-03  6.713467e-02  3.225277e+00  1.000000e+00  4.885856e+00  2.392008e-01 -3.836976e-01  3.973540e+00
3 -2.312890e-01  2.716884e-01  8.890981e-01  3.692184e-01  1.826162e-01  3.471295e+00 6 1 -1.000000e+00
-5.198775e-01  5.931869e-01  2.006843e+00  0.000000e+00  0.000000e+00  2.662481e-01  1.458058e-02  1.997103e-01  1.074296e-02
 5.813370e-02 -8.238593e-02 -3.664820e-01  5.869706e+01  5.000000e-01  1.866507e+00  5.313028e-01  1.788071e+00  1.215784e+00
 1.936517e-02 -2.801692e-02  5.221730e-02  5.891073e+01  1.000000e+00  6.186628e+00  1.135145e+00  2.542010e+00  5.317277e+00
3 -4.545996e-01 -2.217407e-01  1.402466e+00  6.874991e-01  1.767189e-01  1.266565e+01 6 1 -1.000000e+00
-1.055223e+00 -4.173330e-01  1.560107e+00  0.000000e+00  0.000000e+00  1.886119e-01 -2.115843e-02 -1.300816e-01  7.872322e-03
 2.516048e-01  9.169685e-02 -2.757003e-01  1.175812e+02  5.000000e-01  8.169202e-01 -1.300040e+00 -1.403759e+00  4.130715e-01
 3.512021e-03  9.624135e-04  6.317676e-05  1.347607e+02  1.000000e+00  1.377724e+02 -5.199286e+01 -1.322251e+01  1.366344e+02
3  1.819845e-01  4.637282e-02  6.450178e-01  3.499695e-01  1.821431e-01  2.013245e+00 6 1 -1.000000e+00
-1.558828e-01 -4.967181e-02 -4.511944e-01  2.495831e+01  5.000000e-01  1.007591e+00 -1.125220e+00 -9.748222e-01  5.890516e-01
 4.890480e-01 -3.907787e-02  2.477142e+00  0.000000e+00  0.000000e+00  2.827506e-01 -3.286539e-01 -5.236666e-02  4.565848e-02
-7.869262e-03 -1.817957e-03  2.756860e-03  2.785356e+01  1.000000e+00  2.155877e+01 -7.042859e+00 -3.213959e+00  2.063522e+01
3 -1.572376e-01  5.587533e-01  1.563101e+00  7.385537e-01  5.051606e-02  9.241779e+00 6 2 -1.000000e+00
-4.239468e-01  1.198247e+00  4.066120e+00  0.000000e+00  0.000000e+00  3.967199e-01  2.784375e-01  2.012082e-01  6.580086e-03
 7.561150e-02 -2.828769e-01 -2.054043e-01  1.609903e+02  5.000000e-01  1.065072e+00  1.921103e+00  1.087219e+00  3.567289e-01
 1.068386e-03 -3.819861e-03  7.454175e-05  1.834969e+02  1.000000e+00  1.202524e+02  2.434761e+01  1.459530e+01  1.185883e+02
3  6.111749e-01 -1.772999e+00  2.760191e+00  1.303081e+00  1.776066e-01  1.441580e+01 6 1  2.934392e-01
-2.333223e+00  1.181324e-01  1.633922e+00  0.000000e+00  0.000000e+00  1.914389e-01 -1.495212e-01 -1.392478e-01  3.148960e-03
 4.260252e-01  1.902658e-01 -2.901952e-01  2.652701e+02  5.000000e-01  1.352694e+00 -1.065010e+00 -1.560802e+00  2.820207e-01
 1.030424e-02  3.384833e-03  1.876522e-04  2.838390e+02  1.000000e+00  8.126826e+01 -2.723089e+01 -1.929934e+01  7.593962e+01
4  4.123413e-01  2.995793e-02  2.759409e+00  1.275436e+00  1.000000e+00  1.210725e+01 6 3 -1.000000e+00
 1.194279e+00 -1.351102e+00  3.166061e+00  0.000000e+00  0.000000e+00  4.016819e-01 -1.073608e-01  1.749525e-01  3.652174e-03
 6.605928e-01  1.356207e+00  6.570356e+00  2.803425e+01  0.000000e+00  4.490180e-01  6.136183e-02 -3.842098e-01  8.536929e-03
-6.378683e-01 -9.724386e-02 -5.965126e-01  1.281948e+02  5.000000e-01  9.134494e-01 -1.227583e+00 -4.206441e-01  5.643928e-02
 1.165156e+00  7.025563e-01 -6.508009e+00  3.027245e+01  5.000000e-01  5.480919e-01 -3.572352e-01 -4.798549e-01  8.174026e-03
3  1.148216e-02  2.393824e-01  9.522808e-01  4.215899e-01  3.961691e-01  5.768286e+00 6 1 -1.000000e+00
 8.311693e-02 -2.542162e-01 -8.370395e-01  5.608856e+01  5.000000e-01  6.480328e-01  1.017868e+00  5.315182e-01  1.989266e-01
 1.615141e-01  6.948321e-01  2.112834e+00  0.000000e+00  0.000000e+00  2.810148e-01  1.982580e-01 -6.584534e-02  5.650511e-03
 1.168788e-03 -3.106735e-03  2.957665e-04  6.985846e+01  1.000000e+00  6.537499e+01  4.263882e+00  2.729312e+01  6.411880e+01
1  1.212375e-01 -2.908527e-02  0.000000e+00  3.965711e-01  0.000000e+00  3.922769e+00 0 2 -1.000000e+00
 2.861340e-01 -3.571850e-01  4.430673e+00  0.000000e+00  0.000000e+00  4.153960e-01 -3.059085e-02  3.393033e-01  1.185813e-01
3 -4.151959e-01  3.408824e-01  1.267275e+00  4.528104e-01  2.160821e-01  5.608681e+00 6 1 -1.000000e+00
-7.826174e-01  6.550584e-01  1.527081e+00  0.000000e+00  0.000000e+00  1.526877e-01 -3.462453e-02  2.487878e-01  2.129717e-03
 2.066276e-01 -1.370144e-01 -3.299750e-01  8.062268e+01  5.000000e-01  4.701326e-01 -5.073174e-01  1.747547e+00  1.179260e-01
 2.879207e-03 -1.215294e-03  1.402789e-04  9.209398e+01  1.000000e+00  9.088339e+01 -1.244356e+01 -2.820505e+01  8.982337e+01
3 -5.617920e-01 -1.072636e-01  2.786829e+00  1.286975e+00  3.223227e-01  5.265538e+00 6 1 -1.000000e+00
-1.947746e+00  4.182697e-01  2.187138e+00  0.000000e+00  0.000000e+00  2.644395e-01 -2.847647e-01  5.234187e-02  1.724058e-02
 8.388266e-01  4.561252e-01 -7.049640e-01  6.080417e+01  5.000000e-01  5.983435e-01 -6.803600e-01 -1.056859e+00  2.216630e-01
 4.886516e-03  1.850084e-03  1.121370e-04  9.163886e+01  1.000000e+00  9.859765e+01 -6.995740e+00 -2.363687e+01  9.752104e+01
3  3.221345e-01  5.792991e-02  7.686497e-01  2.577479e-01  1.207841e-01  5.336703e+00 6 1 -1.000000e+00
 6.048845e-01  2.558217e-02  1.654907e+00  0.000000e+00  0.000000e+00  1.778960e-01 -2.437533e-01 -1.103438e-01  2.622082e-03
-1.612028e-01 -3.712903e-02 -1.998864e-01  6.698074e+01  5.000000e-01  4.006277e-01 -2.076517e+00 -1.024777e+00  1.111437e-01
-3.346199e-04 -8.290834e-05  2.520280e-06  8.933963e+01  1.000000e+00  6.344483e+02  6.528270e+01 -1.461343e+01  6.335801e+02
3  8.623044e-02 -3.685008e-03  7.542998e-01  3.830219e-01  9.797829e-01  6.669390e+00 6 1 -1.000000e+00
 4.830604e-01  9.705767e-02  2.523235e+00  0.000000e+00  0.000000e+00  3.089955e-01 -2.805604e-01 -4.956205e-02  3.131356e-02
-2.702799e-01  1.350908e-01 -2.575300e+00  3.727067e+01  5.000000e-01  4.333867e-01 -3.701744e-01  7.565222e-01  9.152003e-02
-5.523408e-04 -4.602270e-06  4.724752e-05  8.033520e+01  1.000000e+00  1.495008e+02 -2.908214e+01 -6.448939e+00  1.482100e+02
3  6.056144e-02 -9.742126e-01  1.303594e+00  6.067579e-01  2.128932e-01  1.658566e+01 6 1  2.821052e-01
 6.892855e-01 -9.285610e-01  1.622525e+00  0.000000e+00  0.000000e+00  2.051209e-01  1.243399e-01 -7.009439e-03  2.827801e-03
 2.589201e-03  1.795029e-01 -3.454246e-01  7.379613e+01  5.000000e-01  1.432805e+00  1.735514e+00 -2.651372e-01  3.292791e-01
-1.893573e-03  1.375046e-02  4.059802e-03  7.581509e+01  1.000000e+00  1.724584e+01  4.174050e+00  4.324714e-01  1.452480e+01
2 -9.788228e-01  9.843859e-01  2.106600e+00  7.145149e-01  1.593646e-01  1.604686e+01 6 1  2.706432e-01
-1.773992e+00 -5.976934e-01  1.641692e+00  0.000000e+00  0.000000e+00  2.184717e-01 -1.113195e-02 -3.917754e-02  3.299429e-04
 2.273413e-01  5.989757e-02 -2.616276e-01  4.332436e+02  5.000000e-01  1.185680e+00 -1.735019e+00 -9.200072e-01  1.363048e-01
1 -4.098457e-02  5.249482e-02  0.000000e+00  7.898179e-02  0.000000e+00  2.113803e+00 0 2 -1.000000e+00
-1.290349e-01  1.364147e-01  3.123010e+00  0.000000e+00  0.000000e+00  4.058514e-01 -1.046304e-02  1.808293e-01  4.518923e-02
2  3.254945e-01 -1.405321e-02  9.991844e-01  3.524509e-01  2.050098e-01  5.639482e+00 6 1 -1.000000e+00
-1.951977e-01  2.366640e-03 -3.560450e-01  1.931596e+02  5.000000e-01  5.494119e-01 -1.705376e+00  3.214905e-01  9.828966e-02
 8.026057e-01  5.488115e-02  1.736722e+00  0.000000e+00  0.000000e+00  2.368364e-01 -6.932411e-02  4.260830e-02  1.930934e-03
3 -4.070629e-01 -9.097444e-02  1.165440e+00  6.720129e-01  1.124708e-01  7.509134e+00 6 1 -1.000000e+00
-8.661105e-01 -1.710046e-01  2.197379e+00  0.000000e+00  0.000000e+00  2.464774e-01 -2.883782e-01 -1.718917e-01  2.023061e-02
 2.799841e-01  4.045828e-02 -2.471411e-01  5.637599e+01  5.000000e-01  8.408510e-01 -1.881081e+00 -7.301603e-01  4.470066e-01
 2.986954e-03  2.715978e-04  5.491650e-05  6.972504e+01  1.000000e+00  1.476496e+02 -5.741041e+01  8.212720e-01  1.465540e+02
3  2.126119e-01  2.230832e-01  1.253731e+00  7.313117e-01  2.286770e-01  4.308049e+00 6 1 -1.000000e+00
 4.841831e-01  7.369189e-01  2.386106e+00  0.000000e+00  0.000000e+00  2.737639e-01  1.320953e-01 -3.014578e-01  1.527087e-02
-3.194456e-01 -2.253816e-01 -5.456476e-01  1.027676e+02  5.000000e-01  6.873768e-01 -3.871498e-01 -1.334366e+00  2.822720e-01
-1.753695e-03 -1.197189e-03  4.237044e-05  1.479494e+02  1.000000e+00  1.712623e+02 -4.482922e+01 -5.812257e+01  1.699520e+02
3  3.094330e-01  3.997167e-01  1.642832e+00  6.449291e-01  4.043101e-01  1.207894e+01 6 1 -1.000000e+00
 8.240226e-01  1.238862e+00  2.008336e+00  0.000000e+00  0.000000e+00  2.924003e-01 -1.192486e-02 -5.128943e-02  8.254644e-03
-9.190719e-02 -1.249451e-01 -8.119906e-01  2.231767e+02  5.000000e-01  2.021573e+00  3.701990e-01 -1.462226e+00  1.265957e+00
-4.816874e-02 -6.720032e-02  2.416497e-01  2.233249e+02  1.000000e+00  3.925512e+00  6.379143e-01 -2.003363e+00  3.032621e+00
3 -1.474061e+00  9.421177e-02  1.627942e+00  8.279267e-01  1.778046e-01  7.818102e+00 6 1  2.818339e-01
-1.256346e+00  2.774686e-01  2.657620e+00  0.000000e+00  0.000000e+00  3.499573e-01 -1.529512e-01  1.512780e-01  2.584901e-03
 2.928247e-01 -2.227941e-01 -4.725370e-01  1.089236e+02  5.000000e-01  9.908276e-01 -1.774258e-01  1.443898e+00  5.029672e-02
 1.218426e-03 -4.013664e-04  1.682211e-05  1.358209e+02  1.000000e+00  2.553848e+02 -6.705416e+01 -2.774480e+01  2.512124e+02
3 -1.704144e-01  4.935482e-01  1.498933e+00  7.557347e-01  4.113321e-01  1.997350e+00 6 1 -1.000000e+00
 6.082776e-02 -2.924878e-01 -7.475031e-01  7.083908e+01  5.000000e-01  5.514600e-01  1.090032e+00  5.922884e-01  1.227914e-01
-4.723577e-01  1.108410e+00  1.817274e+00  0.000000e+00  0.000000e+00  2.306278e-01  1.631327e-01  1.226644e-01  2.654210e-03
 1.244440e-03 -8.176249e-03  1.484746e-03  7.767929e+01  1.000000e+00  2.844029e+01 -4.629973e+00 -7.616864e+00  2.746878e+01
3 -9.717564e-01 -5.305707e-01  3.533383e+00  1.665654e+00  1.214785e-01  2.980943e+00 6 1 -1.000000e+00
-1.764980e+00 -2.373010e+00  2.531969e+00  0.000000e+00  0.000000e+00  3.359407e-01 -1.016170e-01 -1.889423e-01  3.540575e-03
 6.320377e-01  2.229683e-01 -3.075798e-01  3.661886e+02  5.000000e-01  9.368279e-01 -1.399943e+00 -1.138129e+00  2.652412e-01
 9.559172e-03  3.492319e-03  1.623092e-04  4.143597e+02  1.000000e+00  8.134394e+01 -1.702241e+01 -2.075246e+00  7.967996e+01
3  2.357743e-02 -2.213131e-01  1.625751e+00  9.345889e-01  3.380680e-01  9.318571e+00 6 3 -1.000000e+00
 1.090748e-01 -1.076661e+00  2.176123e+00  0.000000e+00  0.000000e+00  2.957918e-01  1.800267e-01  6.298254e-02  4.898539e-03
 2.697003e-01  5.411351e-01 -6.436939e+00  5.782527e+01  5.000000e-01  4.878670e-01  3.313215e-01 -5.548510e-01  3.424172e-02
-6.987469e-05  6.401443e-04  1.808254e-05  1.081622e+02  1.000000e+00  2.375832e+02 -2.539923e+01 -4.951827e+00  2.355348e+02
5 -7.630859e-01 -1.129533e-02  9.687844e+00  3.469181e+00  1.000000e+00  9.900078e+00 6 3 -1.000000e+00
 1.866358e+00 -2.205002e+00 -3.386168e+00  1.476853e+03  5.000000e-01  9.450722e-01  1.993160e-01  5.085364e-01  1.121305e-02
-5.890519e+00 -9.036257e-01  3.004254e+00  0.000000e+00  0.000000e+00  3.949646e-01 -1.695091e-01 -6.688143e-02  1.579689e-04
 3.440360e+00  1.701948e+00  8.991815e+00  1.258836e+03  0.000000e+00  5.928623e-01 -9.861986e-02 -2.117144e-01  3.751447e-04
 1.083794e+00  3.182955e+00 -6.330946e+00  1.307770e+03  5.000000e-01  7.890953e-01  4.021643e-01 -2.017399e-01  5.761570e-04
 3.554417e-03 -1.416171e-03  2.437201e-05  1.898733e+03  1.000000e+00  2.346238e+02 -4.044098e+01  1.091510e+02  2.292751e+02
1 -3.398656e-02  6.859910e-02  0.000000e+00  1.551705e-02  0.000000e+00  1.542553e+01 0 2  2.720322e-01
-2.410546e-02  2.944270e-02  8.294446e+00  0.000000e+00  0.000000e+00  5.446839e-01  2.401228e-01  1.705614e-01  3.766227e-03
1 -1.510046e+00 -1.791118e-01  0.000000e+00  5.332761e-01  0.000000e+00  8.245744e+00 0 2  2.883481e-01
-1.061915e+00 -5.481413e-01  5.831631e+00  0.000000e+00  0.000000e+00  3.714473e-01 -4.196808e-01 -2.178712e-01  7.966367e-03
3  8.395078e-02 -2.338650e-01  1.154501e+00  4.996512e-01  1.597013e-01  7.361871e+00 6 3 -1.000000e+00
 1.235446e-01 -7.591898e-01  3.737325e+00  0.000000e+00  0.000000e+00  3.150767e-01  4.261118e-01  1.413418e-01  2.076744e-02
-1.862461e-01  3.529710e-01 -5.968555e-01  3.683283e+01  5.000000e-01  6.515161e-01  8.540348e-01  1.033205e+00  2.604435e-01
-7.612779e-04  1.257322e-03  2.579994e-05  6.017862e+01  1.000000e+00  2.243980e+02  2.671610e+01  1.021428e+02  2.231048e+02
1 -1.789126e+00 -1.789277e+00  0.000000e+00  2.453438e+00  0.000000e+00  5.146225e+00 0 2 -1.000000e+00
-2.739556e+00 -3.988264e+00  3.981542e+00  0.000000e+00  0.000000e+00  4.179840e-01  1.119830e-01 -2.739407e-01  1.996767e-03
3  6.691957e-02 -1.620944e-01  1.096390e+00  6.024810e-01  6.853556e-01  1.042380e+01 6 3 -1.000000e+00
 2.166899e-01 -7.046556e-01  2.310276e+00  0.000000e+00  0.000000e+00  2.980468e-01  1.990926e-01  1.423085e-01  8.768386e-03
-2.482473e-01  2.882717e-01 -3.370916e+00  2.084137e+01  5.000000e-01  5.432007e-01  7.566649e-02  7.068207e-01  6.321539e-02
-7.372994e-04  1.474168e-03  1.878894e-04  3.153623e+01  1.000000e+00  7.416448e+01 -5.238693e+00  1.821705e+00  7.195445e+01
3  3.072337e-01  8.172593e-02  7.487568e-01  3.281245e-01  2.702144e-01  3.439154e+00 6 1  2.740092e-01
 1.975771e-01 -5.814888e-01  1.985539e+00  0.000000e+00  0.000000e+00  2.722410e-01  1.267938e-01  9.957363e-02  3.319773e-03
-1.672633e-02  1.359447e-01 -5.365214e-01  8.895078e+01  5.000000e-01  9.254668e-01  1.312362e+00  3.835620e-01  2.180754e-01
-3.542912e-04  3.438958e-03  5.202904e-04  9.651756e+01  1.000000e+00  4.584407e+01  8.688831e+00 -3.672995e+00  4.384057e+01
3  1.018018e+00  9.900401e-01  2.070195e+00  1.137940e+00  8.677140e-02  1.114312e+01 6 2  2.802536e-01
 1.512163e+00  7.666937e-01  3.639776e+00  0.000000e+00  0.000000e+00  3.761107e-01 -5.807490e-02 -3.333512e-01  4.460582e-03
-1.872778e-01 -4.155112e-01 -3.158285e-01  1.454788e+02  5.000000e-01  1.373464e+00  1.293175e+00 -1.278065e+00  1.607689e-01
-1.932069e-03 -3.630446e-03  5.798966e-05  1.688082e+02  1.000000e+00  1.409331e+02  1.924470e+01 -4.434469e+01  1.354236e+02
3  2.098609e-02  1.273508e-01  3.576111e-01  1.969179e-01  1.629788e-01  6.481973e+00 6 1 -1.000000e+00
-1.215771e-02 -8.106750e-02 -4.113433e-01  3.266089e+01  5.000000e-01  8.699680e-01  1.432686e+00 -6.287903e-01  5.315215e-01
-1.431654e-02  2.765371e-01  2.523907e+00  0.000000e+00  0.000000e+00  2.506602e-01  3.990332e-01 -7.792056e-02  3.318733e-02
-2.990644e-04 -5.089287e-03  3.856969e-03  3.545268e+01  1.000000e+00  1.750963e+01  3.562094e+00  7.799522e-01  1.691121e+01
3  4.770838e-01 -7.762593e-01  2.096748e+00  7.405344e-01  1.879050e-01  6.637067e+00 6 1  2.793492e-01
-1.733172e+00  3.336578e-01  1.757292e+00  0.000000e+00  0.000000e+00  2.348752e-01 -1.246600e-01  2.861243e-02  5.272577e-04
 3.088307e-01 -1.423417e-01 -3.302041e-01  2.466218e+02  5.000000e-01  8.679065e-01 -1.126388e+00  1.333090e+00  7.680039e-02
 7.283793e-04 -3.929819e-04  2.760314e-06  2.876164e+02  1.000000e+00  6.167998e+02  8.425205e+01  9.916348e+01  6.134257e+02
3  1.632351e-01 -5.909801e-02  1.224337e+00  6.114159e-01  4.556247e-02  5.785271e+00 6 2  2.771210e-01
-9.495397e-01  6.045908e-02  5.238030e+00  0.000000e+00  0.000000e+00  3.970090e-01 -4.074226e-01  8.181369e-02  3.634571e-03
 2.688494e-01 -6.007752e-02 -2.386576e-01  1.199495e+02  5.000000e-01  9.389859e-01 -1.897361e+00  7.706144e-01  1.396289e-01
 9.541541e-04 -3.550757e-04  8.761469e-06  1.533535e+02  1.000000e+00  3.478655e+02 -1.115539e+01  7.781475e+01  3.451518e+02
3  6.757649e-01 -8.182564e-01  1.462679e+00  5.750735e-01  5.408441e-01  9.050667e+00 6 1  2.759940e-01
 1.087087e+00 -2.839165e-01  1.895142e+00  0.000000e+00  0.000000e+00  2.540335e-01 -9.498820e-02  1.406350e-01  1.232463e-03
-3.015916e-01  1.754320e-01 -1.024976e+00  1.315677e+02  5.000000e-01  7.387113e-01 -3.949430e-01  9.422973e-01  3.267752e-02
-9.630815e-04  3.467653e-04  1.994499e-05  1.631419e+02  1.000000e+00  2.267109e+02  1.386514e+00 -2.838290e+01  2.223552e+02
1  6.836883e-03 -3.596112e-03  0.000000e+00  2.986892e-02  0.000000e+00  6.199772e+00 0 2 -1.000000e+00
 4.911668e-02  2.138697e-03  4.187013e+00  0.000000e+00  0.000000e+00  4.920315e-01 -1.311805e-01 -4.460828e-02  2.418134e-01
3  1.004040e-01 -3.310730e-02  1.085648e+00  6.511749e-01  4.352408e-01  8.170199e+00 6 3 -1.000000e+00
-4.011630e-01  2.636700e-01 -1.429466e+00  3.757659e+01  5.000000e-01  5.276414e-01 -2.911911e-01  9.153645e-01  1.320247e-01
 6.830841e-01  2.085430e-01  3.284312e+00  0.000000e+00  0.000000e+00  3.334786e-01 -3.281631e-01 -1.791143e-01  2.943328e-02
-5.803647e-04  2.029208e-04  3.010981e-05  9.395480e+01  1.000000e+00  1.917191e+02 -4.244762e+01  3.688089e+01  1.901941e+02
3 -2.922626e-01 -2.208496e-01  1.306763e+00  5.992797e-01  4.222040e-01  5.791161e+00 6 1 -1.000000e+00
-6.908469e-01 -6.660191e-01  1.708813e+00  0.000000e+00  0.000000e+00  1.958158e-01 -4.310419e-02 -2.442389e-01  4.080950e-02
 3.000895e-01  1.858457e-01 -7.214676e-01  3.637433e+01  5.000000e-01  6.922384e-01 -6.061917e-01 -1.055136e+00  4.496117e-01
 9.931392e-03  7.337299e-03  1.949860e-03  4.217512e+01  1.000000e+00  2.445907e+01 -2.005157e+00 -5.783606e+00  2.392821e+01
3  9.748339e-02 -2.601488e-01  6.154512e-01  2.638882e-01  1.806339e-01  3.431173e+00 6 1 -1.000000e+00
 1.717379e-01 -5.120575e-01  1.514185e+00  0.000000e+00  0.000000e+00  1.700670e-01  1.093740e-01  1.280811e-01  1.922590e-02
-2.013134e-02  7.272143e-02 -2.735131e-01  3.291544e+01  5.000000e-01  1.862673e+00  1.719268e+00  1.201854e+00  1.553017e+00
-5.906079e-03  2.262917e-02  3.328248e-02  3.308820e+01  1.000000e+00  7.434209e+00  3.039709e+00  1.453748e+00  7.028065e+00
1 -1.188720e-01 -1.177377e-02  0.000000e+00  5.743879e-02  0.000000e+00  1.010875e+01 0 2  2.918075e-01
 1.146169e-01 -2.259028e-02  3.345344e+00  0.000000e+00  0.000000e+00  3.677816e-01 -2.224643e-01  2.264659e-01  8.860033e-04
3  3.960529e-01 -3.624922e-01  1.327409e+00  5.753950e-01  1.220912e-01  3.194024e+00 6 1 -1.000000e+00
 6.306761e-01 -8.662398e-01  1.639415e+00  0.000000e+00  0.000000e+00  1.843034e-01  1.176640e-02  2.350511e-01  4.409600e-03
-7.522095e-04  7.612372e-04  6.222881e-06  1.433840e+02  1.000000e+00  4.063926e+02  1.740122e+01  5.781976e+01  4.049992e+02
-2.109466e-01  1.602523e-01 -2.001581e-01  1.156022e+02  5.000000e-01  6.335320e-01 -7.759205e-01  2.127979e+00  2.097373e-01
3  1.250000e+00 -4.275563e+00  3.707957e+00  1.021752e+00  2.231603e-03  6.334914e+00 6 2  2.650244e-01
 3.526139e+00  8.570402e-01  5.452557e+00  0.000000e+00  0.000000e+00  4.446514e-01  2.261489e-01 -2.717876e-01  1.987686e-04
-5.416401e-02 -1.075170e-01 -1.216794e-02  8.835583e+02  5.000000e-01  3.000364e+00  5.966011e+00 -7.112757e+00  1.945695e+00
-1.898309e-03 -3.308724e-03  1.583053e-05  9.011290e+02  1.000000e+00  2.626511e+02  2.727897e+01 -6.743920e+01  2.608679e+02
1  1.539293e+00  1.506835e-01  0.000000e+00  3.212805e-01  0.000000e+00  7.377432e+00 0 2  2.611798e-01
 2.656928e-01 -5.243293e-01  3.421439e+00  0.000000e+00  0.000000e+00  4.002995e-01  1.661289e-01  1.994171e-01  5.183041e-03
2  1.016010e-01  3.289849e-01  9.861595e-01  4.614841e-01  1.877831e-01  5.404856e+00 6 1 -1.000000e+00
 3.111824e-02  7.563598e-01  1.607487e+00  0.000000e+00  0.000000e+00  1.812933e-01  1.774556e-01 -1.292328e-01  3.250259e-03
-9.478200e-02 -2.217300e-01 -3.018589e-01  1.168665e+02  5.000000e-01  3.785255e-01  1.191497e+00 -1.509759e+00  7.296968e-02
3 -1.577609e-01  8.562936e-02  5.319533e-01  2.529982e-01  1.924161e-01  8.545169e+00 6 1 -1.000000e+00
-4.123749e-01  9.577520e-02  1.863760e+00  0.000000e+00  0.000000e+00  2.360934e-01 -1.136761e-01  1.846115e-01  2.751892e-02
 9.719940e-02 -5.689549e-02 -3.586174e-01  2.838133e+01  5.000000e-01  9.420579e-01 -6.086613e-01  1.556077e+00  6.039123e-01
 5.206623e-03 -2.360532e-03  1.858188e-03  3.091963e+01  1.000000e+00  2.547348e+01 -5.861445e+00  5.141562e+00  2.485013e+01
3  2.903159e-02 -2.043129e-01  1.334140e+00  6.617762e-01  6.066991e-01  1.191815e+01 6 1 -1.000000e+00
-8.290219e-02 -8.292266e-01  2.644365e+00  0.000000e+00  0.000000e+00  2.240342e-01  4.728016e-01  2.046883e-02  2.256077e-02
-1.296001e-01  5.040956e-01 -1.604334e+00  2.752437e+01  5.000000e-01  3.182918e-01  8.425405e-01  6.149498e-01  6.006686e-02
 2.235039e-05  4.674802e-04  7.051915e-06  6.466756e+01  1.000000e+00  3.857818e+02  4.083688e+01 -6.770493e+01  3.845187e+02
3 -2.614583e-01 -1.122970e-01  1.153317e+00  6.261970e-01  1.504956e-01  9.141330e+00 6 3 -1.000000e+00
-6.629557e-01 -5.058098e-01  3.807422e+00  0.000000e+00  0.000000e+00  3.742333e-01 -1.683346e-01 -3.171790e-01  2.133271e-02
 3.102581e-01  1.130568e-01 -5.730003e-01  8.779920e+01  5.000000e-01  8.060878e-01 -1.039749e+00 -8.376894e-01  2.745202e-01
 3.531709e-03  1.344045e-03  2.185940e-04  1.129944e+02  1.000000e+00  7.203812e+01 -1.746848e+01 -1.290642e+01  7.052462e+01
1  6.477666e-03  4.739788e-02  0.000000e+00  4.652761e-02  0.000000e+00  5.384357e+00 0 2 -1.000000e+00
 1.868666e-02  8.579407e-02  3.184893e+00  0.000000e+00  0.000000e+00  2.966959e-01  3.955145e-01 -1.556359e-01  6.766139e-02
3  2.266595e-01  1.741771e-01  1.144176e+00  4.987013e-01  4.779253e-01  1.270769e+01 6 1 -1.000000e+00
 7.439468e-01  3.716716e-01  1.858761e+00  0.000000e+00  0.000000e+00  2.355413e-01 -5.529822e-02 -2.081980e-01  4.513518e-03
-2.270522e-01 -2.335554e-01 -8.883488e-01  4.496900e+01  5.000000e-01  4.546949e-01  1.616190e-01 -1.181914e+00  5.842047e-02
-4.250232e-04 -2.711911e-04  5.958484e-06  6.815249e+01  1.000000e+00  4.122806e+02 -2.952428e+01  2.126247e+01  4.106176e+02
1  2.991693e-01 -1.580326e+00  0.000000e+00  2.325616e+00  0.000000e+00  3.041087e+00 0 2  2.809768e-01
-2.488865e+00  2.725526e+00  3.474430e+00  0.000000e+00  0.000000e+00  3.862344e-01  6.891224e-03  2.980666e-01  3.547657e-03
1 -5.992129e-02  2.084265e-01  0.000000e+00  2.830059e-01  0.000000e+00  3.428063e+00 0 2 -1.000000e+00
-2.377782e-01  4.679257e-01  4.563171e+00  0.000000e+00  0.000000e+00  3.777388e-01  2.560493e-01  3.201593e-01  7.618693e-02
3 -1.612253e-02  3.093492e-02  5.327321e-01  2.302991e-01  3.822119e-01  1.128609e+01 6 3 -1.000000e+00
 8.634742e-02 -2.446518e-01 -1.866405e+00  3.716359e+00  5.000000e-01  6.219002e-01  6.718754e-01  4.767939e-01  2.483207e-01
-3.009710e-01  1.211185e-01  4.883168e+00  0.000000e+00  0.000000e+00  3.591732e-01 -3.629363e-01  2.723071e-01  4.892840e-02
 2.938797e-04 -6.126064e-04  2.581670e-04  9.997990e+00  1.000000e+00  6.955170e+01  1.899221e+01  2.156779e+01  6.812498e+01
3  6.737942e-02  1.438949e-02  2.752420e-01  1.519787e-01  2.918415e-01  2.602502e+00 6 1 -1.000000e+00
-8.203886e-02 -8.888899e-03 -7.377957e-01  1.007356e+01  5.000000e-01  8.727581e-01 -1.139548e+00 -2.702020e-01  6.799156e-01
 1.841671e-01  6.105792e-02  2.528070e+00  0.000000e+00  0.000000e+00  2.522230e-01 -3.208220e-01 -2.463433e-01  1.042867e-01
-4.928091e-03 -6.920637e-04  7.839554e-03  1.147796e+01  1.000000e+00  1.312326e+01 -4.352323e+00 -6.873008e-01  1.278528e+01
3 -2.119171e-01 -1.184207e-01  6.213278e-01  3.365838e-01  7.716155e-02  3.588501e+00 6 2 -1.000000e+00
-4.252785e-01 -2.827670e-01  3.077804e+00  0.000000e+00  0.000000e+00  3.138635e-01 -1.733539e-01 -3.403303e-01  5.761210e-02
 9.732563e-02  5.328819e-02 -2.374881e-01  1.087894e+02  5.000000e-01  1.972006e+00 -1.239088e+00 -1.902680e+00  1.532147e+00
 1.750251e-02  9.686969e-03  1.241081e-02  1.110962e+02  1.000000e+00  1.213309e+01 -3.520052e+00 -5.565977e+00  1.148317e+01
3  1.151058e-01 -1.599857e-01  1.324921e+00  6.532939e-01  7.256214e-01  5.415508e+00 6 1 -1.000000e+00
 4.009691e-01 -8.342956e-01  2.168573e+00  0.000000e+00  0.000000e+00  3.092487e-01  8.137450e-02  9.686466e-02  1.632136e-02
-4.013168e-01  2.201011e-01 -1.573563e+00  6.060471e+01  5.000000e-01  5.940534e-01 -6.043613e-01  6.595761e-01  1.752653e-01
-1.417433e-03  1.478286e-03  1.266555e-04  9.480734e+01  1.000000e+00  9.349869e+01 -8.464701e+00  2.426774e+01  9.215197e+01
3 -8.502955e-01 -5.158290e-01  1.952224e+00  9.899847e-01  5.419646e-03  5.208432e+00 6 2 -1.000000e+00
-1.578698e+00 -1.057147e+00  3.110422e+00  0.000000e+00  0.000000e+00  3.461527e-01 -1.519554e-01 -2.879688e-01  6.027627e-04
 1.987866e-02  8.205631e-03  2.813909e-03  5.345357e+02  1.000000e+00  2.835832e+01 -1.388635e+01 -1.415165e+01  2.564046e+01
 4.821862e-02  2.188941e-02 -1.685738e-02  5.342883e+02  5.000000e-01  8.888260e+00 -6.258943e+00 -9.075873e+00  6.689490e+00
3  3.928856e-01  8.886103e-04  1.759739e+00  7.047556e-01  9.271420e-01  1.432647e+00 6 1 -1.000000e+00
-5.535767e-01  8.739390e-02 -1.992901e+00  1.581395e+01  5.000000e-01  5.311160e-01 -8.045957e-01  2.725052e-01  3.602204e-01
 1.205930e+00  1.159824e-01  1.847702e+00  0.000000e+00  0.000000e+00  1.948279e-01 -3.260062e-01 -2.844847e-02  6.369815e-02
-2.261263e-02  6.043628e-04  7.968451e-03  1.900649e+01  1.000000e+00  1.223974e+01 -8.428206e-01  3.555485e-01  1.190432e+01
2  5.011957e-01 -3.381393e-01  5.096174e+00  2.893529e+00  3.873700e-01  3.308987e+00 6 3 -1.000000e+00
 1.477029e+00 -3.620116e+00  5.949352e+00  0.000000e+00  0.000000e+00  5.525116e-01  5.998936e-02  1.690019e-01  5.876013e-04
-1.459460e+00  5.449800e-01 -2.304600e+00  5.156275e+02  5.000000e-01  8.897086e-01 -5.237049e-01  4.145022e-01  1.714467e-02
3  6.924677e+00  2.949667e-01  3.088585e+01  1.343120e+01  8.449436e-01  8.390273e+00 6 1 -1.000000e+00
 1.006582e+01 -1.571654e+01  2.073397e+00  0.000000e+00  0.000000e+00  2.798962e-01 -1.805068e-01  6.055102e-02  1.516025e-04
 1.128057e+01  1.807570e+00 -1.871561e+00  2.793535e+03  5.000000e-01  7.847381e-01 -7.308730e-01 -2.155824e-01  7.763346e-04
 6.741318e+00  1.498987e+01  2.453887e+00  1.369219e+03  0.000000e+00  3.132083e-01 -1.474839e-01 -2.059482e-01  2.403728e-04
3  1.019789e-01 -1.568661e-01  5.687762e-01  2.639157e-01  2.864346e-01  1.127591e+01 6 1 -1.000000e+00
 2.032851e-01 -4.468695e-01  2.190259e+00  0.000000e+00  0.000000e+00  2.884027e-01  8.898038e-02  2.046613e-01  1.681935e-02
-4.272040e-02  6.595368e-02 -6.273660e-01  1.488632e+01  5.000000e-01  1.718629e+00  4.786904e-01  1.371586e+00  9.518015e-01
-1.311681e-02  2.177813e-02  7.823904e-02  1.495833e+01  1.000000e+00  5.479364e+00  1.224303e+00  2.405086e+00  4.374027e+00
5  2.605670e-01 -7.491483e-01  1.092411e+01  5.018200e+00  1.000000e+00  7.208164e+00 6 3 -1.000000e+00
-1.260056e+00 -6.914376e+00  4.004475e+00  0.000000e+00  0.000000e+00  4.766646e-01  1.292061e-01 -8.640103e-02  3.050653e-04
-1.857780e+00  1.829592e+00 -2.874270e+00  1.709665e+03  5.000000e-01  1.178696e+00 -1.107523e-01  6.062843e-01  1.525886e-02
 4.176364e+00  2.560932e+00  1.404595e+01  1.042801e+03  0.000000e+00  6.175388e-01 -1.891069e-01 -1.982933e-01  7.493017e-04
 4.613663e+00  1.036577e-01 -1.259636e+01  1.062252e+03  5.000000e-01  7.389021e-01 -3.835382e-01  2.141619e-02  1.469599e-03
-5.765068e-03  1.057890e-02  2.794397e-04  1.945733e+03  1.000000e+00  6.550618e+01  7.079324e+00  2.307252e+01  6.134238e+01
3  6.427146e-01 -1.281951e+00  2.190184e+00  9.070751e-01  1.011940e-01  7.915496e+00 6 1  2.740010e-01
 1.843159e+00 -3.411957e-01  2.010058e+00  0.000000e+00  0.000000e+00  2.800684e-01 -1.442114e-01 -2.540413e-03  1.048022e-03
-1.183731e-03  3.329193e-04  3.827786e-06  3.929786e+02  1.000000e+00  5.240426e+02 -8.674008e+01  6.929709e+01  5.198171e+02
-3.019102e-01  1.010544e-01 -2.034058e-01  3.465933e+02  5.000000e-01  1.215239e+00 -1.724204e+00  1.410577e+00  1.762112e-01
3  1.732689e-01 -5.006141e-02  1.094733e+00  4.650141e-01  5.515035e-01  6.058668e+00 6 1 -1.000000e+00
 8.233356e-01  1.178541e-02  1.466699e+00  0.000000e+00  0.000000e+00  1.636022e-01 -1.206368e-01  5.661034e-02  2.813393e-02
-2.252279e-01  3.263553e-01 -8.088895e-01  2.008810e+01  5.000000e-01  5.098632e-01  5.508589e-01  1.083075e+00  2.823922e-01
-2.579955e-03  1.020764e-03  3.948747e-04  3.022423e+01  1.000000e+00  5.171027e+01 -2.353382e-01  6.247158e+00  5.105436e+01
3 -4.294231e-01 -7.961589e-01  2.222552e+00  1.138479e+00  1.846098e-01  3.228042e+00 6 1 -1.000000e+00
-1.172302e+00 -1.423008e+00  2.254270e+00  0.000000e+00  0.000000e+00  2.184603e-01  1.459716e-01 -3.819607e-01  4.406155e-02
 1.508100e-01  3.628014e-01 -4.161604e-01  3.268887e+01  5.000000e-01  1.581146e+00  1.162338e+00 -1.178822e+00  1.157370e+00
 4.178474e-02  9.525622e-02  4.703588e-02  3.305621e+01  1.000000e+00  6.275146e+00  1.905630e+00 -1.713293e+00  5.626757e+00
1  8.459497e-02  3.789121e-02  0.000000e+00  6.865914e-02  0.000000e+00  4.178516e+00 0 2 -1.000000e+00
 1.296274e-01  7.362323e-02  3.615388e+00  0.000000e+00  0.000000e+00  3.771341e-01 -1.728877e-01 -2.854405e-01  4.066778e-02
3 -1.091391e-01  6.437233e-02  4.993240e-01  2.086796e-01  4.407675e-01  4.175360e+00 6 1 -1.000000e+00
 1.175507e-01 -5.409120e-02 -1.009914e+00  1.795467e+01  5.000000e-01  6.248082e-01 -6.787481e-01  8.186901e-01  1.218911e-01
-3.033400e-01  2.145637e-01  2.291262e+00  0.000000e+00  0.000000e+00  3.051606e-01 -9.623768e-02  1.926118e-01  6.543200e-03
 1.191511e-03 -5.482177e-04  2.528366e-04  2.218380e+01  1.000000e+00  6.418974e+01 -5.247781e+00 -3.206367e+00  6.273466e+01
1  4.933930e-01 -1.077463e+00  0.000000e+00  2.488374e-01  0.000000e+00  7.242878e+00 0 2  2.747268e-01
 3.457019e-01 -5.226265e-01  3.203885e+00  0.000000e+00  0.000000e+00  3.381111e-01  2.289578e-01  2.712088e-01  8.144171e-03
3 -1.567710e-01  4.080653e-01  9.922959e-01  4.689029e-01  1.229571e-01  1.773500e+00 6 1 -1.000000e+00
-1.970695e-01  7.418663e-01  1.576178e+00  0.000000e+00  0.000000e+00  1.310466e-01  2.714255e-01  2.167078e-01  1.682376e-02
 8.828434e-02 -2.085150e-01 -1.938023e-01  5.015881e+01  5.000000e-01  6.169993e-01  1.563176e+00  1.692061e+00  4.315875e-01
 1.066523e-03 -2.791943e-03  7.890191e-05  6.023208e+01  1.000000e+00  1.155624e+02  1.591055e+01  1.405135e+01  1.151279e+02
